Time AreaA AreaB Total TotalA Invalid VoteA VoteB VoteC VoteD VoteE VoteF TotalB Diff Count
201212191927 충청남도 당진시 297 189 1 63 124 0 0 1 0 188 189 1 		 
201212191933 충청남도 당진시 988 665 4 388 268 0 0 4 1 661 476 2 		 
201212191937 충청남도 당진시 2073 1468 19 915 523 0 0 7 4 1449 803 3 		 
201212191941 충청남도 당진시 4145 2926 24 1858 1028 0 1 8 7 2902 1458 4 		 
201212191942 충청남도 당진시 5080 3615 26 2311 1256 0 1 12 9 3589 689 5 		 
201212191947 충청남도 당진시 7893 5635 31 3255 2321 1 1 15 11 5604 2020 6 		 
201212191954 충청남도 당진시 10004 7140 37 4120 2946 2 5 16 14 7103 1505 7 		 
201212191955 충청남도 당진시 11193 7981 43 4656 3239 2 5 17 19 7938 841 8 		 
201212192000 충청남도 당진시 15157 10781 47 6237 4449 4 6 19 19 10734 2800 9 		 
201212192001 충청남도 당진시 19139 13793 50 7564 6116 4 9 26 24 13743 3012 10 		 
201212192003 충청남도 당진시 24208 17283 57 9280 7871 5 11 33 26 17226 3490 11 		 
201212192010 충청남도 당진시 26432 18887 61 10386 8353 6 12 36 33 18826 1604 12 		 
201212192012 충청남도 당진시 30667 22226 66 12015 10042 6 18 43 36 22160 3339 13 		 
201212192040 충청남도 당진시 34299 24692 75 13606 10895 6 19 46 45 24617 2466 14 		 
201212192041 충청남도 당진시 35305 25425 80 14101 11123 7 19 48 47 25345 733 15 		 
201212192042 충청남도 당진시 37946 27211 89 15167 11832 7 19 49 48 27122 1786 16 		 
201212192044 충청남도 당진시 39756 28501 97 15987 12286 7 19 52 53 28404 1290 17 		 
201212192045 충청남도 당진시 43856 31282 111 17635 13394 8 22 54 58 31171 2781 18 		 
201212192048 충청남도 당진시 46165 32878 118 18672 13939 9 23 55 62 32760 1596 19 		 
201212192050 충청남도 당진시 47558 33897 121 19360 14261 9 23 58 65 33776 1019 20 		 
201212192053 충청남도 당진시 48977 34947 128 20106 14553 9 24 59 68 34819 1050 21 		 
201212192056 충청남도 당진시 51628 36827 136 21155 15366 11 25 60 74 36691 1880 22 		 
201212192101 충청남도 당진시 55284 39381 142 22633 16426 12 27 62 79 39239 2554 23 		 
201212192106 충청남도 당진시 57460 40876 155 23635 16893 14 28 65 86 40721 1495 24 		 
201212192107 충청남도 당진시 58802 41893 156 24314 17219 14 28 69 93 41737 1017 25 		 
201212192108 충청남도 당진시 60725 43311 159 25301 17634 15 28 71 103 43152 1418 26 		 
201212192109 충청남도 당진시 62278 44335 164 25962 17986 16 28 72 107 44171 1024 27 		 
201212192117 충청남도 당진시 65300 46585 166 27042 19142 16 31 77 111 46419 2250 28 		 
201212192120 충청남도 당진시 68046 48539 175 28303 19816 17 31 80 117 48364 1954 29 		 
201212192121 충청남도 당진시 69578 49620 182 29007 20176 17 31 82 125 49438 1081 30 		 
201212192125 충청남도 당진시 72831 52598 226 30361 21729 20 36 86 140 52372 2978 31 		 
201212192126 충청남도 당진시 75872 54641 232 31698 22421 21 38 91 140 54409 2043 32 		 
201212192127 충청남도 당진시 77883 56035 233 32645 22863 21 38 92 143 55802 1394 33 		 
201212192128 충청남도 당진시 81925 58781 239 34175 24067 21 40 92 147 58542 2746 34 		 
201212192131 충청남도 당진시 85087 61013 245 35565 24895 21 40 97 150 60768 2232 35 		 
201212192134 충청남도 당진시 86148 61780 251 36049 25166 22 41 97 154 61529 767 36 		 
201212192136 충청남도 당진시 87347 62630 259 36626 25422 23 42 97 161 62371 850 37 		 
201212192148 충청남도 당진시 90082 64616 266 37843 26166 26 48 101 166 64350 1986 38 		 
201212192156 충청남도 당진시 95697 68490 274 39913 27944 26 50 107 176 68216 3874 39 		 
201212192159 충청남도 당진시 98476 70338 277 41150 28547 26 50 110 178 70061 1848 40 		 
201212192200 충청남도 당진시 100927 72001 285 42235 29107 26 55 111 182 71716 1663 41 		 
201212192201 충청남도 당진시 105455 74964 292 43575 30716 26 57 114 184 74672 2963 42 		 
201212192202 충청남도 당진시 105638 75090 292 43680 30736 26 57 114 185 74798 126 43 		 
201212192203 충청남도 당진시 107243 76298 295 44453 31155 26 59 118 192 76003 1208 44 		 
201212192213 충청남도 당진시 108141 76977 302 44892 31386 26 59 118 194 76675 679 45 		 
201212192216 충청남도 당진시 111311 78910 304 46140 32058 28 61 121 198 78606 1933 46 		 
201212192217 충청남도 당진시 112470 79758 308 46731 32307 29 61 121 201 79450 848 47 		 
201212192219 충청남도 당진시 117368 83159 316 48459 33962 30 62 125 205 82843 3401 48 		 
201212192220 충청남도 당진시 122452 87103 327 50429 35909 33 64 130 211 86776 3944 49 		 
