Area TotalA TotalB Unclassified Pu Mu Invalid Pc Mc
서울특별시-종로구 103195 103189 3105 1447 1134 553 49422 52747 
서울특별시-중구 83102 83095 2742 1272 962 542 40289 41919 
서울특별시-용산구 147868 147849 4513 2229 1561 715 76997 69572 
서울특별시-성동구 185599 185566 4885 2243 1631 970 88658 94239 
서울특별시-광진구 231204 231171 6368 2769 2525 1125 106675 122535 
서울특별시-동대문구 227212 227177 6108 2784 2019 1386 107972 116909 
서울특별시-중랑구 253407 253369 9129 4287 3340 1439 121691 129930 
서울특별시-성북구 295579 295524 9564 4382 3660 1474 134507 158429 
서울특별시-강북구 207963 207927 7789 3410 3150 1187 94488 111470 
서울특별시-도봉구 225258 225230 6473 2908 2376 1147 106932 116266 
서울특별시-노원구 368086 368003 10424 4691 3754 1876 170114 194546 
서울특별시-은평구 300975 300923 11168 4952 4495 1630 135883 162227 
서울특별시-서대문구 196160 196130 6271 2789 2369 1072 88811 105412 
서울특별시-마포구 243073 243026 6022 2625 2289 1174 106921 133849 
서울특별시-양천구 298998 298957 10264 4733 4100 1345 153003 154539 
서울특별시-강서구 350079 350023 11098 5110 4268 1652 162220 184866 
서울특별시-구로구 269131 269094 8199 3139 2558 2913 121884 142048 
서울특별시-금천구 147674 147632 3536 1509 1251 821 66316 79933 
서울특별시-영등포구 246016 245975 8165 3875 3089 1160 118469 125640 
서울특별시-동작구 260353 260307 6451 2778 2431 1304 117525 140443 
서울특별시-관악구 333720 333640 9275 3697 4052 1597 134107 196560 
서울특별시-서초구 270890 270848 8483 4464 2825 1063 158112 110675 
서울특별시-강남구 343292 343220 19298 10726 7188 1470 206160 134873
서울특별시-송파구 419688 419631 9199 4196 3324 1819 217610 198590 
서울특별시-강동구 300414 300362 7692 3566 2702 1357 150764 165071 
부산광역시-중구 29939 29939 1282 894 313 86 19208 10567 
부산광역시-서구 75144 75140 3711 2568 899 271 48129 26426 
부산광역시-동구 62994 62994 4224 2823 1225 179 40262 22338 
부산광역시-영도구 86766 86765 3416 2199 941 297 50903 35314 
부산광역시-부산진구 248253 248245 9922 6668 2690 635 146883 99987 
부산광역시-동래구 178185 178174 5255 3338 1493 460 108913 68881 
부산광역시-남구 185006 184995 5667 3559 1685 470 111769 72244 
부산광역시-북구 196490 196487 10879 6081 4136 566 111611 83710 
부산광역시-해운대구 260075 260066 8877 5339 2779 686 155263 103287 
부산광역시-기장군 67702 67694 1797 1156 416 245 41164 26084 
부산광역시-사하구 215750 215739 6676 3816 1830 700 125386 88444 
부산광역시-금정구 164543 164536 3994 2530 1040 473 100400 63126 
부산광역시-강서구 41321 41319 1418 949 330 144 24560 16494 
부산광역시-연제구 135456 135450 3395 2170 917 350 81370 53294 
부산광역시-수영구 113862 113856 2878 1890 745 276 70698 43059 
부산광역시-사상구 158299 158296 5615 3372 1823 456 88100 69348 
대구광역시-중구 49465 49463 1784 1468 194 127 39910 9282 
대구광역시-동구 221283 221271 10692 8374 1799 668 176179 43659 
대구광역시-서구 143533 143549 6712 5563 734 361 120615 21992 
대구광역시-남구 109084 109075 3179 2596 351 198 88347 20092 
대구광역시-북구 278737 278722 9741 7618 1367 661 220974 56240 
대구광역시-수성구 286510 286479 7744 6041 1072 586 222982 60016 
대구광역시-달서구 382911 382874 10025 7695 1355 897 304535 76363 
대구광역시-달성군 114375 114373 5639 4466 793 427 92161 21290 
인천광역시-중구 55585 55585 1625 926 499 214 30613 24538 
인천광역시-동구 46839 46837 1338 837 364 157 25911 20584 
인천광역시-남구 243697 243682 7806 4749 2438 679 133464 108637 
인천광역시-연수구 172072 172068 4423 2380 1622 491 91538 79429 
인천광역시-남동구 293666 293649 8401 4327 3396 739 148815 143099 
인천광역시-부평구 330430 330418 9094 4840 3481 956 158806 168820 
인천광역시-계양구 197486 197466 5752 2701 2579 554 92670 103499 
인천광역시-서구 262515 262508 7844 4159 3065 709 131340 129603 
인천광역시-강화군 42709 42705 2338 1632 456 241 29666 12534 
인천광역시-옹진군 12903 12903 501 338 82 115 9197 3470 
광주광역시-동구 68402 68402 2230 209 1636 383 6693 61023 
광주광역시-서구 194613 194600 4480 445 3618 497 15648 176053 
광주광역시-남구 137626 137608 4864 478 3817 515 11307 126439 
광주광역시-북구 276959 276928 7696 666 6398 714 20378 255180 
광주광역시-광산구 220879 220876 7494 667 6027 721 15548 204055 
대전광역시-동구 150352 150344 5980 3374 2216 417 77725 71369 
대전광역시-중구 159464 159449 3796 2200 1228 463 85296 73163 
대전광역시-서구 293775 293767 7991 4231 3114 743 144068 148011 
대전광역시-유성구 179328 179329 4266 2157 1747 465 82927 96401 
대전광역시-대덕구 121481 121479 3624 1934 1277 442 62482 59220 
울산광역시-중구 144608 144599 3980 2548 1001 509 90238 53504 
울산광역시-남구 211462 211458 5596 3378 1554 615 129515 80536 
울산광역시-동구 107309 107305 3032 1702 969 398 58969 47392 
울산광역시-북구 107885 107875 3764 1568 883 350 57809 49202 
울산광역시-울주군 123708 123701 4068 2595 907 633 77446 45008 
세종특별자치시-세종특별자치시 64994 64990 1820 1033 557 293 33587 30787 
경기도-수원시장안구 175101 175095 5557 3039 2063 503 85547 88360 
경기도-수원시권선구 192315 192299 5829 3093 2219 584 94970 96064 
경기도-수원시팔달구 121482 121476 3644 2063 1262 355 63992 57146 
경기도-수원시영통구 166746 166741 3986 2002 1632 408 74873 89927 
경기도-성남시수정구 138087 138080 7421 3719 3221 438 62528 74640 
경기도-성남시중원구 147578 147567 6854 3351 2935 516 68109 78261 
경기도-성남시분당구 306351 306328 8046 4209 3014 795 162103 142315 
경기도-의정부시 249251 249229 15087 8140 6200 801 127092 120550 
경기도-안양시만안구 156865 156859 4714 2600 1687 472 76396 79472 
경기도-안양시동안구 221576 221572 5920 2977 2404 583 103793 116389 
경기도-부천시원미구 268019 268007 6474 3127 2707 727 121498 144862 
경기도-부천시소사구 140144 140133 3493 1763 1329 488 64835 74327 
경기도-부천시오정구 109030 109015 3395 1745 1323 349 50291 57987 
경기도-광명시 216931 216922 5806 2785 2380 683 94631 120851 
경기도-평택시 239558 239544 9641 6152 2753 773 135781 101951 
경기도-양주시 111892 111883 6476 3813 2322 387 61889 49301 
경기도-동두천시 52988 52984 2011 1175 552 291 31188 21296 
경기도-안산시상록구 211388 211371 6251 3113 2646 628 97839 111869 
경기도-안산시단원구 184906 184903 8494 4168 3732 533 87893 95849 
경기도-고양시덕양구 235055 235041 8512 4418 3261 768 114871 118515 
경기도-고양시일산동구 167102 167095 6388 3054 2837 448 80435 85504 
경기도-고양시일산서구 171828 171813 6399 3066 2891 418 81992 88785 
경기도-과천시 44854 44853 967 524 290 165 22507 21923 
경기도-의왕시 94575 94567 2285 1227 847 248 45541 48412 
경기도-구리시 113702 113698 3576 1956 1310 336 56748 56219 
경기도-남양주시 335335 335324 10759 5932 3834 1099 171230 160913 
경기도-오산시 106491 106486 4423 2379 1768 290 52301 53507 
경기도-화성시 288726 288704 7500 3999 2600 785 140488 146338 
경기도-시흥시 215674 215666 5398 2710 2130 638 102267 111854 
경기도-군포시 176100 176080 5537 2738 2294 467 80722 94255 
경기도-하남시 88513 88508 2054 1095 667 322 47676 40221 
경기도-파주시 222572 222553 7685 4574 2455 702 113872 106323 
경기도-여주군 62883 62882 2395 1633 458 273 40504 21766 
경기도-이천시 113273 113269 4992 3288 1243 553 66241 45916 
경기도-용인시처인구 118370 118365 4636 2761 1359 460 67598 49628 
경기도-용인시수지구 195881 195876 3968 2157 1451 414 101487 93337 
경기도-용인시기흥구 217012 217011 5700 2850 2362 461 104948 110907 
경기도-안성시 102469 102464 4897 3042 1494 399 57456 43967 
경기도-김포시 164878 164872 5681 3319 1894 488 88962 74859 
경기도-광주시 157831 157805 3908 2146 1212 619 84388 72299 
경기도-포천시 89174 89172 4013 2721 914 386 56633 31751 
경기도-연천군 27718 27716 606 382 157 178 17989 9359 
경기도-양평군 62451 62448 2219 1444 474 324 40862 20857 
경기도-가평군 37319 37316 1720 1082 452 298 24987 11696 
강원도-춘천시 163991 163981 10088 6032 3451 517 93417 69365 
강원도-원주시 182963 182937 4835 2947 1380 565 105702 75943 
강원도-강릉시 129787 129776 4355 2994 941 457 84045 43687 
강원도-동해시 55085 55082 1725 1192 351 164 34253 17005 
강원도-삼척시 44444 44443 1692 1054 295 329 28849 14904 
강원도-태백시 28994 28993 1234 875 268 102 18850 9935 
강원도-정선군 24118 24116 1158 733 275 130 15188 8610 
강원도-속초시 50024 50025 1341 918 304 176 30505 18541 
강원도-고성군 19177 19177 1528 997 433 90 12649 6285 
강원도-양양군 18056 18055 625 385 147 99 12007 5869 
강원도-인제군 19764 19762 812 484 189 133 12156 7320 
강원도-홍천군 42408 42406 1638 1056 351 236 26715 15201 
강원도-횡성군 27725 27723 1281 861 311 147 17876 9502 
강원도-영월군 24854 24853 1113 724 257 124 15516 9031 
강원도-평창군 26084 26084 1189 794 250 130 16406 9381 
강원도-화천군 15229 15228 629 387 142 126 9838 5139 
강원도-양구군 13666 13665 572 369 137 71 8547 4957 
강원도-철원군 28064 28063 979 671 216 103 18289 9536 
충청북도-청주시상당구 136418 136414 5384 2992 1559 371 74192 61436
충청북도-청주시흥덕구 245349 245334 7749 4252 2774 639 124308 120519 
충청북도-충주시 122822 122824 3589 2288 902 399 73561 48264
충청북도-제천시 82754 82747 2724 1745 610 361 50284 31682 
충청북도-단양군 19763 19763 1269 842 284 120 12957 6510 
충청북도-청원군 91248 91243 4102 2348 1380 410 46968 43349 
충청북도-영동군 32044 32044 2152 1428 495 210 20397 11169 
충청북도-보은군 22431 22431 1572 999 390 172 13783 8261 
충청북도-옥천군 34030 34030 1561 1011 343 230 21799 11691 
충청북도-음성군 52945 52943 1989 1197 514 317 30459 21825 
충청북도-진천군 36543 36543 1743 1054 523 161 20614 15560
충청북도-괴산군 24502 24502 1601 1014 390 172 15442 8646 
충청북도-증평군 19576 19576 812 500 227 86 11175 8223 
충청남도-천안시서북구 176362 176358 5966 3215 2274 494 87555 87706
충청남도-천안시동남구 144880 144876 4425 2597 1353 427 78289 65604 
충청남도-공주시 70778 70778 7053 4167 2475 358 40503 30147 
충청남도-보령시 62881 62879 3442 2182 888 342 38636 23773 
충청남도-아산시 154706 154705 6457 4016 1962 500 81388 71388 
충청남도-서산시 92677 92671 5341 3351 1560 449 53072 38595 
충청남도-태안군 38078 38078 1572 987 349 216 24137 13435 
충청남도-금산군 33724 33723 2201 1393 583 198 20470 12883 
충청남도-논산시 74522 74521 3465 1910 1099 419 39225 34312 
충청남도-계룡시 23661 23661 344 193 107 60 13572 9934 
충청남도-당진시 87107 87103 5004 3268 1390 327 50429 35894 
충청남도-부여군 46081 46081 2787 1687 610 448 28696 16461 
충청남도-서천군 36294 36294 2404 1418 687 263 20871 15072 
충청남도-홍성군 52302 52297 4062 2608 1159 249 32170 19814 
충청남도-청양군 20848 20849 1512 1012 324 147 13540 6989 
충청남도-예산군 53169 53169 2695 1921 488 262 37423 15394 
전라북도-전주시완산구 222328 222304 7855 1285 5926 572 27035 193995 
전라북도-전주시덕진구 172455 172431 4109 536 3180 420 20283 151196
전라북도-군산시 164181 164176 5452 944 3987 542 26369 134617 
전라북도-익산시 182357 182350 7842 1175 5683 972 24639 156165 
전라북도-정읍시 73240 73237 4923 548 3855 466 8479 63828 
전라북도-남원시 54224 54221 2634 315 1767 503 6583 46681 
전라북도-김제시 58326 58323 3061 459 2156 384 8185 49430 
전라북도-완주군 53021 53018 2566 385 1881 294 6926 45422 
전라북도-진안군 17389 17388 967 142 656 151 2764 14262 
전라북도-무주군 16095 16095 1085 212 772 149 3470 12290 
전라북도-장수군 15116 15113 820 130 521 139 2236 12567 
전라북도-임실군 19698 19695 861 106 617 176 2386 16884 
전라북도-순창군 19314 19314 1035 106 708 194 2093 16797 
전라북도-고창군 37846 37846 2730 330 1992 304 4328 32729 
전라북도-부안군 36624 36622 1773 273 1171 292 5986 30003 
전라남도-목포시 141371 141368 4449 457 3581 465 11971 128448 
전라남도-여수시 177275 177249 9252 986 6819 1302 15682 159415 
전라남도-순천시 165425 165405 6061 686 4753 631 14638 149210 
전라남도-나주시 57054 57053 2722 258 2027 416 4984 51150 
전라남도-광양시 88095 88097 4699 645 3692 365 12918 74477 
전라남도-담양군 31747 31746 2214 239 1696 244 3084 28099 
전라남도-장성군 29595 29591 1686 187 1247 217 3532 25567 
전라남도-곡성군 20504 20504 1358 168 956 203 2255 17810 
전라남도-구례군 17834 17833 1166 167 837 145 2230 15328 
전라남도-고흥군 47364 47363 3465 385 2510 516 5193 41139 
전라남도-보성군 30151 30149 2504 298 1859 302 3470 26054 
전라남도-화순군 42355 42352 2257 184 1530 498 3685 37696 
전라남도-장흥군 26820 26817 1961 220 1454 245 2808 23468 
전라남도-강진군 24781 24779 1923 243 1430 231 3025 21316 
전라남도-완도군 34118 34116 1543 163 1130 372 3152 30236 
전라남도-해남군 47639 47639 3511 339 2682 540 4747 41882 
전라남도-진도군 20598 20598 1482 145 1083 211 2073 18052 
전라남도-영암군 36083 36081 2376 279 1823 294 3965 31577 
전라남도-무안군 46784 46788 3985 379 3332 319 4230 41849 
전라남도-영광군 35295 35294 2704 350 2013 228 3768 30835 
전라남도-함평군 23430 23428 2040 160 1628 213 1956 20984 
전라남도-신안군 26964 26961 1909 236 1275 295 2970 23357 
경상북도-포항시북구 166173 166166 4468 3450 523 568 130547 33470 
경상북도-포항시남구 155156 155131 5418 4242 656 531 121186 32833 
경상북도-울릉군 32134 32134 2661 2023 215 432 26663 4564
경상북도-경주시 168546 168542 7959 6204 982 783 132579 34357 
경상북도-김천시 88163 88157 4763 3793 458 504 73025 14077  
경상북도-안동시 107235 107233 4725 3690 499 642 85599 21028 
경상북도-구미시 245849 245844 10061 8060 1319 584 198062 47485 
경상북도-영주시 72618 72614 3307 2556 397 339 55360 15393 
경상북도-영천시 56856 56850 3149 2390 356 414 46242 9862 
경상북도-상주시 69900 69898 5005 4057 387 473 58060 10154 
경상북도-문경시 50068 50066 2661 2173 224 349 41763 7609 
경상북도-예천군 32134 32134 2661 2023 215 432 26663 4564 
경상북도-경산시 151432 151392 6178 4493 773 799 118665 30799 
경상북도-청도군 30954 30946 2255 1780 237 250 25625 4850 
경상북도-고령군 23847 23847 1571 1253 147 164 20030 3437 
경상북도-성주군 31021 31019 3052 2540 292 193 26511 4077 
경상북도-칠곡군 71571 71571 2173 1705 222 257 57485 13560 
경상북도-군위군 17849 17848 1275 1041 93 127 15457 2126 
경상북도-의성군 40089 40089 2465 1954 183 262 34294 5167 
경상북도-청송군 18310 18310 1487 1191 156 121 15054 2946 
경상북도-영양군 12321 12321 650 466 67 110 9818 2247 
경상북도-영덕군 27535 27535 2138 1781 168 196 23816 3314 
경상북도-봉화군 23009 23006 1444 1036 145 213 18408 3989 
경상북도-울진군 33222 33221 2991 2416 313 236 26387 6341 
경상남도-창원시의창구 155317 155306 3927 2293 909 754 93834 60126 
경상남도-창원시성산구 150916 150912 3436 1905 1062 518 82487 67332
경상남도-창원시마산합포구 118838 118829 4793 3460 720 628 82970 34690 
경상남도-창원시마산회원구 138404 138388 3800 2519 647 631 91864 45353 
경상남도-창원시진해구 106837 106832 5749 3883 1307 494 68466 37511 
경상남도-진주시 208913 208887 7109 4612 1078 1395 140404 66038 
경상남도-통영시 82124 82118 4021 2705 730 580 56873 24216 
경상남도-고성군 35556 35555 2560 1722 343 439 25076 9673 
경상남도-사천시 70373 70371 3427 2267 480 672 48033 21237 
경상남도-김해시 290650 290612 8879 4796 2575 1372 150925 137369 
경상남도-밀양시 69427 69417 4076 2733 662 664 47709 20591 
경상남도-거제시 130165 130166 3860 2230 816 810 71757 57003 
경상남도-의령군 19433 19431 1644 1031 182 376 13848 4904 
경상남도-함안군 42213 42208 2313 1464 397 401 28681 12748 
경상남도-창녕군 40696 40692 2809 1913 358 492 29793 10046 
경상남도-양산시 158896 158887 8299 4926 2684 732 93167 64467 
경상남도-하동군 34058 34056 2606 1531 492 591 21848 11193 
경상남도-남해군 32092 32090 2069 1242 331 454 21551 9756 
경상남도-함양군 26501 26500 1307 785 155 375 18736 7014 
경상남도-산청군 23739 23738 2147 1358 322 402 16979 5996 
경상남도-거창군 40104 40103 1440 886 149 509 28726 10466
경상남도-합천군 33586 33586 2841 1835 318 623 25313 7114 
제주특별자치도-제주시 241566 241552 9340 4942 3160 1066 119563 119522 
제주특별자치도-서귀포시 89417 89415 3612 1883 1166 566 46621 41613 
