Time AreaA AreaB Total TotalA Invalid VoteA VoteB VoteC VoteD VoteE VoteF TotalB Diff Count
201212191922 강원도 양양군 2471 1862 3 1227 628 0 0 3 1 1859 1862 1 		 
201212191925 강원도 양양군 3687 2811 8 1824 971 0 0 4 4 2803 949 2 		 
201212191926 강원도 양양군 4538 3470 11 2265 1184 0 1 4 5 3459 659 3 		 
201212191927 강원도 양양군 4917 3722 15 2421 1276 0 1 4 5 3707 252 4 		 
201212191930 강원도 양양군 5385 4075 16 2655 1391 1 2 4 6 4059 353 5 		 
201212191936 강원도 양양군 6601 4956 19 3272 1647 1 2 7 8 4937 881 6 		 
201212191942 강원도 양양군 7684 5781 26 3849 1877 1 2 9 17 5755 825 7 		 
201212191945 강원도 양양군 9172 6898 29 4635 2200 2 2 11 19 6869 1117 8 		 
201212191947 강원도 양양군 10095 7605 32 5112 2426 2 2 11 20 7573 707 9 		 
201212191950 강원도 양양군 11036 8462 52 5554 2817 2 4 12 21 8410 857 10 		 
201212191951 강원도 양양군 11370 8715 53 5721 2901 2 4 12 22 8662 253 11 		 
201212191952 강원도 양양군 12608 9654 66 6397 3141 4 5 13 28 9588 939 12 		 
201212191953 강원도 양양군 13055 9983 69 6608 3254 4 5 13 30 9914 329 13 		 
201212191954 강원도 양양군 13836 10592 70 6992 3476 4 6 14 30 10522 609 14 		 
201212191956 강원도 양양군 14232 10907 70 7214 3569 4 6 14 30 10837 315 15 		 
201212191958 강원도 양양군 14680 11266 77 7444 3687 5 6 14 33 11189 359 16 		 
201212192002 강원도 양양군 15773 12089 84 8040 3901 5 6 15 38 12005 823 17 		 
201212192004 강원도 양양군 15856 12149 84 8069 3932 5 6 15 38 12065 60 18 		 
201212192024 강원도 양양군 16691 12800 85 8500 4151 5 6 15 38 12715 651 19 		 
201212192029 강원도 양양군 20096 15362 90 10122 5080 7 6 17 40 15272 2562 20 		 
201212192030 강원도 양양군 20850 15944 91 10509 5274 7 6 17 40 15853 582 21 		 
201212192031 강원도 양양군 21463 16422 95 10831 5424 8 7 17 40 16327 478 22 		 
201212192037 강원도 양양군 22098 16904 97 11169 5560 8 7 19 44 16807 482 23 		 
201212192040 강원도 양양군 23584 18055 99 12007 5869 9 7 19 45 17956 1151 24 		 
