Time AreaA AreaB Total TotalA Invalid VoteA VoteB VoteC VoteD VoteE VoteF TotalB Diff Count
201212191919 강원도 원주시 1241 915 8 613 291 1 1 0 1 907 915 1 		 
201212191920 강원도 원주시 2255 1671 10 1105 550 1 1 1 3 1661 756 2 		 
201212191929 강원도 원주시 4621 3291 12 2036 1224 1 4 9 5 3279 1620 3 		 
201212191930 강원도 원주시 6385 4481 13 2886 1554 2 4 13 9 4468 1190 4 		 
201212191932 강원도 원주시 9560 6793 18 4332 2412 2 4 16 9 6775 2312 5 		 
201212191936 강원도 원주시 12667 8681 22 5497 3125 2 5 18 12 8659 1888 6 		 
201212191937 강원도 원주시 15970 11057 28 6977 4006 2 6 21 17 11029 2376 7 		 
201212191938 강원도 원주시 19401 13901 32 8357 5458 2 7 28 17 13869 2844 8 		 
201212191940 강원도 원주시 23350 16914 37 10072 6741 3 12 31 18 16877 3013 9 		 
201212191941 강원도 원주시 25822 18743 41 11161 7467 5 13 34 22 18702 1829 10 		 
201212191943 강원도 원주시 28743 20687 46 12542 8013 5 14 41 26 20641 1944 11 		 
201212191945 강원도 원주시 33058 24004 57 14390 9458 5 16 45 33 23947 3317 12 		 
201212191946 강원도 원주시 37706 27097 65 16356 10558 7 18 49 44 27032 3093 13 		 
201212191948 강원도 원주시 45290 32571 78 19367 12996 7 21 52 50 32493 5474 14 		 
201212191950 강원도 원주시 49681 35725 85 21092 14413 8 22 53 52 35640 3154 15 		 
201212191952 강원도 원주시 52466 37731 92 22394 15104 9 23 57 52 37639 2006 16 		 
201212191953 강원도 원주시 55425 39772 94 23719 15807 9 25 62 56 39678 2041 17 		 
201212191957 강원도 원주시 59895 43115 102 25600 17252 10 26 67 58 43013 3343 18 		 
201212192004 강원도 원주시 64814 46519 107 27351 18890 11 29 71 60 46412 3404 19 		 
201212192007 강원도 원주시 71739 51638 121 30421 20912 13 33 76 62 51517 5119 20 		 
201212192015 강원도 원주시 76446 55136 126 32139 22676 14 33 85 63 55010 3498 21 		 
201212192018 강원도 원주시 80245 57809 129 33675 23803 14 33 91 64 57680 2673 22 		 
201212192019 강원도 원주시 83104 59952 130 34654 24960 15 34 94 65 59822 2143 23 		 
201212192020 강원도 원주시 89877 64998 136 37115 27523 15 36 103 70 64862 5046 24 		 
201212192023 강원도 원주시 94499 68439 144 39245 28815 15 38 109 73 68295 3441 25 		 
201212192033 강원도 원주시 96044 69612 156 40038 29159 17 46 112 84 69456 1173 26 		 
201212192040 강원도 원주시 97106 70388 160 40553 29412 18 46 112 87 70228 776 27 		 
201212192041 강원도 원주시 99857 72647 164 41575 30636 20 46 119 87 72483 2259 28 		 
201212192043 강원도 원주시 103165 74774 172 42874 31450 20 47 123 88 74602 2127 29 		 
201212192044 강원도 원주시 107969 78202 181 45007 32725 20 50 127 92 78021 3428 30 		 
201212192050 강원도 원주시 109156 79097 185 45622 32997 20 50 128 95 78912 895 31 		 
201212192051 강원도 원주시 118760 86330 198 49542 36270 21 56 142 101 86132 7233 32 		 
201212192053 강원도 원주시 125381 91148 208 52287 38315 22 56 146 114 90940 4818 33 		 
201212192054 강원도 원주시 130246 94529 226 54165 39787 24 57 151 119 94303 3381 34 		 
201212192059 강원도 원주시 132332 95916 226 55075 40259 26 61 155 114 95690 1387 35 		 
201212192100 강원도 원주시 135958 98610 230 56585 41429 27 63 157 119 98380 2694 36 		 
201212192102 강원도 원주시 139539 101024 233 57892 42518 28 65 164 124 100791 2414 37 		 
201212192104 강원도 원주시 142472 103197 237 59368 43204 28 65 167 128 102960 2173 38 		 
201212192105 강원도 원주시 146214 105861 243 60971 44253 28 68 168 130 105618 2664 39 		 
201212192109 강원도 원주시 150237 108777 250 62648 45476 28 70 170 135 108527 2916 40 		 
201212192113 강원도 원주시 153437 111248 253 64085 46502 28 71 172 137 110995 2471 41 		 
201212192115 강원도 원주시 155251 112620 260 65031 46910 30 71 175 143 112360 1372 42 		 
201212192116 강원도 원주시 158124 114775 262 66327 47766 30 71 175 144 114513 2155 43 		 
201212192120 강원도 원주시 160966 116653 264 67550 48413 32 71 177 146 116389 1878 44 		 
201212192124 강원도 원주시 168154 122025 276 70516 50791 33 74 183 152 121749 5372 45 		 
201212192128 강원도 원주시 171603 124577 287 72058 51784 33 75 185 155 124290 2552 46 		 
201212192129 강원도 원주시 175475 127467 299 73733 52982 34 75 187 157 127168 2890 47 		 
201212192134 강원도 원주시 177078 128713 302 74567 53388 34 76 187 159 128411 1246 48 		 
201212192138 강원도 원주시 180403 131197 307 76192 54235 34 78 190 161 130890 2484 49 		 
201212192145 강원도 원주시 183366 133260 312 77201 55277 35 78 191 166 132948 2063 50 		 
201212192149 강원도 원주시 188364 136624 316 78922 56904 35 80 195 172 136308 3364 51 		 
201212192152 강원도 원주시 191709 139115 332 80567 57717 37 83 199 180 138783 2491 52 		 
201212192200 강원도 원주시 195343 141614 338 82076 58693 38 84 204 181 141276 2499 53 		 
201212192201 강원도 원주시 197885 143371 340 83229 59288 38 84 206 186 143031 1757 54 		 
201212192202 강원도 원주시 200367 145129 350 84392 59862 38 85 212 190 144779 1758 55 		 
201212192205 강원도 원주시 204815 148284 357 86184 61206 40 88 217 192 147927 3155 56 		 
201212192206 강원도 원주시 207906 150387 361 87181 62298 40 89 219 199 150026 2103 57 		 
201212192209 강원도 원주시 209236 151354 369 87852 62583 40 89 219 202 150985 967 58 		 
201212192211 강원도 원주시 213967 154445 375 89618 63896 40 90 221 205 154070 3091 59 		 
201212192213 강원도 원주시 217588 157179 384 91256 64973 40 91 227 208 156795 2734 60 		 
201212192215 강원도 원주시 220421 159123 390 92538 65625 40 92 227 211 158733 1944 61 		 
201212192220 강원도 원주시 222763 160795 401 93610 66199 40 92 232 221 160394 1672 62 		 
201212192225 강원도 원주시 225275 162622 409 94849 66765 43 92 235 229 162213 1827 63 		 
201212192226 강원도 원주시 229224 165558 417 96576 67954 44 93 240 234 165141 2936 64 		 
201212192229 강원도 원주시 232459 167939 425 97882 69003 45 94 246 244 167514 2381 65 		 
201212192231 강원도 원주시 234970 169795 438 99111 69609 45 96 250 246 169357 1856 66 		 
201212192232 강원도 원주시 237189 171453 442 100289 70076 46 96 253 251 171011 1658 67 		 
201212192250 강원도 원주시 242805 175452 448 102233 72109 47 99 259 257 175004 3999 68 		 
201212192333 강원도 원주시 243528 175954 449 102432 72408 47 100 261 257 175505 502 69 		 
201212192335 강원도 원주시 251375 182937 565 105702 75943 55 110 280 282 182372 6983 70 		 
