Time AreaA AreaB Total TotalA Invalid VoteA VoteB VoteC VoteD VoteE VoteF TotalB Diff Count
201212191845 강원도 고성군 55 43 1 17 25 0 0 0 0 42 43 1 		 
201212191915 강원도 고성군 697 504 3 312 185 1 0 0 3 501 461 2 		 
201212191919 강원도 고성군 1753 1297 9 855 421 1 0 3 8 1288 793 3 		 
201212191923 강원도 고성군 2098 1569 9 1027 517 1 0 6 9 1560 272 4 		 
201212191931 강원도 고성군 3624 2712 16 1810 862 1 0 10 13 2696 1143 5 		 
201212191939 강원도 고성군 5167 3839 19 2532 1258 1 2 13 14 3820 1127 6 		 
201212191942 강원도 고성군 6490 4804 22 3243 1505 1 2 15 16 4782 965 7 		 
201212191944 강원도 고성군 7304 5419 27 3646 1704 1 2 18 21 5392 615 8 		 
201212191947 강원도 고성군 7656 5698 28 3859 1767 1 2 19 22 5670 279 9 		 
201212191950 강원도 고성군 8153 6062 31 4106 1880 1 2 19 23 6031 364 10 		 
201212191955 강원도 고성군 9365 7012 36 4764 2163 3 2 21 23 6976 950 11 		 
201212192002 강원도 고성군 10420 7818 39 5328 2396 3 4 22 26 7779 806 12 		 
201212192006 강원도 고성군 11870 8892 44 6006 2784 3 4 22 29 8848 1074 13 		 
201212192008 강원도 고성군 13166 9857 46 6718 3032 4 4 22 31 9811 965 14 		 
201212192013 강원도 고성군 14552 10846 48 7354 3379 5 4 24 32 10798 989 15 		 
201212192021 강원도 고성군 14821 11060 48 7503 3444 5 4 24 32 11012 214 16 		 
201212192024 강원도 고성군 17540 12761 53 8647 3993 5 4 25 34 12708 1701 17 		 
201212192027 강원도 고성군 19047 14164 74 9418 4591 9 6 30 36 14090 1403 18 		 
201212192029 강원도 고성군 19903 14821 76 9889 4769 10 6 32 39 14745 657 19 		 
201212192032 강원도 고성군 20309 15150 77 10104 4879 10 6 32 42 15073 329 20 		 
201212192034 강원도 고성군 22880 17142 87 11314 5638 11 8 41 43 17055 1992 21 		 
201212192036 강원도 고성군 23513 17620 87 11662 5763 11 8 42 47 17533 478 22 		 
201212192038 강원도 고성군 24430 18225 88 12056 5973 11 8 42 47 18137 605 23 		 
201212192046 강원도 고성군 25669 19177 90 12689 6285 11 9 44 49 19087 952 24 		 
