Time AreaA AreaB Total TotalA Invalid VoteA VoteB VoteC VoteD VoteE VoteF TotalB Diff Count
201212191901 강원도 화천군 44 26 0 14 12 0 0 0 0 26 26 1 		 
201212191905 강원도 화천군 350 263 0 201 61 0 0 1 0 263 237 2 		 
201212191920 강원도 화천군 1244 902 0 606 294 1 0 1 0 902 639 3 		 
201212191934 강원도 화천군 1924 1400 3 978 413 2 0 1 3 1397 498 4 		 
201212191941 강원도 화천군 4475 3272 9 2180 1063 3 3 8 6 3263 1872 5 		 
201212191946 강원도 화천군 5179 3796 15 2488 1270 4 3 9 7 3781 524 6 		 
201212191952 강원도 화천군 7387 5432 26 3582 1792 4 3 13 12 5406 1636 7 		 
201212191956 강원도 화천군 7966 5858 27 3869 1928 4 3 13 14 5831 426 8 		 
201212192002 강원도 화천군 8438 6202 29 4073 2063 5 3 14 15 6173 344 9 		 
201212192005 강원도 화천군 8994 6629 32 4334 2222 6 3 16 16 6597 427 10 		 
201212192007 강원도 화천군 9929 7325 35 4782 2460 6 3 18 21 7290 696 11 		 
201212192009 강원도 화천군 10743 7929 38 5174 2660 6 3 23 25 7891 604 12 		 
201212192012 강원도 화천군 11170 8248 38 5394 2759 6 3 23 25 8210 319 13 		 
201212192013 강원도 화천군 11828 8743 41 5722 2922 6 3 23 26 8702 495 14 		 
201212192015 강원도 화천군 12535 9264 43 6051 3109 7 3 25 26 9221 521 15 		 
201212192016 강원도 화천군 12934 9557 46 6236 3211 7 3 25 29 9511 293 16 		 
201212192019 강원도 화천군 13660 10071 53 6578 3371 8 4 26 31 10018 514 17 		 
201212192020 강원도 화천군 13847 10213 54 6681 3408 8 4 26 32 10159 142 18 		 
201212192022 강원도 화천군 14774 10862 58 7113 3615 9 4 28 35 10804 649 19 		 
201212192028 강원도 화천군 15349 11308 62 7438 3728 10 4 29 37 11246 446 20 		 
201212192031 강원도 화천군 15885 11695 65 7704 3844 10 4 30 38 11630 387 21 		 
201212192043 강원도 화천군 18874 13871 89 9098 4584 14 7 37 42 13782 2176 22 		 
201212192050 강원도 화천군 20345 15228 126 9838 5139 20 11 45 49 15102 1357 23 		 
