Time AreaA AreaB Total TotalA Invalid VoteA VoteB VoteC VoteD VoteE VoteF TotalB Diff Count
201212191859 강원도 인제군 49 31 0 7 24 0 0 0 0 31 31 1 		 
201212191919 강원도 인제군 1883 1341 3 793 534 1 1 2 7 1338 1310 2 		 
201212191928 강원도 인제군 4218 3139 8 1810 1300 1 1 7 12 3131 1798 3 		 
201212191929 강원도 인제군 4747 3533 11 2083 1416 1 1 8 13 3522 394 4 		 
201212191935 강원도 인제군 5612 4189 16 2491 1650 2 1 11 18 4173 656 5 		 
201212191938 강원도 인제군 7803 5779 25 3481 2225 2 1 18 27 5754 1590 6 		 
201212191949 강원도 인제군 10163 7573 30 4606 2873 4 1 19 40 7543 1794 7 		 
201212191954 강원도 인제군 11619 8646 32 5216 3329 4 2 22 41 8614 1073 8 		 
201212192000 강원도 인제군 14033 10397 45 6273 4004 4 2 24 45 10352 1751 9 		 
201212192002 강원도 인제군 14832 11011 46 6647 4236 7 3 26 46 10965 614 10 		 
201212192007 강원도 인제군 15135 11241 46 6787 4323 8 3 27 47 11195 230 11 		 
201212192008 강원도 인제군 15775 11684 48 7108 4441 8 3 27 49 11636 443 12 		 
201212192010 강원도 인제군 16348 12124 49 7355 4631 8 3 28 50 12075 440 13 		 
201212192012 강원도 인제군 16628 12336 50 7494 4702 8 3 29 50 12286 212 14 		 
201212192016 강원도 인제군 17049 12646 51 7710 4790 8 4 29 54 12595 310 15 		 
201212192019 강원도 인제군 17537 13016 96 7925 4886 10 5 33 61 12920 370 16 		 
201212192022 강원도 인제군 18026 13370 97 8145 5016 10 5 33 64 13273 354 17 		 
201212192026 강원도 인제군 18879 14018 101 8550 5252 10 5 33 67 13917 648 18 		 
201212192028 강원도 인제군 20221 15240 121 9216 5771 10 10 36 76 15119 1222 19 		 
201212192030 강원도 인제군 20579 15496 123 9395 5845 10 10 36 77 15373 256 20 		 
201212192050 강원도 인제군 21096 15886 123 9654 5972 10 11 37 79 15763 390 21 		 
201212192053 강원도 인제군 22192 16697 126 10123 6308 11 11 37 81 16571 811 22 		 
201212192055 강원도 인제군 23526 17744 127 10820 6652 11 11 37 86 17617 1047 23 		 
201212192057 강원도 인제군 24689 18606 129 11397 6931 11 11 38 89 18477 862 24 		 
201212192059 강원도 인제군 26234 19762 133 12156 7320 11 11 38 93 19629 1156 25 		 
