Time AreaA AreaB Total TotalA Invalid VoteA VoteB VoteC VoteD VoteE VoteF TotalB Diff Count
201212191911 강원도 강릉시 475 330 5 101 220 0 0 4 0 325 330 1 		 
201212191925 강원도 강릉시 3014 2074 5 1374 684 0 0 7 4 2069 1744 2 		 
201212191939 강원도 강릉시 4777 3381 6 2270 1092 0 0 9 4 3375 1307 3 		 
201212191945 강원도 강릉시 10038 7341 16 4776 2523 1 2 15 8 7325 3960 4 		 
201212191956 강원도 강릉시 13616 10044 24 6449 3535 1 3 19 13 10020 2703 5 		 
201212191957 강원도 강릉시 16932 12745 28 7943 4728 1 4 27 14 12717 2701 6 		 
201212191958 강원도 강릉시 24320 18223 37 11335 6789 2 4 38 18 18186 5478 7 		 
201212192006 강원도 강릉시 27789 20804 42 13079 7613 2 6 43 19 20762 2581 8 		 
201212192009 강원도 강릉시 28748 21528 47 13598 7811 3 6 43 20 21481 724 9 		 
201212192011 강원도 강릉시 33180 24875 51 15602 9140 4 6 48 24 24824 3347 10 		 
201212192015 강원도 강릉시 36400 27207 55 17093 9971 4 7 51 26 27152 2332 11 		 
201212192019 강원도 강릉시 40030 29710 65 18799 10751 4 8 54 29 29645 2503 12 		 
201212192022 강원도 강릉시 41385 30751 73 19512 11066 5 8 56 31 30678 1041 13 		 
201212192024 강원도 강릉시 43560 32378 76 20655 11543 5 8 58 33 32302 1627 14 		 
201212192028 강원도 강릉시 46171 34371 77 21759 12421 8 10 62 34 34294 1993 15 		 
201212192032 강원도 강릉시 49092 36470 84 23057 13208 8 10 64 39 36386 2099 16 		 
201212192038 강원도 강릉시 52587 38976 87 24945 13814 9 10 69 42 38889 2506 17 		 
201212192039 강원도 강릉시 54690 40502 92 26019 14252 10 10 76 43 40410 1526 18 		 
201212192040 강원도 강릉시 57511 42687 101 27391 15045 10 11 80 49 42586 2185 19 		 
201212192045 강원도 강릉시 58694 43581 106 28065 15255 11 11 81 52 43475 894 20 		 
201212192052 강원도 강릉시 62058 46141 112 29699 16167 13 11 86 53 46029 2560 21 		 
201212192109 강원도 강릉시 64370 47800 120 30843 16670 13 12 86 56 47680 1659 22 		 
201212192111 강원도 강릉시 68025 50475 130 32675 17499 13 12 88 58 50345 2675 23 		 
201212192112 강원도 강릉시 71379 52947 134 34395 18238 13 13 92 62 52813 2472 24 		 
201212192118 강원도 강릉시 73059 54269 138 35316 18628 13 13 95 66 54131 1322 25 		 
201212192119 강원도 강릉시 73624 54711 139 35625 18756 13 13 97 68 54572 442 26 		 
201212192132 강원도 강릉시 77035 57221 144 37426 19456 13 13 100 69 57077 2510 27 		 
201212192134 강원도 강릉시 80349 59648 153 39003 20292 13 13 102 72 59495 2427 28 		 
201212192137 강원도 강릉시 83951 62511 158 40634 21514 13 13 105 74 62353 2863 29 		 
201212192141 강원도 강릉시 87718 65322 168 42248 22690 16 14 112 74 65154 2811 30 		 
201212192142 강원도 강릉시 91031 67840 175 43720 23722 17 15 115 76 67665 2518 31 		 
201212192143 강원도 강릉시 94278 70066 187 45387 24261 18 17 116 80 69879 2226 32 		 
201212192145 강원도 강릉시 96568 71824 195 46602 24794 18 18 117 80 71629 1758 33 		 
201212192152 강원도 강릉시 98853 73463 206 47789 25228 18 18 118 86 73257 1639 34 		 
201212192153 강원도 강릉시 101056 75097 212 48983 25656 19 18 121 88 74885 1634 35 		 
201212192203 강원도 강릉시 105233 78309 216 51048 26786 19 18 128 94 78093 3212 36 		 
201212192208 강원도 강릉시 108454 80713 226 52674 27544 19 21 131 98 80487 2404 37 		 
201212192210 강원도 강릉시 110923 82402 231 53727 28169 21 21 132 101 82171 1689 38 		 
201212192211 강원도 강릉시 113139 84077 235 54891 28667 21 21 134 108 83842 1675 39 		 
201212192212 강원도 강릉시 116602 86715 238 56760 29422 21 23 139 112 86477 2638 40 		 
201212192213 강원도 강릉시 120411 89445 245 58655 30243 21 23 144 114 89200 2730 41 		 
201212192227 강원도 강릉시 123653 91762 250 60338 30864 21 25 149 115 91512 2317 42 		 
201212192229 강원도 강릉시 127629 94956 251 61902 32486 21 27 153 116 94705 3194 43 		 
201212192231 강원도 강릉시 130700 97214 259 63625 32999 23 28 157 123 96955 2258 44 		 
201212192233 강원도 강릉시 134084 99351 268 65208 33528 26 29 159 133 99083 2137 45 		 
201212192243 강원도 강릉시 137818 102168 275 66890 34649 27 29 162 136 101893 2817 46 		 
201212192244 강원도 강릉시 140094 103739 283 67987 35109 28 29 164 139 103456 1571 47 		 
201212192245 강원도 강릉시 141888 105098 287 69020 35423 28 30 165 145 104811 1359 48 		 
201212192250 강원도 강릉시 142261 105381 288 69237 35488 28 30 165 145 105093 283 49 		 
201212192251 강원도 강릉시 146111 108182 295 70955 36548 28 30 170 156 107887 2801 50 		 
201212192252 강원도 강릉시 151059 111758 306 73346 37710 29 32 173 162 111452 3576 51 		 
201212192256 강원도 강릉시 154550 114065 315 75145 38190 31 32 176 176 113750 2307 52 		 
201212192302 강원도 강릉시 156944 115850 321 76393 38713 31 33 179 180 115529 1785 53 		 
201212192304 강원도 강릉시 158229 116761 325 77081 38927 31 35 180 182 116436 911 54 		 
201212192305 강원도 강릉시 158612 117025 327 77271 38997 31 35 180 184 116698 264 55 		 
201212192308 강원도 강릉시 160901 118693 332 78517 39398 34 35 184 193 118361 1668 56 		 
201212192309 강원도 강릉시 162051 119527 334 79136 39605 35 35 184 198 119193 834 57 		 
201212192311 강원도 강릉시 163515 120617 342 79930 39883 35 35 186 206 120275 1090 58 		 
201212192316 강원도 강릉시 164531 121376 346 80498 40065 35 35 187 210 121030 759 59 		 
201212192319 강원도 강릉시 169424 124706 353 82584 41293 35 36 192 213 124353 3330 60 		 
201212192327 강원도 강릉시 175077 129776 457 85045 43750 41 50 200 233 129319 5070 61 		 
