Time AreaA AreaB Total TotalA Invalid VoteA VoteB VoteC VoteD VoteE VoteF TotalB Diff Count
201212191911 강원도 속초시 169 118 2 39 76 0 1 0 0 116 118 1 		 
201212191919 강원도 속초시 1871 1413 2 788 618 0 3 1 1 1411 1295 2 		 
201212191922 강원도 속초시 3866 2840 6 1747 1080 0 3 2 2 2834 1427 3 		 
201212191925 강원도 속초시 7011 5219 10 3123 2071 0 6 7 2 5209 2379 4 		 
201212191928 강원도 속초시 8171 6001 12 3659 2312 0 7 9 2 5989 782 5 		 
201212191935 강원도 속초시 10817 7856 16 4777 3038 0 7 15 3 7840 1855 6 		 
201212191938 강원도 속초시 13909 10093 24 6181 3855 0 8 19 6 10069 2237 7 		 
201212191940 강원도 속초시 16996 12377 28 7432 4874 1 9 23 10 12349 2284 8 		 
201212191941 강원도 속초시 18328 13308 29 8109 5123 1 10 24 12 13279 931 9 		 
201212191945 강원도 속초시 19516 14121 30 8673 5370 1 10 24 13 14091 813 10 		 
201212191947 강원도 속초시 21543 15560 40 9559 5909 1 10 28 13 15520 1439 11 		 
201212191950 강원도 속초시 23260 16824 45 10465 6259 1 11 30 13 16779 1264 12 		 
201212191953 강원도 속초시 24978 17935 51 11261 6564 1 11 30 17 17884 1111 13 		 
201212191958 강원도 속초시 26489 19009 53 11965 6927 2 11 33 18 18956 1074 14 		 
201212192000 강원도 속초시 27964 20035 56 12669 7243 2 11 35 19 19979 1026 15 		 
201212192006 강원도 속초시 31268 22592 63 14109 8343 2 12 42 21 22529 2557 16 		 
201212192013 강원도 속초시 33963 24494 65 15229 9117 2 12 43 26 24429 1902 17 		 
201212192019 강원도 속초시 37737 27091 70 16706 10228 3 13 44 27 27021 2597 18 		 
201212192023 강원도 속초시 39867 28514 73 17654 10694 4 13 47 29 28441 1423 19 		 
201212192026 강원도 속초시 42314 30181 78 18899 11103 7 14 47 33 30103 1667 20 		 
201212192029 강원도 속초시 43634 31169 80 19596 11390 7 14 48 34 31089 988 21 		 
201212192035 강원도 속초시 46683 33300 84 21071 12040 7 14 49 35 33216 2131 22 		 
201212192037 강원도 속초시 49315 35241 90 22148 12893 7 14 52 37 35151 1941 23 		 
201212192043 강원도 속초시 50636 36161 92 22761 13197 7 14 52 38 36069 920 24 		 
201212192044 강원도 속초시 52818 37727 96 23734 13777 8 16 56 40 37631 1566 25 		 
201212192045 강원도 속초시 54501 38830 99 24558 14051 8 16 56 42 38731 1103 26 		 
201212192058 강원도 속초시 56533 40251 103 25556 14462 10 17 58 45 40148 1421 27 		 
201212192101 강원도 속초시 59620 42535 108 26883 15407 10 17 61 49 42427 2284 28 		 
201212192103 강원도 속초시 61960 44612 145 27938 16375 15 18 64 57 44467 2077 29 		 
201212192106 강원도 속초시 66297 47634 150 29651 17671 16 19 66 61 47484 3022 30 		 
