Time AreaA AreaB Total TotalA Invalid VoteA VoteB VoteC VoteD VoteE VoteF TotalB Diff Count
201212191913 강원도 태백시 1732 1178 5 840 330 0 0 2 1 1173 1178 1 		 
201212191918 강원도 태백시 2755 1928 6 1344 574 0 1 2 1 1922 750 2 		 
201212191922 강원도 태백시 5002 3565 11 2440 1105 0 1 5 3 3554 1637 3 		 
201212191930 강원도 태백시 6085 4341 17 2995 1318 0 1 5 5 4324 776 4 		 
201212191932 강원도 태백시 6904 4979 19 3442 1504 0 1 6 7 4960 638 5 		 
201212191935 강원도 태백시 9433 6752 24 4676 2035 0 1 7 9 6728 1773 6 		 
201212191936 강원도 태백시 11209 8017 25 5518 2454 1 1 9 9 7992 1265 7 		 
201212191938 강원도 태백시 12581 8997 25 6161 2790 1 1 9 10 8972 980 8 		 
201212192008 강원도 태백시 14449 10262 25 7034 3177 1 1 13 11 10237 1265 9 		 
201212192018 강원도 태백시 17551 12339 30 8154 4122 2 2 16 13 12309 2077 10 		 
201212192019 강원도 태백시 19176 13444 33 8971 4403 3 2 18 14 13411 1105 11 		 
201212192022 강원도 태백시 20376 14285 36 9591 4615 3 3 18 19 14249 841 12 		 
201212192023 강원도 태백시 23754 16891 40 11026 5780 3 3 18 21 16851 2606 13 		 
201212192024 강원도 태백시 25281 18041 42 11771 6180 3 3 19 23 17999 1150 14 		 
201212192025 강원도 태백시 26439 18923 42 12365 6463 6 4 19 24 18881 882 15 		 
201212192026 강원도 태백시 28347 20335 48 13353 6878 6 5 20 25 20287 1412 16 		 
201212192027 강원도 태백시 30009 21570 51 14060 7398 6 6 22 27 21519 1235 17 		 
201212192029 강원도 태백시 30918 22247 54 14495 7635 6 6 23 28 22193 677 18 		 
201212192030 강원도 태백시 31774 22790 56 14884 7783 7 6 24 30 22734 543 19 		 
201212192032 강원도 태백시 32797 23552 61 15486 7934 7 6 25 33 23491 762 20 		 
201212192034 강원도 태백시 34007 24455 66 16139 8172 8 7 26 37 24389 903 21 		 
201212192035 강원도 태백시 36912 26307 68 17306 8848 8 9 28 40 26239 1852 22 		 
201212192037 강원도 태백시 38365 27333 72 18034 9133 9 10 30 45 27261 1026 23 		 
201212192038 강원도 태백시 38878 27705 77 18264 9263 9 10 33 49 27628 372 24 		 
201212192043 강원도 태백시 38952 27758 77 18287 9293 9 10 33 49 27681 53 25 		 
201212192055 강원도 태백시 40408 28993 102 18850 9935 10 11 34 51 28891 1235 26 		 
