Time AreaA AreaB Total TotalA Invalid VoteA VoteB VoteC VoteD VoteE VoteF TotalB Diff Count
201212191921 강원도 동해시 170 114 1 60 52 1 0 0 0 113 114 1 		 
201212191928 강원도 동해시 2544 1850 11 1242 590 1 1 1 4 1839 1736 2 		 
201212191931 강원도 동해시 4880 3452 18 2390 1031 3 1 2 7 3434 1602 3 		 
201212191935 강원도 동해시 6813 4761 21 3373 1352 3 2 2 8 4740 1309 4 		 
201212191939 강원도 동해시 8475 5928 23 4214 1672 5 2 2 10 5905 1167 5 		 
201212191941 강원도 동해시 11075 7738 31 5406 2276 5 2 6 12 7707 1810 6 		 
201212191942 강원도 동해시 13357 9396 32 6468 2865 6 2 9 14 9364 1658 7 		 
201212191944 강원도 동해시 14990 10524 36 7247 3207 6 2 10 16 10488 1128 8 		 
201212191947 강원도 동해시 16357 11571 40 7983 3513 6 2 11 16 11531 1047 9 		 
201212191956 강원도 동해시 18271 12778 41 8774 3923 7 2 13 18 12737 1207 10 		 
201212191959 강원도 동해시 19821 13898 45 9587 4220 9 4 14 19 13853 1120 11 		 
201212192001 강원도 동해시 21748 15303 50 10572 4631 10 4 15 21 15253 1405 12 		 
201212192008 강원도 동해시 24451 17205 58 11938 5149 10 4 19 27 17147 1902 13 		 
201212192010 강원도 동해시 25367 17850 62 12442 5284 10 4 19 29 17788 645 14 		 
201212192021 강원도 동해시 27218 19125 66 13408 5587 10 4 20 30 19059 1275 15 		 
201212192039 강원도 동해시 30423 21674 72 14823 6712 10 4 20 33 21602 2549 16 		 
201212192042 강원도 동해시 33725 24225 79 16228 7846 11 4 23 34 24146 2551 17 		 
201212192043 강원도 동해시 34984 25159 84 16872 8127 11 4 23 38 25075 934 18 		 
201212192045 강원도 동해시 37164 26692 90 18050 8472 11 4 26 39 26602 1533 19 		 
201212192047 강원도 동해시 40174 28901 95 19448 9274 11 5 29 39 28806 2209 20 		 
201212192049 강원도 동해시 43041 30817 105 20854 9771 11 5 30 41 30712 1916 21 		 
201212192051 강원도 동해시 44394 31800 110 21536 10060 11 6 32 45 31690 983 22 		 
201212192052 강원도 동해시 46291 33195 113 22582 10400 11 7 34 48 33082 1395 23 		 
201212192053 강원도 동해시 48641 34905 123 23772 10905 12 8 35 50 34782 1710 24 		 
201212192100 강원도 동해시 51782 37328 127 25268 11820 13 8 37 55 37201 2423 25 		 
201212192102 강원도 동해시 53969 38867 133 26305 12312 13 9 37 58 38734 1539 26 		 
201212192103 강원도 동해시 56495 40717 137 27537 12923 14 9 38 59 40580 1850 27 		 
201212192115 강원도 동해시 57778 41660 142 28225 13163 14 9 39 68 41518 943 28 		 
201212192117 강원도 동해시 59943 43389 146 29367 13743 14 9 42 68 43243 1729 29 		 
201212192123 강원도 동해시 63759 46934 208 31270 15274 16 20 59 87 46726 3545 30 		 
201212192127 강원도 동해시 66206 48832 215 32398 16034 16 20 59 90 48617 1898 31 		 
201212192129 강원도 동해시 69917 51698 218 33833 17445 18 22 66 96 51480 2866 32 		 
201212192135 강원도 동해시 71872 53045 223 34826 17790 18 22 68 98 52822 1347 33 		 
201212192143 강원도 동해시 74573 55083 225 36139 18511 18 23 68 99 54858 2038 34 		 
