Time AreaA AreaB Total TotalA Invalid VoteA VoteB VoteC VoteD VoteE VoteF TotalB Diff Count
201212191933 강원도 춘천시 4703 3228 10 1996 1210 1 3 7 1 3218 3228 1 		 
201212191935 강원도 춘천시 7402 5129 14 3033 2062 2 6 9 3 5115 1901 2 		 
201212191942 강원도 춘천시 11471 8053 25 4737 3261 3 7 14 6 8028 2924 3 		 
201212192000 강원도 춘천시 14198 9940 36 5853 4016 3 7 18 7 9904 1887 4 		 
201212192001 강원도 춘천시 15013 10514 41 6077 4357 3 11 18 7 10473 574 5 		 
201212192002 강원도 춘천시 18015 12911 42 7238 5588 3 12 21 7 12869 2397 6 		 
201212192004 강원도 춘천시 22819 16696 48 9103 7495 4 13 26 7 16648 3785 7 		 
201212192005 강원도 춘천시 24943 18122 49 9860 8156 4 15 27 11 18073 1426 8 		 
201212192016 강원도 춘천시 29651 21884 55 11731 10029 4 15 36 14 21829 3762 9 		 
201212192018 강원도 춘천시 31713 23416 63 12702 10575 5 15 38 18 23353 1532 10 		 
201212192019 강원도 춘천시 34096 25246 70 13804 11292 6 15 41 18 25176 1830 11 		 
201212192020 강원도 춘천시 36740 27071 75 14897 12012 6 16 45 20 26996 1825 12 		 
201212192021 강원도 춘천시 41251 30681 88 16845 13649 8 17 53 21 30593 3610 13 		 
201212192022 강원도 춘천시 43443 32358 98 17919 14226 8 19 57 31 32260 1677 14 		 
201212192023 강원도 춘천시 45074 33382 100 18588 14575 9 20 57 33 33282 1024 15 		 
201212192024 강원도 춘천시 49182 36328 106 20134 15956 10 22 65 35 36222 2946 16 		 
201212192025 강원도 춘천시 57282 42594 119 23787 18528 10 30 79 41 42475 6266 17 		 
201212192027 강원도 춘천시 60832 45258 123 25029 19935 10 32 87 42 45135 2664 18 		 
201212192048 강원도 춘천시 66440 49494 140 27656 21514 11 34 89 50 49354 4236 19 		 
201212192101 강원도 춘천시 68609 51158 140 28639 22190 11 36 90 52 51018 1664 20 		 
201212192113 강원도 춘천시 74980 56236 149 31591 24292 12 38 95 59 56087 5078 21 		 
201212192114 강원도 춘천시 77155 57766 154 32465 24941 12 40 95 59 57612 1530 22 		 
201212192115 강원도 춘천시 79318 59463 158 33496 25595 12 40 99 63 59305 1697 23 		 
201212192116 강원도 춘천시 82831 62203 167 35034 26780 13 40 103 66 62036 2740 24 		 
201212192117 강원도 춘천시 86430 64969 174 36477 28090 13 42 105 68 64795 2766 25 		 
201212192118 강원도 춘천시 88912 66829 178 37581 28837 13 42 108 70 66651 1860 26 		 
201212192120 강원도 춘천시 91875 69184 181 38823 29935 14 47 110 74 69003 2355 27 		 
201212192141 강원도 춘천시 97709 73254 190 41177 31633 15 47 114 78 73064 4070 28 		 
201212192145 강원도 춘천시 104708 78437 204 44192 33775 15 50 119 82 78233 5183 29 		 
201212192146 강원도 춘천시 108041 81054 207 45762 34809 15 51 124 86 80847 2617 30 		 
201212192147 강원도 춘천시 109753 82333 212 46604 35237 16 52 124 88 82121 1279 31 		 
201212192151 강원도 춘천시 110028 82528 214 46741 35292 16 52 124 89 82314 195 32 		 
201212192155 강원도 춘천시 113540 85272 218 48212 36548 17 54 131 92 85054 2744 33 		 
201212192157 강원도 춘천시 116277 87529 220 49362 37651 17 54 132 93 87309 2257 34 		 
201212192158 강원도 춘천시 117024 88061 222 49743 37796 17 54 132 97 87839 532 35 		 
201212192159 강원도 춘천시 119260 89769 246 50867 38338 19 54 137 108 89523 1708 36 		 
201212192200 강원도 춘천시 119617 90025 247 51039 38418 19 54 139 109 89778 256 37 		 
201212192201 강원도 춘천시 120246 90493 250 51376 38542 19 54 139 113 90243 468 38 		 
201212192204 강원도 춘천시 124839 94042 255 53343 40100 22 57 147 118 93787 3549 39 		 
201212192205 강원도 춘천시 128721 96899 262 55144 41136 24 58 150 125 96637 2857 40 		 
201212192206 강원도 춘천시 131787 99050 269 56494 41920 26 60 152 129 98781 2151 41 		 
201212192207 강원도 춘천시 134271 100929 275 57788 42488 27 62 155 134 100654 1879 42 		 
201212192209 강원도 춘천시 135024 101437 279 58170 42608 27 62 155 136 101158 508 43 		 
201212192210 강원도 춘천시 138778 104120 282 59872 43575 27 62 162 140 103838 2683 44 		 
201212192211 강원도 춘천시 139371 104571 286 60162 43726 28 62 164 143 104285 451 45 		 
201212192212 강원도 춘천시 142845 107015 290 61590 44727 29 63 171 145 106725 2444 46 		 
201212192213 강원도 춘천시 147712 110526 298 63667 46131 31 66 178 155 110228 3511 47 		 
201212192214 강원도 춘천시 150129 112386 301 64730 46917 33 67 182 156 112085 1860 48 		 
201212192215 강원도 춘천시 151105 113119 306 65264 47106 33 68 185 157 112813 733 49 		 
201212192217 강원도 춘천시 158448 118963 315 68565 49618 35 69 197 164 118648 5844 50 		 
201212192218 강원도 춘천시 158624 119088 316 68674 49633 35 69 197 164 118772 125 51 		 
201212192220 강원도 춘천시 161032 120923 322 69759 50372 36 69 198 167 120601 1835 52 		 
201212192221 강원도 춘천시 166160 124954 333 72035 52099 38 73 205 171 124621 4031 53 		 
201212192226 강원도 춘천시 170708 128445 342 73926 53678 41 73 213 172 128103 3491 54 		 
201212192227 강원도 춘천시 174986 131703 354 75546 55293 44 75 217 174 131349 3258 55 		 
201212192239 강원도 춘천시 180855 135798 361 78107 56798 45 79 224 184 135437 4095 56 		 
201212192252 강원도 춘천시 182727 137119 368 78988 57223 46 79 225 190 136751 1321 57 		 
201212192253 강원도 춘천시 186907 140076 375 80701 58450 46 82 228 194 139701 2957 58 		 
201212192254 강원도 춘천시 189232 142041 380 81672 59437 46 82 229 195 141661 1965 59 		 
201212192255 강원도 춘천시 192373 144545 383 83159 60440 46 84 235 198 144162 2504 60 		 
201212192258 강원도 춘천시 196033 147312 392 84678 61668 48 87 240 199 146920 2767 61 		 
201212192308 강원도 춘천시 199668 150175 395 86174 63023 48 88 244 203 149780 2863 62 		 
201212192315 강원도 춘천시 202058 152064 400 87168 63912 48 88 245 203 151664 1889 63 		 
201212192317 강원도 춘천시 206278 155439 406 89022 65413 49 91 255 203 155033 3375 64 		 
201212192328 강원도 춘천시 209258 157803 418 90375 66396 50 92 262 210 157385 2364 65 		 
201212192334 강원도 춘천시 215931 163981 517 93414 69365 60 104 276 245 163464 6178 66 		 
