Time AreaA AreaB Total TotalA Invalid VoteA VoteB VoteC VoteD VoteE VoteF TotalB Diff Count
201212191921 강원도 홍천군 1996 1471 7 907 551 0 1 2 3 1464 1471 1 		 
201212191927 강원도 홍천군 3174 2355 9 1535 800 1 1 3 6 2346 884 2 		 
201212191931 강원도 홍천군 4835 3656 16 2361 1257 1 2 10 9 3640 1301 3 		 
201212191934 강원도 홍천군 7116 5188 20 3320 1822 2 2 12 10 5168 1532 4 		 
201212191943 강원도 홍천군 7771 5659 22 3644 1962 3 2 12 14 5637 471 5 		 
201212191944 강원도 홍천군 8420 6135 25 3957 2120 3 3 12 15 6110 476 6 		 
201212191947 강원도 홍천군 9847 7176 28 4605 2503 3 3 14 20 7148 1041 7 		 
201212191948 강원도 홍천군 12093 8989 36 5684 3220 4 3 19 23 8953 1813 8 		 
201212191950 강원도 홍천군 15155 11159 42 7038 4025 4 3 22 25 11117 2170 9 		 
201212191951 강원도 홍천군 16078 11815 47 7446 4262 4 3 23 30 11768 656 10 		 
201212191953 강원도 홍천군 16621 12232 53 7697 4415 4 4 25 34 12179 417 11 		 
201212191954 강원도 홍천군 17202 12667 55 7996 4546 4 4 26 36 12612 435 12 		 
201212191955 강원도 홍천군 17940 13191 55 8329 4730 4 4 31 38 13136 524 13 		 
201212191956 강원도 홍천군 18496 13609 58 8607 4864 4 5 31 40 13551 418 14 		 
201212191957 강원도 홍천군 19654 14436 65 9133 5148 4 5 33 48 14371 827 15 		 
201212191959 강원도 홍천군 20829 15280 70 9693 5423 4 5 35 50 15210 844 16 		 
201212192000 강원도 홍천군 21651 15887 75 10076 5636 5 6 35 54 15812 607 17 		 
201212192017 강원도 홍천군 23610 17322 80 11075 6060 6 7 38 56 17242 1435 18 		 
201212192034 강원도 홍천군 24268 17825 81 11342 6294 6 7 38 57 17744 503 19 		 
201212192036 강원도 홍천군 25783 18874 83 12064 6612 7 7 38 63 18791 1049 20 		 
201212192037 강원도 홍천군 31830 23328 97 14649 8453 7 9 44 69 23231 4454 21 		 
201212192038 강원도 홍천군 32660 23915 99 15008 8673 7 9 46 73 23816 587 22 		 
201212192043 강원도 홍천군 33216 24320 103 15298 8782 7 9 47 74 24217 405 23 		 
201212192044 강원도 홍천군 38747 28438 118 17748 10416 7 9 49 91 28320 4118 24 		 
201212192054 강원도 홍천군 38918 28563 118 17799 10489 7 9 50 91 28445 125 25 		 
201212192058 강원도 홍천군 42241 31435 168 19399 11695 9 12 53 99 31267 2872 26 		 
201212192100 강원도 홍천군 43225 32158 173 19900 11906 11 12 53 103 31985 723 27 		 
201212192103 강원도 홍천군 43837 32620 175 20194 12066 12 14 55 104 32445 462 28 		 
201212192104 강원도 홍천군 45788 33968 178 21101 12493 14 15 57 110 33790 1348 29 		 
201212192105 강원도 홍천군 47499 35282 186 21940 12952 15 15 59 115 35096 1314 30 		 
201212192108 강원도 홍천군 47987 35626 191 22191 13037 15 16 60 116 35435 344 31 		 
201212192109 강원도 홍천군 48510 36007 203 22432 13159 16 18 62 117 35804 381 32 		 
201212192110 강원도 홍천군 48977 36345 208 22633 13288 16 18 63 119 36137 338 33 		 
201212192112 강원도 홍천군 50663 37488 215 23442 13607 16 18 67 123 37273 1143 34 		 
201212192113 강원도 홍천군 52105 38598 223 24193 13952 17 19 67 127 38375 1110 35 		 
201212192114 강원도 홍천군 52853 39119 224 24572 14089 17 19 69 129 38895 521 36 		 
201212192117 강원도 홍천군 54427 40236 227 25274 14495 17 20 71 132 40009 1117 37 		 
201212192118 강원도 홍천군 55353 40906 231 25670 14759 17 20 74 135 40675 670 38 		 
201212192119 강원도 홍천군 55935 41334 231 25965 14887 17 20 75 139 41103 428 39 		 
201212192122 강원도 홍천군 56739 41913 234 26379 15047 18 20 75 140 41679 579 40 		 
201212192132 강원도 홍천군 57463 42406 236 26715 15201 18 20 75 141 42170 493 41 		 
