Time AreaA AreaB Total TotalA Invalid VoteA VoteB VoteC VoteD VoteE VoteF TotalB Diff Count
201212191946 강원도 삼척시 1958 1373 9 1032 321 1 2 2 6 1364 1373 1 		 
201212191955 강원도 삼척시 4870 3453 15 2322 1097 1 5 5 8 3438 2080 2 		 
201212192000 강원도 삼척시 5468 3888 23 2614 1228 1 6 6 10 3865 435 3 		 
201212192002 강원도 삼척시 8151 6017 32 3628 2329 1 8 8 11 5985 2129 4 		 
201212192004 강원도 삼척시 9372 6889 43 4180 2629 2 10 10 15 6846 872 5 		 
201212192026 강원도 삼척시 10604 7847 50 4764 2990 4 11 12 16 7797 958 6 		 
201212192028 강원도 삼척시 11132 8252 61 5039 3097 10 12 12 21 8191 405 7 		 
201212192029 강원도 삼척시 12023 8927 69 5499 3290 10 16 15 28 8858 675 8 		 
201212192030 강원도 삼척시 12713 9438 76 5852 3429 11 17 17 36 9362 511 9 		 
201212192038 강원도 삼척시 13382 9956 82 6185 3597 11 20 20 41 9874 518 10 		 
201212192040 강원도 삼척시 13648 10157 83 6346 3633 11 21 20 43 10074 201 11 		 
201212192041 강원도 삼척시 15684 11625 99 7401 4010 12 24 21 58 11526 1468 12 		 
201212192042 강원도 삼척시 18818 13675 109 8615 4818 15 25 25 68 13566 2050 13 		 
201212192044 강원도 삼척시 20520 14952 123 9609 5068 18 35 26 73 14829 1277 14 		 
201212192049 강원도 삼척시 20793 15160 129 9754 5118 18 37 26 78 15031 208 15 		 
201212192050 강원도 삼척시 21705 15895 133 10274 5326 18 37 27 80 15762 735 16 		 
201212192100 강원도 삼척시 23409 17129 148 11167 5639 20 41 29 85 16981 1234 17 		 
201212192101 강원도 삼척시 24924 18243 152 11933 5979 20 41 30 88 18091 1114 18 		 
201212192102 강원도 삼척시 26486 19413 159 12628 6438 21 41 32 94 19254 1170 19 		 
201212192105 강원도 삼척시 27366 20064 172 13062 6626 23 46 34 101 19892 651 20 		 
201212192109 강원도 삼척시 29419 21533 178 14025 7120 24 48 36 102 21355 1469 21 		 
201212192110 강원도 삼척시 33349 24608 183 15668 8534 24 53 41 105 24425 3075 22 		 
201212192111 강원도 삼척시 33650 24841 185 15831 8599 24 53 42 107 24656 233 23 		 
201212192112 강원도 삼척시 34097 25192 189 16043 8716 25 57 47 115 25003 351 24 		 
201212192113 강원도 삼척시 35502 26225 197 16719 9063 25 57 49 115 26028 1033 25 		 
201212192114 강원도 삼척시 35825 26479 203 16898 9129 25 57 49 118 26276 254 26 		 
201212192115 강원도 삼척시 36277 26833 208 17147 9224 25 57 49 123 26625 354 27 		 
201212192116 강원도 삼척시 37278 27520 215 17623 9420 25 58 51 128 27305 687 28 		 
201212192117 강원도 삼척시 37431 27632 217 17709 9443 26 58 51 128 27415 112 29 		 
201212192136 강원도 삼척시 39489 29226 227 18781 9953 26 58 51 130 28999 1594 30 		 
201212192139 강원도 삼척시 40386 29901 228 19316 10080 29 58 51 139 29673 675 31 		 
201212192141 강원도 삼척시 41566 30603 228 19834 10264 29 58 51 139 30375 702 32 		 
201212192157 강원도 삼척시 42267 31126 230 20210 10400 29 58 52 147 30896 523 33 		 
201212192204 강원도 삼척시 42991 31664 235 20611 10522 30 58 54 154 31429 538 34 		 
201212192205 강원도 삼척시 43590 32097 235 20905 10656 30 58 56 157 31862 433 35 		 
201212192206 강원도 삼척시 44609 32895 240 21465 10872 30 58 59 171 32655 798 36 		 
201212192208 강원도 삼척시 46077 33782 245 22104 11110 31 59 62 171 33537 887 37 		 
201212192209 강원도 삼척시 48105 35312 252 23141 11590 31 59 64 175 35060 1530 38 		 
201212192210 강원도 삼척시 49842 36633 255 24160 11877 31 59 76 175 36378 1321 39 		 
201212192211 강원도 삼척시 52150 38291 258 25394 12289 31 59 76 184 38033 1658 40 		 
201212192214 강원도 삼척시 54605 40161 267 26556 12968 31 62 85 192 39894 1870 41 		 
201212192215 강원도 삼척시 57200 41558 270 27568 13348 31 63 85 193 41288 1397 42 		 
201212192250 강원도 삼척시 57328 41653 270 27599 13412 31 63 85 193 41383 95 43 		 
201212192307 강원도 삼척시 60724 44452 329 28849 14874 32 72 80 216 44123 2799 44 		 
