Time AreaA AreaB Total TotalA Invalid VoteA VoteB VoteC VoteD VoteE VoteF TotalB Diff Count
201212191840 강원도 횡성군 96 70 0 27 42 0 0 0 1 70 70 1 		 
201212191925 강원도 횡성군 2235 1626 8 1042 567 0 3 1 5 1618 1556 2 		 
201212191928 강원도 횡성군 2820 2044 9 1342 681 0 3 2 7 2035 418 3 		 
201212191939 강원도 횡성군 5240 3899 14 2452 1412 1 5 4 11 3885 1855 4 		 
201212191941 강원도 횡성군 5949 4437 16 2758 1634 2 6 8 13 4421 538 5 		 
201212191943 강원도 횡성군 6999 5234 19 3267 1908 2 8 12 18 5215 797 6 		 
201212191944 강원도 횡성군 7704 5748 23 3626 2058 2 8 12 19 5725 514 7 		 
201212191945 강원도 횡성군 11424 8434 32 5413 2934 2 8 15 30 8402 2686 8 		 
201212191946 강원도 횡성군 12034 8889 34 5720 3077 2 8 17 31 8855 455 9 		 
201212191949 강원도 횡성군 13466 9963 42 6393 3463 3 9 19 34 9921 1074 10 		 
201212191950 강원도 횡성군 14608 10832 44 7002 3717 3 9 21 36 10788 869 11 		 
201212191951 강원도 횡성군 15428 11414 48 7413 3878 4 10 23 38 11366 582 12 		 
201212191953 강원도 횡성군 16677 12331 57 8052 4140 4 10 24 44 12274 917 13 		 
201212191957 강원도 횡성군 18417 13588 64 8882 4550 4 10 26 52 13524 1257 14 		 
201212191958 강원도 횡성군 18901 13930 66 9110 4659 4 10 26 55 13864 342 15 		 
201212192000 강원도 횡성군 19544 14365 68 9402 4797 4 10 27 57 14297 435 16 		 
201212192002 강원도 횡성군 20246 14907 72 9757 4973 5 10 28 62 14835 542 17 		 
201212192007 강원도 횡성군 21463 15807 80 10321 5290 5 11 31 69 15727 900 18 		 
201212192011 강원도 횡성군 23272 17141 81 11226 5710 5 12 32 75 17060 1334 19 		 
201212192012 강원도 횡성군 27079 19918 91 12996 6697 6 14 35 79 19827 2777 20 		 
201212192015 강원도 횡성군 29006 21273 97 13844 7187 7 14 37 87 21176 1355 21 		 
201212192016 강원도 횡성군 29461 21624 100 14085 7289 8 14 38 90 21524 351 22 		 
201212192022 강원도 횡성군 30583 22653 127 14580 7785 9 16 41 95 22526 1029 23 		 
201212192023 강원도 횡성군 30971 22953 128 14784 7878 9 16 42 96 22825 300 24 		 
201212192027 강원도 횡성군 32323 23957 132 15452 8199 9 17 45 103 23825 1004 25 		 
201212192033 강원도 횡성군 33587 24867 137 16130 8415 12 17 48 108 24730 910 26 		 
201212192036 강원도 횡성군 36318 26979 144 17428 9213 12 18 50 114 26835 2112 27 		 
201212192051 강원도 횡성군 37340 27723 147 17876 9502 13 19 50 116 27576 744 28 		 
