Time AreaA AreaB Total TotalA Invalid VoteA VoteB VoteC VoteD VoteE VoteF TotalB Diff Count
201212191841 강원도 정선군 64 50 0 20 29 1 0 0 0 50 50 1 		 
201212191919 강원도 정선군 1976 1501 2 767 721 1 1 4 5 1499 1451 2 		 
201212191920 강원도 정선군 4326 3195 8 1805 1363 1 1 8 9 3187 1694 3 		 
201212191924 강원도 정선군 6183 4520 17 2634 1843 2 2 9 13 4503 1325 4 		 
201212191928 강원도 정선군 6468 4731 17 2777 1907 2 2 9 17 4714 211 5 		 
201212191941 강원도 정선군 8105 5924 25 3557 2299 2 2 13 26 5899 1193 6 		 
201212191946 강원도 정선군 8818 6433 30 3848 2508 2 2 16 27 6403 509 7 		 
201212192002 강원도 정선군 9086 6608 34 3972 2554 2 2 16 28 6574 175 8 		 
201212192003 강원도 정선군 9357 6802 35 4112 2606 2 2 16 29 6767 194 9 		 
201212192008 강원도 정선군 9763 7101 37 4304 2706 2 2 17 33 7064 299 10 		 
201212192012 강원도 정선군 11522 8350 45 5147 3096 2 2 17 41 8305 1249 11 		 
201212192013 강원도 정선군 12146 8799 47 5432 3254 2 2 18 44 8752 449 12 		 
201212192014 강원도 정선군 12469 9019 50 5552 3348 2 2 18 47 8969 220 13 		 
201212192015 강원도 정선군 13659 10037 55 5977 3932 3 3 18 49 9982 1018 14 		 
201212192020 강원도 정선군 15274 11256 65 6804 4299 5 3 18 62 11191 1219 15 		 
201212192023 강원도 정선군 16473 12108 68 7344 4600 5 3 20 68 12040 852 16 		 
201212192029 강원도 정선군 19217 13997 72 8592 5228 5 4 21 75 13925 1889 17 		 
201212192040 강원도 정선군 20410 14874 84 9119 5556 5 5 27 78 14790 877 18 		 
201212192041 강원도 정선군 22259 16096 89 9864 6024 7 5 29 78 16007 1222 19 		 
201212192043 강원도 정선군 22705 16416 91 10062 6142 7 5 29 80 16325 320 20 		 
201212192044 강원도 정선군 23446 16940 93 10416 6305 7 5 29 85 16847 524 21 		 
201212192046 강원도 정선군 24294 17532 94 10820 6491 8 5 29 85 17438 592 22 		 
201212192048 강원도 정선군 24668 17827 96 11039 6561 8 5 30 88 17731 295 23 		 
201212192049 강원도 정선군 26529 18803 98 11569 6998 8 5 32 93 18705 976 24 		 
201212192050 강원도 정선군 26986 19162 100 11844 7074 8 5 32 99 19062 359 25 		 
201212192051 강원도 정선군 28259 20043 101 12440 7350 8 5 35 104 19942 881 26 		 
201212192052 강원도 정선군 29830 21149 102 13251 7641 8 5 37 105 21047 1106 27 		 
201212192053 강원도 정선군 30178 21410 103 13429 7720 8 5 37 108 21307 261 28 		 
201212192054 강원도 정선군 30997 22015 112 13813 7927 8 5 39 111 21903 605 29 		 
201212192055 강원도 정선군 32250 22964 122 14416 8252 9 6 40 119 22842 949 30 		 
201212192058 강원도 정선군 33419 23835 126 15009 8516 10 6 44 124 23709 871 31 		 
201212192059 강원도 정선군 33781 24116 130 15188 8610 11 6 45 126 23986 281 32 		 
