Time AreaA AreaB Total TotalA Invalid VoteA VoteB VoteC VoteD VoteE VoteF TotalB Diff Count
201212191906 강원도 양구군 232 173 2 130 40 0 0 0 1 171 173 1 		 
201212191910 강원도 양구군 623 482 4 309 168 0 0 0 1 478 309 2 		 
201212191919 강원도 양구군 1565 1209 11 773 417 0 1 2 5 1198 727 3 		 
201212191923 강원도 양구군 1964 1524 12 975 527 0 1 4 5 1512 315 4 		 
201212191931 강원도 양구군 3429 2601 13 1646 926 0 1 8 7 2588 1077 5 		 
201212191938 강원도 양구군 3901 2959 15 1894 1033 0 1 8 8 2944 358 6 		 
201212191943 강원도 양구군 4481 3384 17 2183 1166 0 1 8 9 3367 425 7 		 
201212191949 강원도 양구군 7298 5435 23 3449 1935 0 1 14 13 5412 2051 8 		 
201212191951 강원도 양구군 7442 5558 23 3532 1974 0 1 14 14 5535 123 9 		 
201212191955 강원도 양구군 7861 5901 25 3738 2106 0 1 14 17 5876 343 10 		 
201212191957 강원도 양구군 8631 6487 31 4077 2342 0 3 15 19 6456 586 11 		 
201212192001 강원도 양구군 9038 6800 31 4295 2434 0 4 15 21 6769 313 12 		 
201212192006 강원도 양구군 10546 7920 33 5014 2824 0 6 20 23 7887 1120 13 		 
201212192007 강원도 양구군 11009 8282 36 5250 2947 0 6 20 23 8246 362 14 		 
201212192011 강원도 양구군 11578 8717 37 5548 3080 0 6 21 25 8680 435 15 		 
201212192018 강원도 양구군 12408 9357 42 5969 3289 1 7 22 27 9315 640 16 		 
201212192022 강원도 양구군 13578 10217 47 6419 3686 2 8 24 31 10170 860 17 		 
201212192037 강원도 양구군 15429 11527 53 7265 4135 2 9 28 35 11474 1310 18 		 
201212192038 강원도 양구군 16409 12421 69 7759 4507 2 13 31 40 12352 894 19 		 
201212192047 강원도 양구군 18033 13665 71 8547 4957 3 13 33 41 13594 1244 20 		 
