Time AreaA AreaB Total TotalA Invalid VoteA VoteB VoteC VoteD VoteE VoteF TotalB Diff Count
201212191941 강원도 철원군 1266 906 3 580 317 1 0 1 4 903 906 1 		 
201212191947 강원도 철원군 2475 1821 7 1158 645 1 2 3 5 1814 915 2 		 
201212191951 강원도 철원군 3439 2526 7 1637 868 1 2 4 7 2519 705 3 		 
201212191955 강원도 철원군 4481 3297 9 2146 1125 1 2 5 9 3288 771 4 		 
201212191958 강원도 철원군 5933 4327 12 2822 1472 2 2 8 9 4315 1030 5 		 
201212192001 강원도 철원군 6578 4775 16 3152 1584 2 2 9 10 4759 448 6 		 
201212192015 강원도 철원군 7905 5512 28 3652 1802 3 2 10 15 5484 737 7 		 
201212192018 강원도 철원군 8017 5600 28 3711 1831 3 2 10 15 5572 88 8 		 
201212192019 강원도 철원군 8380 5880 29 3890 1930 3 3 10 15 5851 280 9 		 
201212192020 강원도 철원군 8707 6113 29 4053 1999 3 3 11 15 6084 233 10 		 
201212192022 강원도 철원군 9996 6956 30 4595 2294 3 3 13 18 6926 843 11 		 
201212192025 강원도 철원군 10894 7638 33 5076 2489 3 3 14 20 7605 682 12 		 
201212192035 강원도 철원군 13090 9349 35 6112 3157 3 3 17 22 9314 1711 13 		 
201212192041 강원도 철원군 16320 11638 44 7564 3974 5 3 20 28 11594 2289 14 		 
201212192043 강원도 철원군 17029 12161 46 7928 4127 5 4 22 29 12115 523 15 		 
201212192045 강원도 철원군 17744 12674 46 8336 4231 5 4 22 30 12628 513 16 		 
201212192053 강원도 철원군 19637 14013 51 9156 4737 7 5 25 32 13962 1339 17 		 
201212192055 강원도 철원군 19816 14159 51 9281 4755 7 5 27 33 14108 146 18 		 
201212192057 강원도 철원군 20288 14520 52 9535 4860 7 5 28 33 14468 361 19 		 
201212192059 강원도 철원군 21790 15585 52 10224 5234 7 6 29 33 15533 1065 20 		 
201212192108 강원도 철원군 22286 15935 53 10446 5361 7 6 29 33 15882 350 21 		 
201212192111 강원도 철원군 23878 16951 54 11107 5712 7 7 31 33 16897 1016 22 		 
201212192114 강원도 철원군 24386 17319 55 11308 5877 7 7 31 34 17264 368 23 		 
201212192117 강원도 철원군 25542 18156 57 11879 6140 7 8 31 34 18099 837 24 		 
201212192125 강원도 철원군 27031 19316 58 12707 6463 7 8 35 38 19258 1160 25 		 
201212192127 강원도 철원군 28300 20269 64 13310 6804 8 9 35 39 20205 953 26 		 
201212192128 강원도 철원군 28540 20446 65 13425 6865 8 9 35 39 20381 177 27 		 
201212192137 강원도 철원군 30191 21713 69 14301 7246 8 9 36 44 21644 1267 28 		 
201212192138 강원도 철원군 30883 22198 71 14620 7404 8 9 39 47 22127 485 29 		 
201212192140 강원도 철원군 31106 22380 72 14737 7468 8 9 39 47 22308 182 30 		 
201212192141 강원도 철원군 32802 23601 75 15590 7831 9 9 40 47 23526 1221 31 		 
201212192144 강원도 철원군 34303 24682 78 16300 8192 9 10 43 50 24604 1081 32 		 
201212192147 강원도 철원군 35337 25420 79 16782 8445 9 10 44 51 25341 738 33 		 
201212192150 강원도 철원군 36299 26129 82 17235 8693 9 10 47 53 26047 709 34 		 
201212192151 강원도 철원군 36641 26392 83 17412 8776 9 10 48 54 26309 263 35 		 
201212192206 강원도 철원군 38406 27996 103 18256 9502 10 15 53 57 27893 1604 36 		 
201212192207 강원도 철원군 38508 28063 103 18289 9536 10 15 53 57 27960 67 37 		 
