Time AreaA AreaB Total TotalA Invalid VoteA VoteB VoteC VoteD VoteE VoteF TotalB Diff Count
201212191849 강원도 영월군 75 53 0 20 32 0 0 1 0 53 53 1 		 
201212191914 강원도 영월군 2192 1573 4 938 622 1 1 5 2 1569 1520 2 		 
201212191919 강원도 영월군 4510 3282 10 1974 1285 2 1 6 4 3272 1709 3 		 
201212191921 강원도 영월군 6176 4495 19 2686 1771 3 1 7 8 4476 1213 4 		 
201212191925 강원도 영월군 6416 4676 20 2793 1841 3 2 8 9 4656 181 5 		 
201212191935 강원도 영월군 8693 6259 24 3807 2402 4 2 8 12 6235 1583 6 		 
201212191938 강원도 영월군 10415 7558 26 4642 2858 4 2 10 16 7532 1299 7 		 
201212191941 강원도 영월군 11335 8227 29 5083 3077 4 2 12 20 8198 669 8 		 
201212191942 강원도 영월군 11696 8474 29 5263 3142 4 2 13 21 8445 247 9 		 
201212191944 강원도 영월군 12077 8780 31 5496 3209 5 3 13 23 8749 306 10 		 
201212191945 강원도 영월군 13013 9486 35 5959 3444 5 3 15 25 9451 706 11 		 
201212191947 강원도 영월군 13392 9748 36 6128 3532 5 3 17 27 9712 262 12 		 
201212191954 강원도 영월군 13786 10040 36 6327 3623 5 3 18 28 10004 292 13 		 
201212191958 강원도 영월군 14644 10660 43 6706 3850 5 3 19 34 10617 620 14 		 
201212192000 강원도 영월군 15060 10938 46 6902 3925 5 3 20 37 10892 278 15 		 
201212192001 강원도 영월군 15686 11387 47 7226 4045 5 3 22 39 11340 449 16 		 
201212192008 강원도 영월군 19539 14152 50 8681 5336 7 5 25 48 14102 2765 17 		 
201212192010 강원도 영월군 21488 15575 56 9519 5913 7 5 26 49 15519 1423 18 		 
201212192016 강원도 영월군 23654 17136 65 10588 6383 7 8 29 56 17071 1561 19 		 
201212192017 강원도 영월군 24113 17471 67 10807 6495 7 8 29 58 17404 335 20 		 
201212192019 강원도 영월군 24812 17981 70 11154 6648 7 9 29 64 17911 510 21 		 
201212192022 강원도 영월군 25648 18608 73 11542 6874 8 9 32 70 18535 627 22 		 
201212192024 강원도 영월군 26926 19539 79 12136 7193 8 10 39 74 19460 931 23 		 
201212192026 강원도 영월군 27572 20030 84 12465 7340 8 10 40 83 19946 491 24 		 
201212192028 강원도 영월군 28147 20445 88 12765 7446 8 10 42 86 20357 415 25 		 
201212192029 강원도 영월군 28988 21043 90 13188 7614 8 10 42 91 20953 598 26 		 
201212192031 강원도 영월군 29468 21405 91 13409 7748 8 10 45 94 21314 362 27 		 
201212192035 강원도 영월군 29814 21655 92 13592 7812 8 11 46 94 21563 250 28 		 
201212192037 강원도 영월군 30621 22217 94 13985 7972 9 11 46 100 22123 562 29 		 
201212192042 강원도 영월군 32003 23469 117 14528 8641 11 16 49 107 23352 1252 30 		 
201212192053 강원도 영월군 33827 24853 124 15515 9021 12 16 55 110 24729 1384 31 		 
