Time AreaA AreaB Total TotalA Invalid VoteA VoteB VoteC VoteD VoteE VoteF TotalB Diff Count
201212191900 강원도 평창군 103 69 1 32 36 0 0 0 0 68 69 1 		 
201212191924 강원도 평창군 422 299 2 194 99 0 0 2 2 297 230 2 		 
201212191928 강원도 평창군 2293 1672 8 1025 629 0 2 2 6 1664 1373 3 		 
201212191931 강원도 평창군 2815 2078 10 1272 781 0 2 4 9 2068 406 4 		 
201212191934 강원도 평창군 3395 2493 11 1541 921 0 2 6 12 2482 415 5 		 
201212191941 강원도 평창군 4742 3463 18 2157 1260 0 2 7 19 3445 970 6 		 
201212191943 강원도 평창군 5299 3841 21 2419 1373 0 2 7 19 3820 378 7 		 
201212191945 강원도 평창군 5739 4167 21 2629 1485 0 2 8 22 4146 326 8 		 
201212191946 강원도 평창군 6210 4506 23 2825 1619 0 2 11 26 4483 339 9 		 
201212191948 강원도 평창군 7114 5142 23 3237 1836 0 4 14 28 5119 636 10 		 
201212191958 강원도 평창군 7304 5265 24 3313 1881 0 4 14 29 5241 123 11 		 
201212192000 강원도 평창군 8126 5808 26 3652 2078 0 4 14 34 5782 543 12 		 
201212192002 강원도 평창군 8908 6384 27 4028 2274 0 4 14 37 6357 576 13 		 
201212192004 강원도 평창군 11588 8377 35 5145 3132 1 4 19 41 8342 1993 14 		 
201212192008 강원도 평창군 12785 9240 43 5676 3446 1 4 24 46 9197 863 15 		 
201212192011 강원도 평창군 15091 10907 52 6680 4088 1 4 26 56 10855 1667 16 		 
201212192027 강원도 평창군 16007 11512 56 7055 4312 1 4 26 58 11456 605 17 		 
201212192030 강원도 평창군 17286 12680 76 7583 4923 3 5 29 61 12604 1168 18 		 
201212192033 강원도 평창군 17614 12917 77 7763 4973 3 5 30 66 12840 237 19 		 
201212192035 강원도 평창군 18268 13387 84 8078 5119 3 5 30 68 13303 470 20 		 
201212192037 강원도 평창군 19763 14342 84 8673 5476 3 5 30 71 14258 955 21 		 
201212192045 강원도 평창군 21849 15903 91 9706 5988 4 6 34 74 15812 1561 22 		 
201212192047 강원도 평창군 22428 16311 94 9963 6133 4 6 36 75 16217 408 23 		 
201212192049 강원도 평창군 23719 17237 100 10595 6416 4 6 38 78 17137 926 24 		 
201212192057 강원도 평창군 25224 18305 101 11281 6794 4 6 39 80 18204 1068 25 		 
201212192105 강원도 평창군 27166 19709 105 12150 7320 4 7 40 83 19604 1404 26 		 
201212192107 강원도 평창군 27654 20052 106 12394 7415 4 7 41 85 19946 343 27 		 
201212192109 강원도 평창군 28228 20451 109 12670 7533 5 7 41 86 20342 399 28 		 
201212192112 강원도 평창군 30593 22114 113 13749 8105 5 8 45 89 22001 1663 29 		 
201212192113 강원도 평창군 30952 22360 115 13915 8182 5 8 45 90 22245 246 30 		 
201212192115 강원도 평창군 31413 22685 117 14125 8289 5 8 46 95 22568 325 31 		 
201212192116 강원도 평창군 31887 23026 119 14333 8418 5 8 47 96 22907 341 32 		 
201212192122 강원도 평창군 34083 24482 122 15361 8835 6 8 50 100 24360 1456 33 		 
201212192126 강원도 평창군 36478 26084 130 16406 9381 6 8 53 100 25954 1602 34 		 
