Time AreaA AreaB Total TotalA Invalid VoteA VoteB VoteC VoteD VoteE VoteF TotalB Diff Count
201212191919 경기도 광명시 2438 1942 8 608 1320 0 0 5 1 1934 1942 1 		 
201212191922 경기도 광명시 4323 3294 14 1368 1895 0 1 9 7 3280 1352 2 		 
201212191924 경기도 광명시 6398 4848 20 2121 2688 0 1 11 7 4828 1554 3 		 
201212191927 경기도 광명시 9394 7076 24 2995 4028 0 1 15 13 7052 2228 4 		 
201212191928 경기도 광명시 13001 9489 34 4080 5338 0 2 20 15 9455 2413 5 		 
201212191931 경기도 광명시 15495 11554 38 4886 6587 0 4 23 16 11516 2065 6 		 
201212191933 경기도 광명시 18941 14465 47 6121 8245 1 6 28 17 14418 2911 7 		 
201212191934 경기도 광명시 20691 15765 56 6799 8845 3 7 35 20 15709 1300 8 		 
201212191935 경기도 광명시 23209 17893 61 7702 10061 4 7 38 20 17832 2128 9 		 
201212191936 경기도 광명시 25914 19928 66 8633 11155 4 8 40 22 19862 2035 10 		 
201212191937 경기도 광명시 28712 22343 69 9783 12411 4 8 44 24 22274 2415 11 		 
201212191941 경기도 광명시 32232 25127 78 10765 14198 4 9 46 27 25049 2784 12 		 
201212191943 경기도 광명시 36364 28039 90 12135 15714 5 12 53 30 27949 2912 13 		 
201212191944 경기도 광명시 40553 31021 101 13504 17305 6 12 60 33 30920 2982 14 		 
201212191950 경기도 광명시 41304 31593 102 13866 17513 6 12 60 34 31491 572 15 		 
201212191951 경기도 광명시 44855 34072 106 15007 18844 6 12 61 36 33966 2479 16 		 
201212191952 경기도 광명시 48130 36687 114 16210 20236 6 13 70 38 36573 2615 17 		 
201212191953 경기도 광명시 52247 40029 118 17579 22194 8 15 76 39 39911 3342 18 		 
201212191956 경기도 광명시 55631 42580 120 18706 23612 8 17 78 39 42460 2551 19 		 
201212191957 경기도 광명시 58877 45352 127 19881 25191 9 18 84 42 45225 2772 20 		 
201212191958 경기도 광명시 60035 46221 129 20409 25525 9 19 88 42 46092 869 21 		 
201212191959 경기도 광명시 64008 49075 136 21775 26996 10 20 95 43 48939 2854 22 		 
201212192002 경기도 광명시 67946 52213 147 23046 28846 10 22 97 45 52066 3138 23 		 
201212192006 경기도 광명시 72252 55238 159 24438 30457 10 23 103 48 55079 3025 24 		 
201212192007 경기도 광명시 75769 58074 162 25740 31976 10 27 111 48 57912 2836 25 		 
201212192009 경기도 광명시 79297 61003 169 26895 33732 10 27 118 52 60834 2929 26 		 
201212192026 경기도 광명시 82674 63756 176 27973 35386 11 34 121 55 63580 2753 27 		 
201212192027 경기도 광명시 85709 66216 179 28987 36821 11 34 128 56 66037 2460 28 		 
201212192028 경기도 광명시 90002 69779 189 30570 38777 13 36 135 59 69590 3563 29 		 
201212192030 경기도 광명시 94996 73586 197 32311 40819 14 38 146 61 73389 3807 30 		 
201212192031 경기도 광명시 98844 76339 210 33518 42339 17 40 152 63 76129 2753 31 		 
201212192032 경기도 광명시 102180 79080 214 34667 43918 17 43 155 66 78866 2741 32 		 
201212192037 경기도 광명시 105187 81139 218 35608 45027 17 44 155 70 80921 2059 33 		 
201212192038 경기도 광명시 107809 83163 221 36441 46212 17 44 157 71 82942 2024 34 		 
201212192039 경기도 광명시 111168 85891 224 37509 47862 17 44 162 73 85667 2728 35 		 
201212192042 경기도 광명시 114838 88603 235 38773 49290 17 44 166 78 88368 2712 36 		 
201212192043 경기도 광명시 118344 91278 244 39788 50932 19 44 170 81 91034 2675 37 		 
201212192047 경기도 광명시 122827 94429 252 41199 52653 19 47 172 87 94177 3151 38 		 
201212192050 경기도 광명시 125773 96844 259 42109 54147 20 47 173 89 96585 2415 39 		 
201212192051 경기도 광명시 130922 100722 268 43860 56260 21 47 175 91 100454 3878 40 		 
201212192052 경기도 광명시 134485 103728 275 45182 57927 22 47 184 91 103453 3006 41 		 
201212192053 경기도 광명시 137010 105827 282 46048 59149 22 50 185 91 105545 2099 42 		 
201212192102 경기도 광명시 140115 108158 295 47123 60381 23 53 189 94 107863 2331 43 		 
201212192108 경기도 광명시 142935 110278 301 47951 61654 23 57 193 99 109977 2120 44 		 
201212192111 경기도 광명시 146237 112661 309 48942 63032 23 58 196 101 112352 2383 45 		 
201212192112 경기도 광명시 149414 115331 313 50224 64404 26 60 201 103 115018 2670 46 		 
201212192113 경기도 광명시 153177 118200 318 51558 65926 27 62 204 105 117882 2869 47 		 
201212192114 경기도 광명시 157626 121788 328 53064 67988 28 64 209 107 121460 3588 48 		 
201212192115 경기도 광명시 159856 123497 330 53705 69052 29 64 210 107 123167 1709 49 		 
201212192119 경기도 광명시 165333 128010 339 55842 71402 32 65 221 109 127671 4513 50 		 
201212192120 경기도 광명시 168036 130221 344 56837 72600 32 66 229 113 129877 2211 51 		 
201212192124 경기도 광명시 172124 133244 363 58141 74291 33 67 234 115 132881 3023 52 		 
201212192125 경기도 광명시 175158 135808 366 59332 75654 33 69 236 118 135442 2564 53 		 
201212192126 경기도 광명시 178810 138515 369 60512 77166 34 69 245 120 138146 2707 54 		 
201212192127 경기도 광명시 182098 141074 376 61518 78710 34 70 245 121 140698 2559 55 		 
201212192128 경기도 광명시 186115 144286 391 63042 80376 34 70 248 125 143895 3212 56 		 
201212192131 경기도 광명시 189557 147098 396 64101 82115 36 72 253 125 146702 2812 57 		 
201212192132 경기도 광명시 191795 149053 401 64938 83222 38 72 256 126 148652 1955 58 		 
201212192133 경기도 광명시 195098 151815 410 65953 84948 38 75 261 130 151405 2762 59 		 
201212192136 경기도 광명시 198359 154419 415 67079 86416 38 76 263 132 154004 2604 60 		 
201212192139 경기도 광명시 205234 159661 434 69551 89146 39 82 269 140 159227 5242 61 		 
201212192140 경기도 광명시 209628 163249 438 71013 91257 39 84 276 142 162811 3588 62 		 
201212192141 경기도 광명시 211763 164757 441 71781 91989 39 85 278 144 164316 1508 63 		 
201212192143 경기도 광명시 214858 167399 453 72895 93496 40 90 280 145 166946 2642 64 		 
201212192146 경기도 광명시 215284 167714 454 73079 93624 40 90 281 146 167260 315 65 		 
201212192151 경기도 광명시 218406 170027 459 74066 94940 40 92 283 147 169568 2313 66 		 
201212192153 경기도 광명시 222303 173160 465 75522 96603 42 93 286 149 172695 3133 67 		 
201212192203 경기도 광명시 228070 178599 548 77993 99437 47 107 299 168 178051 5439 68 		 
201212192206 경기도 광명시 230817 180535 555 78912 100441 48 107 302 170 179980 1936 69 		 
201212192207 경기도 광명시 232264 181568 559 79314 101062 48 108 304 173 181009 1033 70 		 
201212192208 경기도 광명시 236288 184912 572 80700 102995 49 109 312 175 184340 3344 71 		 
201212192209 경기도 광명시 239518 187277 585 81773 104264 50 109 315 181 186692 2365 72 		 
201212192210 경기도 광명시 243047 190104 590 82872 105977 50 113 318 184 189514 2827 73 		 
201212192211 경기도 광명시 247731 193450 603 84427 107739 51 113 326 191 192847 3346 74 		 
201212192212 경기도 광명시 250646 195530 613 85329 108903 51 114 326 194 194917 2080 75 		 
201212192213 경기도 광명시 257585 201235 631 87897 111999 54 120 335 199 200604 5705 76 		 
201212192215 경기도 광명시 261293 203815 637 89072 113391 56 121 337 201 203178 2580 77 		 
201212192216 경기도 광명시 264293 206291 643 89987 114938 58 124 339 202 205648 2476 78 		 
201212192217 경기도 광명시 268836 209847 647 91491 116975 60 128 342 204 209200 3556 79 		 
201212192218 경기도 광명시 272210 212189 663 92636 118148 60 130 344 208 211526 2342 80 		 
201212192220 경기도 광명시 275013 214587 671 93594 119569 60 131 352 210 213916 2398 81 		 
201212192235 경기도 광명시 278075 216922 683 94631 120851 60 132 354 211 216239 2335 82 		 
