Time AreaA AreaB Total TotalA Invalid VoteA VoteB VoteC VoteD VoteE VoteF TotalB Diff Count
201212191947 경기도 동두천시 5072 3540 17 2094 1419 1 1 5 3 3523 3540 1 		 
201212191949 경기도 동두천시 7810 5487 21 3145 2305 1 2 10 3 5466 1947 2 		 
201212191953 경기도 동두천시 9892 6981 34 4055 2867 3 2 15 5 6947 1494 3 		 
201212192012 경기도 동두천시 14348 10116 49 5664 4371 3 2 19 8 10067 3135 4 		 
201212192015 경기도 동두천시 15076 10635 51 6031 4519 3 2 19 10 10584 519 5 		 
201212192021 경기도 동두천시 15849 11159 55 6380 4690 3 2 19 10 11104 524 6 		 
201212192024 경기도 동두천시 20964 14752 65 8262 6382 3 4 23 13 14687 3593 7 		 
201212192030 경기도 동두천시 22735 16418 90 9096 7163 5 12 29 23 16328 1666 8 		 
201212192032 경기도 동두천시 24830 17819 95 9955 7697 5 12 32 23 17724 1401 9 		 
201212192034 경기도 동두천시 28116 19970 104 11331 8455 6 12 35 27 19866 2151 10 		 
201212192038 경기도 동두천시 29575 20826 107 11866 8771 7 12 36 27 20719 856 11 		 
201212192041 경기도 동두천시 29839 21016 108 11968 8857 8 12 36 27 20908 190 12 		 
201212192048 경기도 동두천시 31305 22018 149 12618 9155 12 17 40 27 21869 1002 13 		 
201212192058 경기도 동두천시 33191 23377 153 13535 9589 13 17 42 28 23224 1359 14 		 
201212192059 경기도 동두천시 37012 26244 162 15045 10927 14 19 46 31 26082 2867 15 		 
201212192112 경기도 동두천시 39814 27907 167 16105 11520 15 19 48 33 27740 1663 16 		 
201212192116 경기도 동두천시 40533 28430 171 16464 11673 15 19 52 36 28259 523 17 		 
201212192118 경기도 동두천시 43995 30624 181 17874 12444 15 19 54 37 30443 2194 18 		 
201212192119 경기도 동두천시 46301 32116 188 18881 12919 15 19 57 37 31928 1492 19 		 
201212192123 경기도 동두천시 50499 35202 199 20547 14322 16 20 59 39 35003 3086 20 		 
201212192124 경기도 동두천시 52027 36198 203 21198 14658 16 20 61 42 35995 996 21 		 
201212192138 경기도 동두천시 55051 38067 219 22422 15278 16 22 64 46 37848 1869 22 		 
201212192139 경기도 동두천시 57370 39601 227 23362 15855 17 24 68 48 39374 1534 23 		 
201212192141 경기도 동두천시 58220 40202 235 23757 16048 18 24 70 50 39967 601 24 		 
201212192144 경기도 동두천시 59273 40918 241 24183 16330 18 24 71 51 40677 716 25 		 
201212192211 경기도 동두천시 62669 43343 248 25597 17328 19 24 74 53 43095 2425 26 		 
201212192215 경기도 동두천시 67465 46808 264 27571 18786 20 25 82 60 46544 3465 27 		 
201212192233 경기도 동두천시 71671 49720 275 29206 20039 23 27 88 62 49445 2912 28 		 
201212192247 경기도 동두천시 74561 51370 281 30228 20657 23 27 91 63 51089 1650 29 		 
201212192250 경기도 동두천시 77102 52983 291 31188 21295 25 27 92 65 52692 1613 30 		 
201212192330 경기도 동두천시 77102 52984 291 31188 21296 25 27 92 65 52693 1 31 		 
