Time AreaA AreaB Total TotalA Invalid VoteA VoteB VoteC VoteD VoteE VoteF TotalB Diff Count
201212191931 경기도 의왕시 2697 2198 5 1093 1087 0 1 10 2 2193 2198 1 		 
201212191956 경기도 의왕시 6120 4786 12 2350 2401 1 2 15 5 4774 2588 2 		 
201212192008 경기도 의왕시 9656 7573 17 3757 3766 1 3 19 10 7556 2787 3 		 
201212192011 경기도 의왕시 13037 10120 23 4912 5143 1 4 22 15 10097 2547 4 		 
201212192013 경기도 의왕시 16701 13209 31 6292 6841 1 4 25 15 13178 3089 5 		 
201212192014 경기도 의왕시 20623 16519 33 7864 8565 1 5 36 15 16486 3310 6 		 
201212192024 경기도 의왕시 24317 19507 39 9124 10276 2 6 42 18 19468 2988 7 		 
201212192025 경기도 의왕시 27325 21676 47 10186 11371 2 7 44 19 21629 2169 8 		 
201212192030 경기도 의왕시 30891 24357 58 11497 12718 3 8 50 23 24299 2681 9 		 
201212192034 경기도 의왕시 33590 26895 104 12721 13965 5 13 57 30 26791 2538 10 		 
201212192040 경기도 의왕시 37987 30522 109 14628 15671 5 16 63 30 30413 3627 11 		 
201212192042 경기도 의왕시 40287 32151 114 15379 16539 5 18 64 32 32037 1629 12 		 
201212192108 경기도 의왕시 44384 35194 121 17014 17925 6 20 73 35 35073 3043 13 		 
201212192109 경기도 의왕시 47384 37748 126 18362 19121 7 20 76 36 37622 2554 14 		 
201212192113 경기도 의왕시 50973 40778 128 19669 20835 7 20 79 40 40650 3030 15 		 
201212192115 경기도 의왕시 54756 43812 131 21052 22467 8 24 87 43 43681 3034 16 		 
201212192122 경기도 의왕시 57401 46002 139 22114 23575 8 24 96 46 45863 2190 17 		 
201212192123 경기도 의왕시 58200 46583 141 22317 23948 8 24 99 46 46442 581 18 		 
201212192126 경기도 의왕시 61454 49242 147 23432 25478 8 25 104 48 49095 2659 19 		 
201212192129 경기도 의왕시 65691 52635 151 24938 27345 9 28 114 50 52484 3393 20 		 
201212192135 경기도 의왕시 68137 54352 153 25865 28129 9 30 115 51 54199 1717 21 		 
201212192137 경기도 의왕시 70545 56074 157 26635 29070 10 31 118 53 55917 1722 22 		 
201212192139 경기도 의왕시 73698 58284 165 27715 30182 11 33 120 58 58119 2210 23 		 
201212192145 경기도 의왕시 76558 60527 171 28814 31310 11 34 127 60 60356 2243 24 		 
201212192153 경기도 의왕시 80117 63499 173 30193 32894 11 34 134 60 63326 2972 25 		 
201212192155 경기도 의왕시 84114 66748 176 31776 34539 11 36 148 62 66572 3249 26 		 
201212192157 경기도 의왕시 87051 69038 180 32738 35856 11 37 154 62 68858 2290 27 		 
201212192204 경기도 의왕시 90498 71907 186 34325 37124 12 38 159 63 71721 2869 28 		 
201212192206 경기도 의왕시 94184 74764 193 35827 38462 12 39 166 65 74571 2857 29 		 
201212192213 경기도 의왕시 97014 76981 201 36942 39543 12 41 173 69 76780 2217 30 		 
201212192216 경기도 의왕시 99707 79232 208 38024 40697 12 42 179 70 79024 2251 31 		 
201212192226 경기도 의왕시 103466 82052 217 39234 42284 13 43 189 72 81835 2820 32 		 
201212192228 경기도 의왕시 106163 84133 222 40208 43379 13 43 194 74 83911 2081 33 		 
201212192229 경기도 의왕시 109878 86925 233 41624 44733 13 44 200 78 86692 2792 34 		 
201212192231 경기도 의왕시 113138 89694 238 43046 46066 13 45 208 78 89456 2769 35 		 
201212192233 경기도 의왕시 116763 92386 244 44280 47508 13 49 210 82 92142 2692 36 		 
201212192240 경기도 의왕시 119634 94567 248 45541 48412 13 53 218 82 94319 2181 37 		 
