Time AreaA AreaB Total TotalA Invalid VoteA VoteB VoteC VoteD VoteE VoteF TotalB Diff Count
201212191933 경기도 가평군 3417 2461 8 1517 928 1 1 5 1 2453 2461 1 		 
201212191934 경기도 가평군 4537 3090 18 1976 1085 1 2 5 3 3072 629 2 		 
201212191937 경기도 가평군 7980 5690 25 3653 1990 2 3 7 10 5665 2600 3 		 
201212191940 경기도 가평군 8951 6414 29 4187 2172 2 4 7 13 6385 724 4 		 
201212191943 경기도 가평군 10187 7266 33 4770 2434 2 4 9 14 7233 852 5 		 
201212191946 경기도 가평군 12023 8610 37 5652 2884 2 7 11 17 8573 1344 6 		 
201212191948 경기도 가평군 12569 9020 41 5941 2997 2 8 11 20 8979 410 7 		 
201212191953 경기도 가평군 13746 9906 47 6560 3253 2 9 14 21 9859 886 8 		 
201212191958 경기도 가평군 16425 11890 54 7869 3917 2 10 17 21 11836 1984 9 		 
201212192000 경기도 가평군 17536 12677 56 8417 4151 2 10 19 22 12621 787 10 		 
201212192002 경기도 가평군 18180 13141 58 8740 4287 2 10 20 24 13083 464 11 		 
201212192006 경기도 가평군 18935 13685 62 9120 4444 2 10 20 27 13623 544 12 		 
201212192014 경기도 가평군 20116 14573 68 9752 4688 2 11 22 30 14505 888 13 		 
201212192016 경기도 가평군 22490 16263 79 10919 5188 3 13 22 39 16184 1690 14 		 
201212192018 경기도 가평군 22678 16398 80 10979 5261 3 13 22 40 16318 135 15 		 
201212192027 경기도 가평군 26224 18951 86 12529 6243 3 14 32 44 18865 2553 16 		 
201212192029 경기도 가평군 26970 19490 87 12880 6426 3 14 34 46 19403 539 17 		 
201212192035 경기도 가평군 27558 19930 94 13185 6548 4 14 34 51 19836 440 18 		 
201212192040 경기도 가평군 28214 20317 96 13440 6677 4 14 34 52 20221 387 19 		 
201212192044 경기도 가평군 30923 22840 236 14878 7496 49 30 69 82 22604 2523 20 		 
201212192046 경기도 가평군 34997 25752 246 16765 8499 50 31 73 88 25506 2912 21 		 
201212192048 경기도 가평군 36162 26601 252 17368 8734 50 32 76 89 26349 849 22 		 
201212192051 경기도 가평군 37269 27444 260 17971 8958 50 32 78 95 27184 843 23 		 
201212192053 경기도 가평군 39301 28965 266 18976 9460 52 33 81 97 28699 1521 24 		 
201212192055 경기도 가평군 39882 29400 268 19273 9594 52 33 82 98 29132 435 25 		 
201212192056 경기도 가평군 40434 29792 268 19572 9687 52 33 82 98 29524 392 26 		 
201212192058 경기도 가평군 41883 30878 273 20341 9987 52 34 84 107 30605 1086 27 		 
201212192100 경기도 가평군 43219 31870 279 21033 10272 54 34 87 111 31591 992 28 		 
201212192101 경기도 가평군 44245 32626 283 21579 10471 54 35 90 114 32343 756 29 		 
201212192103 경기도 가평군 44691 32953 284 21804 10568 54 35 91 117 32669 327 30 		 
201212192104 경기도 가평군 45072 33218 285 21991 10644 54 35 91 118 32933 265 31 		 
201212192106 경기도 가평군 45675 33689 286 22316 10787 55 35 91 119 33403 471 32 		 
201212192107 경기도 가평군 46340 34151 288 22655 10902 55 35 92 124 33863 462 33 		 
201212192109 경기도 가평군 47477 34987 290 23266 11116 55 36 93 131 34697 836 34 		 
201212192110 경기도 가평군 49177 36223 292 24209 11400 56 36 95 135 35931 1236 35 		 
201212192112 경기도 가평군 49684 36610 292 24478 11511 56 37 97 139 36318 387 36 		 
201212192113 경기도 가평군 50634 37316 298 24987 11696 56 38 98 143 37018 706 37 		 
