Time AreaA AreaB Total TotalA Invalid VoteA VoteB VoteC VoteD VoteE VoteF TotalB Diff Count
201212191916 경기도 파주시 1433 996 5 401 583 0 0 7 0 991 996 1 		 
201212191924 경기도 파주시 2784 2007 12 1088 889 1 1 13 3 1995 1011 2 		 
201212191925 경기도 파주시 2928 2123 12 1156 937 1 1 13 3 2111 116 3 		 
201212191928 경기도 파주시 4530 3216 19 1890 1284 2 1 14 6 3197 1093 4 		 
201212191931 경기도 파주시 6073 4281 21 2620 1611 2 2 14 11 4260 1065 5 		 
201212191934 경기도 파주시 8416 6242 25 3375 2810 2 4 15 11 6217 1961 6 		 
201212191938 경기도 파주시 11662 8536 33 4580 3881 2 5 18 17 8503 2294 7 		 
201212191940 경기도 파주시 14008 10166 36 5563 4517 2 6 22 20 10130 1630 8 		 
201212191941 경기도 파주시 17193 12680 43 6771 5810 2 7 26 21 12637 2514 9 		 
201212191944 경기도 파주시 20427 15037 46 7979 6949 2 7 30 24 14991 2357 10 		 
201212191945 경기도 파주시 23103 16616 50 8832 7669 2 7 31 25 16566 1579 11 		 
201212191950 경기도 파주시 25345 18163 56 9836 8205 2 7 32 25 18107 1547 12 		 
201212191951 경기도 파주시 28559 20774 61 10733 9910 2 7 36 25 20713 2611 13 		 
201212191953 경기도 파주시 29099 21220 63 10999 10088 2 7 36 25 21157 446 14 		 
201212191954 경기도 파주시 33235 24312 70 12605 11560 2 9 39 27 24242 3092 15 		 
201212191956 경기도 파주시 35933 26494 73 13483 12851 3 9 45 30 26421 2182 16 		 
201212191957 경기도 파주시 39503 29408 79 14808 14426 3 10 50 32 29329 2914 17 		 
201212191958 경기도 파주시 40735 30282 81 15374 14731 3 11 50 32 30201 874 18 		 
201212192000 경기도 파주시 41906 31162 86 15968 15005 4 11 53 35 31076 880 19 		 
201212192005 경기도 파주시 43258 32181 89 16617 15364 4 13 55 39 32092 1019 20 		 
201212192007 경기도 파주시 44363 32965 90 17127 15636 4 13 56 39 32875 784 21 		 
201212192008 경기도 파주시 46820 34658 93 18194 16250 6 14 57 44 34565 1693 22 		 
201212192009 경기도 파주시 53001 38977 104 20489 18252 6 17 60 49 38873 4319 23 		 
201212192012 경기도 파주시 54009 39729 108 20972 18515 6 17 60 51 39621 752 24 		 
201212192013 경기도 파주시 57026 41991 116 21990 19746 6 19 63 51 41875 2262 25 		 
201212192017 경기도 파주시 59184 43568 121 22869 20433 6 21 64 54 43447 1577 26 		 
201212192018 경기도 파주시 60436 44474 123 23455 20748 6 21 65 56 44351 906 27 		 
201212192019 경기도 파주시 61695 45322 123 24002 21046 7 22 65 57 45199 848 28 		 
201212192020 경기도 파주시 63809 46830 127 24968 21574 8 23 68 62 46703 1508 29 		 
201212192021 경기도 파주시 64521 47340 129 25341 21703 9 24 68 66 47211 510 30 		 
201212192022 경기도 파주시 67202 49060 134 26467 22285 10 24 72 68 48926 1720 31 		 
201212192025 경기도 파주시 71350 51588 145 28147 23110 11 27 74 74 51443 2528 32 		 
201212192027 경기도 파주시 73798 53292 152 28959 23985 11 27 78 80 53140 1704 33 		 
201212192030 경기도 파주시 78079 56378 164 30740 25265 12 28 86 83 56214 3086 34 		 
201212192031 경기도 파주시 82233 59171 167 32431 26355 13 29 90 86 59004 2793 35 		 
201212192032 경기도 파주시 86863 62770 172 34063 28309 13 30 94 89 62598 3599 36 		 
201212192033 경기도 파주시 88973 64175 177 34923 28844 13 30 95 93 63998 1405 37 		 
201212192035 경기도 파주시 93287 67301 182 36517 30355 15 33 103 96 67119 3126 38 		 
201212192037 경기도 파주시 95077 68490 190 37140 30908 17 33 103 99 68300 1189 39 		 
201212192038 경기도 파주시 97640 70246 197 37988 31804 18 33 104 102 70049 1756 40 		 
201212192040 경기도 파주시 102123 73631 207 39907 33252 19 34 106 106 73424 3385 41 		 
201212192042 경기도 파주시 104122 75076 209 40835 33764 19 34 107 108 74867 1445 42 		 
201212192043 경기도 파주시 106310 76719 214 41638 34589 20 37 110 111 76505 1643 43 		 
201212192045 경기도 파주시 107407 77508 218 42157 34854 20 37 110 112 77290 789 44 		 
201212192046 경기도 파주시 111342 80289 223 43514 36266 20 38 111 117 80066 2781 45 		 
201212192047 경기도 파주시 111626 80508 223 43647 36348 20 38 111 121 80285 219 46 		 
201212192048 경기도 파주시 113613 81919 226 44633 36764 20 40 113 123 81693 1411 47 		 
201212192050 경기도 파주시 121570 87604 234 47545 39519 20 40 117 129 87370 5685 48 		 
201212192051 경기도 파주시 126401 90844 243 49460 40827 21 40 120 133 90601 3240 49 		 
201212192052 경기도 파주시 127564 91674 246 50052 41055 21 40 126 134 91428 830 50 		 
201212192054 경기도 파주시 131730 94474 254 51471 42423 21 41 128 136 94220 2800 51 		 
201212192055 경기도 파주시 132472 95043 254 51855 42605 21 41 128 139 94789 569 52 		 
201212192056 경기도 파주시 135147 97068 257 52980 43494 21 42 132 142 96811 2025 53 		 
201212192058 경기도 파주시 137200 98473 265 53905 43963 22 43 133 142 98208 1405 54 		 
201212192059 경기도 파주시 138463 99418 269 54553 44249 22 43 136 146 99149 945 55 		 
201212192100 경기도 파주시 141540 101483 276 55836 45017 23 44 137 150 101207 2065 56 		 
201212192101 경기도 파주시 146152 104803 289 57771 46377 23 47 143 153 104514 3320 57 		 
201212192102 경기도 파주시 151309 108601 294 59865 48063 24 48 150 157 108307 3798 58 		 
201212192103 경기도 파주시 156012 112129 298 61280 50167 24 48 153 159 111831 3528 59 		 
201212192104 경기도 파주시 162341 116708 307 63768 52232 24 52 162 163 116401 4579 60 		 
201212192105 경기도 파주시 166406 119825 314 65465 53634 24 54 168 166 119511 3117 61 		 
201212192106 경기도 파주시 168778 121693 318 65942 55009 24 56 174 170 121375 1868 62 		 
201212192107 경기도 파주시 172336 124552 321 67032 56765 25 58 176 175 124231 2859 63 		 
201212192109 경기도 파주시 176655 127824 327 68937 58107 27 65 180 181 127497 3272 64 		 
201212192110 경기도 파주시 179118 129596 334 69945 58858 28 65 183 183 129262 1772 65 		 
201212192112 경기도 파주시 180610 130741 336 70501 59442 28 65 186 183 130405 1145 66 		 
201212192113 경기도 파주시 182080 131914 338 70913 60198 29 65 188 183 131576 1173 67 		 
201212192114 경기도 파주시 186615 134989 353 72778 61382 31 66 192 187 134636 3075 68 		 
201212192115 경기도 파주시 189194 136562 357 73859 61865 31 67 193 190 136205 1573 69 		 
201212192117 경기도 파주시 192113 138662 360 74988 62828 31 68 195 192 138302 2100 70 		 
201212192120 경기도 파주시 195295 140839 365 76532 63454 31 68 196 193 140474 2177 71 		 
201212192122 경기도 파주시 203196 146499 373 79148 66472 33 69 206 198 146126 5660 72 		 
201212192123 경기도 파주시 205446 148076 376 80079 67105 35 69 212 200 147700 1577 73 		 
201212192125 경기도 파주시 205848 148374 376 80259 67223 35 69 212 200 147998 298 74 		 
201212192126 경기도 파주시 209555 151091 381 81695 68493 35 69 215 203 150710 2717 75 		 
201212192127 경기도 파주시 217562 157097 387 84371 71791 38 70 229 211 156710 6006 76 		 
201212192129 경기도 파주시 221036 159580 427 85793 72794 39 72 234 221 159153 2483 77 		 
201212192130 경기도 파주시 226602 164021 436 87704 75301 41 73 242 224 163585 4441 78 		 
201212192132 경기도 파주시 231502 167809 447 89434 77333 41 77 251 226 167362 3788 79 		 
201212192133 경기도 파주시 237203 172564 481 90411 81031 45 84 260 252 172083 4755 80 		 
201212192134 경기도 파주시 241364 175791 488 92072 82577 46 86 263 259 175303 3227 81 		 
201212192135 경기도 파주시 241961 176256 489 92414 82697 46 86 263 261 175767 465 82 		 
201212192136 경기도 파주시 242882 176880 496 92840 82885 47 86 264 262 176384 624 83 		 
201212192137 경기도 파주시 247830 180705 505 94752 84779 48 89 268 264 180200 3825 84 		 
201212192138 경기도 파주시 250229 182581 508 95643 85755 48 90 272 265 182073 1876 85 		 
201212192139 경기도 파주시 253779 185114 515 96762 87150 49 95 276 267 184599 2533 86 		 
201212192140 경기도 파주시 258005 188300 524 98301 88780 49 96 282 268 187776 3186 87 		 
201212192141 경기도 파주시 261670 191146 529 99720 90192 50 97 288 270 190617 2846 88 		 
201212192142 경기도 파주시 266332 194865 538 101389 92227 50 98 292 271 194327 3719 89 		 
201212192145 경기도 파주시 269948 197653 539 102521 93876 51 98 296 272 197114 2788 90 		 
201212192147 경기도 파주시 272722 199416 542 103653 94499 53 98 297 274 198874 1763 91 		 
201212192149 경기도 파주시 278120 203394 552 105593 96519 53 98 302 277 202842 3978 92 		 
201212192150 경기도 파주시 278750 203860 556 105923 96650 53 98 303 277 203304 466 93 		 
201212192151 경기도 파주시 281666 206181 560 107027 97854 53 98 308 281 205621 2321 94 		 
201212192153 경기도 파주시 289980 211773 569 109838 100610 55 99 317 285 211204 5592 95 		 
201212192202 경기도 파주시 295198 216036 575 111510 103182 55 101 327 286 215461 4263 96 		 
201212192211 경기도 파주시 302153 222553 702 114672 106323 68 114 348 326 221851 6517 97 		 
