Time AreaA AreaB Total TotalA Invalid VoteA VoteB VoteC VoteD VoteE VoteF TotalB Diff Count
201212191927 경기도 시흥시 657 487 2 342 136 0 2 2 3 485 487 1 		 
201212191945 경기도 시흥시 4414 3122 9 1616 1485 0 2 5 5 3113 2635 2 		 
201212191955 경기도 시흥시 8429 6402 14 3032 3339 0 2 7 8 6388 3280 3 		 
201212191958 경기도 시흥시 10477 7878 17 3870 3972 0 2 8 9 7861 1476 4 		 
201212192000 경기도 시흥시 13423 9847 22 4963 4840 0 3 9 10 9825 1969 5 		 
201212192003 경기도 시흥시 17796 12967 27 6553 6357 0 4 10 16 12940 3120 6 		 
201212192010 경기도 시흥시 21068 15420 32 7849 7496 0 6 18 19 15388 2453 7 		 
201212192013 경기도 시흥시 26514 19180 48 9717 9362 1 7 26 19 19132 3760 8 		 
201212192015 경기도 시흥시 31349 22690 54 11388 11180 2 9 37 20 22636 3510 9 		 
201212192032 경기도 시흥시 36136 26424 62 13176 13101 4 12 47 22 26362 3734 10 		 
201212192036 경기도 시흥시 38140 28023 65 14014 13852 4 13 50 25 27958 1599 11 		 
201212192038 경기도 시흥시 41680 30580 70 15514 14896 4 13 55 28 30510 2557 12 		 
201212192040 경기도 시흥시 49143 36335 86 18295 17838 6 17 58 35 36249 5755 13 		 
201212192042 경기도 시흥시 52115 38650 92 19371 19063 7 19 63 35 38558 2315 14 		 
201212192043 경기도 시흥시 54676 40608 99 20396 19979 9 20 65 40 40509 1958 15 		 
201212192044 경기도 시흥시 59723 44704 107 22290 22164 9 21 69 44 44597 4096 16 		 
201212192045 경기도 시흥시 61243 45847 110 22939 22654 9 21 70 44 45737 1143 17 		 
201212192046 경기도 시흥시 64845 48552 121 24268 24014 9 22 72 46 48431 2705 18 		 
201212192047 경기도 시흥시 68595 51434 130 25566 25588 9 23 72 46 51304 2882 19 		 
201212192049 경기도 시흥시 72232 53888 136 26643 26948 10 24 77 50 53752 2454 20 		 
201212192052 경기도 시흥시 75555 56023 148 27678 28029 10 24 82 52 55875 2135 21 		 
201212192055 경기도 시흥시 78581 58283 152 28850 29099 11 25 90 56 58131 2260 22 		 
201212192106 경기도 시흥시 81298 60217 155 29762 30112 11 26 91 60 60062 1934 23 		 
201212192108 경기도 시흥시 84562 62549 160 30912 31284 11 26 96 60 62389 2332 24 		 
201212192112 경기도 시흥시 88877 65699 165 32419 32918 11 27 98 61 65534 3150 25 		 
201212192113 경기도 시흥시 92092 67148 170 33110 33667 11 27 100 63 66978 1449 26 		 
201212192117 경기도 시흥시 94389 68869 177 34224 34264 12 28 101 63 68692 1721 27 		 
201212192123 경기도 시흥시 99524 72485 190 35965 36115 17 28 105 65 72295 3616 28 		 
201212192129 경기도 시흥시 103811 75767 201 37445 37893 17 28 114 69 75566 3282 29 		 
201212192130 경기도 시흥시 107306 78495 208 38581 39468 18 29 120 71 78287 2728 30 		 
201212192132 경기도 시흥시 111711 81620 219 40215 40937 19 30 126 74 81401 3125 31 		 
201212192139 경기도 시흥시 114749 82972 224 40784 41709 19 32 129 75 82748 1352 32 		 
201212192146 경기도 시흥시 119019 86303 232 42272 43534 19 33 136 77 86071 3331 33 		 
201212192150 경기도 시흥시 122866 89031 241 43624 44893 20 34 138 81 88790 2728 34 		 
201212192151 경기도 시흥시 126178 91426 248 44818 46080 21 35 140 84 91178 2395 35 		 
201212192158 경기도 시흥시 130005 94225 258 46439 47239 21 35 143 90 93967 2799 36 		 
201212192203 경기도 시흥시 133870 95935 265 47206 48170 22 36 145 91 95670 1710 37 		 
201212192210 경기도 시흥시 137304 98622 271 48337 49713 23 38 148 92 98351 2687 38 		 
201212192214 경기도 시흥시 141548 102013 275 49768 51659 25 39 153 94 101738 3391 39 		 
201212192220 경기도 시흥시 145222 104707 284 51163 52940 26 39 160 95 104423 2694 40 		 
201212192221 경기도 시흥시 147972 106848 287 52225 54011 26 39 164 96 106561 2141 41 		 
201212192232 경기도 시흥시 152005 108772 291 53124 55026 27 41 167 96 108481 1924 42 		 
201212192234 경기도 시흥시 158388 111777 301 54254 56881 27 44 173 97 111476 3005 43 		 
201212192239 경기도 시흥시 158990 112201 302 54555 57002 27 44 174 97 111899 424 44 		 
201212192251 경기도 시흥시 163544 115497 307 56271 58563 28 46 181 101 115190 3296 45 		 
201212192253 경기도 시흥시 168250 118715 315 57718 60318 29 47 186 102 118400 3218 46 		 
201212192256 경기도 시흥시 172380 121525 321 59054 61782 30 47 188 103 121204 2810 47 		 
201212192257 경기도 시흥시 184122 131382 457 63804 66667 42 62 210 140 130925 9857 48 		 
201212192259 경기도 시흥시 189019 133785 462 64865 67996 44 65 212 141 133323 2403 49 		 
201212192300 경기도 시흥시 189957 134391 469 65088 68366 44 65 217 142 133922 606 50 		 
201212192301 경기도 시흥시 193920 137114 476 66277 69885 44 67 220 145 136638 2723 51 		 
201212192302 경기도 시흥시 198269 140429 481 67752 71713 45 67 223 148 139948 3315 52 		 
201212192304 경기도 시흥시 203419 144562 490 69456 74118 45 69 235 149 144072 4133 53 		 
201212192305 경기도 시흥시 206905 146306 493 70379 74930 46 69 237 152 145813 1744 54 		 
201212192307 경기도 시흥시 211284 149690 499 72057 76621 46 69 242 156 149191 3384 55 		 
201212192310 경기도 시흥시 214979 152636 505 73343 78258 48 69 253 160 152131 2946 56 		 
201212192312 경기도 시흥시 219197 155889 512 74729 80109 49 72 257 161 155377 3253 57 		 
201212192316 경기도 시흥시 223097 158256 517 75819 81373 51 73 259 164 157739 2367 58 		 
201212192318 경기도 시흥시 228627 162173 522 77561 83529 52 75 267 167 161651 3917 59 		 
201212192319 경기도 시흥시 232131 164823 530 78676 85051 52 75 272 167 164293 2650 60 		 
201212192322 경기도 시흥시 235336 167131 536 79573 86451 52 76 275 168 166595 2308 61 		 
201212192323 경기도 시흥시 241661 170935 543 81432 88379 52 77 280 172 170392 3804 62 		 
201212192324 경기도 시흥시 244612 173201 548 82381 89680 54 79 286 173 172653 2266 63 		 
201212192325 경기도 시흥시 245192 173652 548 82718 89794 54 79 286 173 173104 451 64 		 
201212192327 경기도 시흥시 249484 177108 555 84301 91648 55 81 293 175 176553 3456 65 		 
201212192328 경기도 시흥시 253701 180288 564 85724 93387 56 82 299 176 179724 3180 66 		 
201212192330 경기도 시흥시 257886 183569 570 87351 95026 56 84 305 177 182999 3281 67 		 
201212192337 경기도 시흥시 262692 186892 580 88794 96885 57 85 310 181 186312 3323 68 		 
201212192338 경기도 시흥시 266826 189860 591 90319 98311 58 86 312 183 189269 2968 69 		 
201212192340 경기도 시흥시 270956 192849 599 91665 99930 58 87 322 188 192250 2989 70 		 
201212192342 경기도 시흥시 274085 194981 601 92766 100951 59 89 322 193 194380 2132 71 		 
201212192343 경기도 시흥시 278424 198076 611 94323 102463 60 91 327 201 197465 3095 72 		 
201212192344 경기도 시흥시 282911 201573 617 95983 104277 62 93 335 206 200956 3497 73 		 
201212192346 경기도 시흥시 287077 204734 621 97370 106031 64 96 340 212 204113 3161 74 		 
201212192347 경기도 시흥시 291388 208089 626 98705 108035 66 96 348 213 207463 3355 75 		 
201212192348 경기도 시흥시 294464 210582 630 99714 109504 68 99 353 214 209952 2493 76 		 
201212192351 경기도 시흥시 299292 213775 637 101386 111010 69 99 357 217 213138 3193 77 		 
201212192353 경기도 시흥시 301719 215665 638 102267 112012 69 102 360 217 215027 1890 78 		 
