Time AreaA AreaB Total TotalA Invalid VoteA VoteB VoteC VoteD VoteE VoteF TotalB Diff Count
201212191935 경기도 수원시권선구 2200 1715 5 741 966 1 1 1 0 1710 1715 1 		 
201212191949 경기도 수원시권선구 5314 4290 17 1931 2333 2 1 4 2 4273 2575 2 		 
201212191951 경기도 수원시권선구 9315 7059 21 3404 3619 2 3 7 3 7038 2769 3 		 
201212191955 경기도 수원시권선구 12741 9892 26 4481 5364 2 4 10 5 9866 2833 4 		 
201212192011 경기도 수원시권선구 16135 12503 30 5896 6551 3 4 13 6 12473 2611 5 		 
201212192014 경기도 수원시권선구 19797 15454 38 7523 7859 4 5 18 7 15416 2951 6 		 
201212192015 경기도 수원시권선구 22591 17296 40 8532 8682 4 7 19 12 17256 1842 7 		 
201212192018 경기도 수원시권선구 27089 20029 47 9488 10444 5 9 22 14 19982 2733 8 		 
201212192021 경기도 수원시권선구 29590 21711 51 10474 11127 7 10 27 15 21660 1682 9 		 
201212192023 경기도 수원시권선구 32587 23514 56 11311 12086 7 10 28 16 23458 1803 10 		 
201212192027 경기도 수원시권선구 33622 24239 59 11746 12371 8 10 29 16 24180 725 11 		 
201212192028 경기도 수원시권선구 36323 26391 65 12804 13448 8 10 36 20 26326 2152 12 		 
201212192035 경기도 수원시권선구 38980 28070 73 13783 14135 8 12 38 21 27997 1679 13 		 
201212192036 경기도 수원시권선구 44830 32363 80 16097 16096 9 15 41 25 32283 4293 14 		 
201212192043 경기도 수원시권선구 48830 35286 83 17634 17469 9 16 47 28 35203 2923 15 		 
201212192044 경기도 수원시권선구 51589 37041 84 18575 18278 9 17 48 30 36957 1755 16 		 
201212192055 경기도 수원시권선구 55112 40031 98 20021 19799 9 18 55 31 39933 2990 17 		 
201212192056 경기도 수원시권선구 58082 42536 104 21242 21071 9 18 60 32 42432 2505 18 		 
201212192059 경기도 수원시권선구 61355 45295 113 22641 22413 9 19 65 35 45182 2759 19 		 
201212192103 경기도 수원시권선구 64342 47264 119 23768 23245 9 19 66 38 47145 1969 20 		 
201212192104 경기도 수원시권선구 72496 52480 138 26698 25499 9 21 73 42 52342 5216 21 		 
201212192109 경기도 수원시권선구 76479 55241 148 28208 26723 11 25 81 45 55093 2761 22 		 
201212192112 경기도 수원시권선구 81925 58644 157 29556 28760 11 25 82 53 58487 3403 23 		 
201212192114 경기도 수원시권선구 86019 61501 162 31097 30067 11 26 83 55 61339 2857 24 		 
201212192116 경기도 수원시권선구 89171 64048 165 32253 31450 11 26 88 55 63883 2547 25 		 
201212192120 경기도 수원시권선구 95424 68244 176 34383 33494 11 27 95 58 68068 4196 26 		 
201212192125 경기도 수원시권선구 99268 70757 180 35813 34563 14 28 99 60 70577 2513 27 		 
201212192127 경기도 수원시권선구 100268 71458 188 36080 34986 14 29 100 61 71270 701 28 		 
201212192128 경기도 수원시권선구 103409 74012 193 37183 36422 16 30 105 63 73819 2554 29 		 
201212192134 경기도 수원시권선구 109816 78952 202 39668 38854 17 32 112 67 78750 4940 30 		 
201212192136 경기도 수원시권선구 113735 81978 207 40886 40647 18 34 119 67 81771 3026 31 		 
201212192144 경기도 수원시권선구 118495 85327 212 42465 42390 20 38 130 72 85115 3349 32 		 
201212192147 경기도 수원시권선구 122286 88095 223 43859 43745 21 41 134 72 87872 2768 33 		 
201212192149 경기도 수원시권선구 124875 90015 226 44812 44702 22 42 138 73 89789 1920 34 		 
201212192150 경기도 수원시권선구 128513 92794 231 46131 46146 22 45 143 76 92563 2779 35 		 
201212192155 경기도 수원시권선구 132740 96400 240 47850 48013 22 45 153 77 96160 3606 36 		 
201212192156 경기도 수원시권선구 135379 98438 241 48807 49087 22 46 155 80 98197 2038 37 		 
201212192157 경기도 수원시권선구 138842 100686 246 49980 50157 22 46 155 80 100440 2248 38 		 
201212192201 경기도 수원시권선구 146321 106413 253 52713 53116 25 51 171 84 106160 5727 39 		 
201212192212 경기도 수원시권선구 154237 112119 267 55421 56091 25 51 176 88 111852 5706 40 		 
201212192213 경기도 수원시권선구 158537 115600 280 57044 57924 26 52 181 93 115320 3481 41 		 
201212192225 경기도 수원시권선구 166248 121168 289 59593 60916 28 60 188 94 120879 5568 42 		 
201212192226 경기도 수원시권선구 169987 124276 299 61115 62482 30 61 194 95 123977 3108 43 		 
201212192229 경기도 수원시권선구 174351 127472 320 62671 64080 32 66 204 99 127152 3196 44 		 
201212192230 경기도 수원시권선구 177207 129383 323 63740 64912 32 66 207 103 129060 1911 45 		 
201212192232 경기도 수원시권선구 181619 132205 329 65307 66149 32 67 214 107 131876 2822 46 		 
201212192241 경기도 수원시권선구 185087 134716 337 66601 67349 33 69 218 109 134379 2511 47 		 
201212192243 경기도 수원시권선구 193711 142439 449 70293 71184 49 85 239 140 141990 7723 48 		 
201212192252 경기도 수원시권선구 203057 149081 476 73803 74272 50 88 247 145 148605 6642 49 		 
201212192300 경기도 수원시권선구 206747 152093 486 75178 75888 51 91 252 147 151607 3012 50 		 
201212192301 경기도 수원시권선구 210544 154869 494 76517 77305 51 93 257 152 154375 2776 51 		 
201212192304 경기도 수원시권선구 219349 161598 515 79962 80543 53 96 271 158 161083 6729 52 		 
201212192307 경기도 수원시권선구 223920 164764 519 81612 82046 53 96 276 162 164245 3166 53 		 
201212192309 경기도 수원시권선구 228940 168340 524 83344 83876 53 97 281 165 167816 3576 54 		 
201212192313 경기도 수원시권선구 232990 171745 530 84934 85673 53 97 291 167 171215 3405 55 		 
201212192316 경기도 수원시권선구 237295 175195 535 86635 87404 53 99 298 171 174660 3450 56 		 
201212192322 경기도 수원시권선구 246813 182588 558 90423 90964 54 102 309 178 182030 7393 57 		 
201212192330 경기도 수원시권선구 251004 185994 569 92044 92724 54 104 319 180 185425 3406 58 		 
201212192336 경기도 수원시권선구 254886 189211 576 93535 94433 55 108 323 181 188635 3217 59 		 
201212192348 경기도 수원시권선구 258753 192297 584 94970 96064 57 109 330 183 191713 3086 60 		 
