Time AreaA AreaB Total TotalA Invalid VoteA VoteB VoteC VoteD VoteE VoteF TotalB Diff Count
201212191928 경기도 김포시 1403 994 0 615 376 0 0 2 1 994 994 1 		 
201212191939 경기도 김포시 3042 2264 2 1251 1005 0 1 4 1 2262 1270 2 		 
201212191944 경기도 김포시 4934 3698 4 2078 1600 1 2 11 2 3694 1434 3 		 
201212191945 경기도 김포시 7192 5283 9 2976 2277 2 2 13 4 5274 1585 4 		 
201212191947 경기도 김포시 9707 7085 12 4000 3050 2 3 13 5 7073 1802 5 		 
201212191952 경기도 김포시 12982 9451 17 5239 4169 2 3 16 5 9434 2366 6 		 
201212191954 경기도 김포시 16870 12455 22 6794 5603 5 5 19 7 12433 3004 7 		 
201212192011 경기도 김포시 19505 14525 32 7962 6485 5 6 23 12 14493 2070 8 		 
201212192013 경기도 김포시 22802 16643 34 9188 7371 5 7 25 13 16609 2118 9 		 
201212192020 경기도 김포시 24070 17607 36 9687 7827 5 8 29 15 17571 964 10 		 
201212192022 경기도 김포시 27428 20005 40 10954 8950 5 8 33 15 19965 2398 11 		 
201212192026 경기도 김포시 31906 23539 49 12807 10613 5 11 39 15 23490 3534 12 		 
201212192028 경기도 김포시 34982 26050 54 14032 11885 5 13 45 16 25996 2511 13 		 
201212192033 경기도 김포시 38285 28530 59 15458 12929 5 14 48 17 28471 2480 14 		 
201212192035 경기도 김포시 42119 31675 66 17057 14461 5 17 51 18 31609 3145 15 		 
201212192053 경기도 김포시 45677 34392 75 18421 15798 5 17 58 18 34317 2717 16 		 
201212192059 경기도 김포시 49435 37507 87 19995 17317 5 20 64 19 37420 3115 17 		 
201212192100 경기도 김포시 54502 41485 100 21907 19357 5 21 75 20 41385 3978 18 		 
201212192102 경기도 김포시 57862 44169 107 23377 20559 5 21 79 21 44062 2684 19 		 
201212192103 경기도 김포시 61418 47038 110 24981 21809 5 21 88 24 46928 2869 20 		 
201212192104 경기도 김포시 63477 48411 119 25855 22297 5 22 88 25 48292 1373 21 		 
201212192105 경기도 김포시 65496 49951 120 26943 22744 6 22 90 26 49831 1540 22 		 
201212192107 경기도 김포시 68728 52207 124 28060 23871 7 24 93 28 52083 2256 23 		 
201212192108 경기도 김포시 71503 54218 130 29194 24737 8 24 93 32 54088 2011 24 		 
201212192110 경기도 김포시 75394 57234 140 30808 26121 9 24 98 34 57094 3016 25 		 
201212192114 경기도 김포시 79193 60338 147 32342 27674 10 24 104 37 60191 3104 26 		 
201212192120 경기도 김포시 81413 61923 154 33260 28328 10 24 106 41 61769 1585 27 		 
201212192121 경기도 김포시 83062 63034 157 33984 28710 10 24 106 43 62877 1111 28 		 
201212192124 경기도 김포시 86678 65317 161 35176 29793 10 25 107 45 65156 2283 29 		 
201212192130 경기도 김포시 90588 68456 171 36763 31329 10 26 112 45 68285 3139 30 		 
201212192132 경기도 김포시 93851 71192 180 38216 32591 11 26 121 47 71012 2736 31 		 
201212192140 경기도 김포시 98153 74691 183 39943 34353 12 26 126 48 74508 3499 32 		 
201212192142 경기도 김포시 101369 77203 187 41314 35479 15 26 131 51 77016 2512 33 		 
201212192144 경기도 김포시 104610 79736 192 42594 36720 15 26 137 52 79544 2533 34 		 
201212192146 경기도 김포시 105514 80382 193 43073 36883 15 26 137 55 80189 646 35 		 
201212192147 경기도 김포시 107684 81975 202 43899 37639 15 26 137 57 81773 1593 36 		 
201212192148 경기도 김포시 110398 84147 204 44770 38933 15 27 141 57 83943 2172 37 		 
201212192149 경기도 김포시 112534 85672 212 45730 39476 19 27 146 62 85460 1525 38 		 
201212192150 경기도 김포시 113113 86086 213 46014 39602 19 27 148 63 85873 414 39 		 
201212192151 경기도 김포시 115583 87974 216 46993 40501 19 27 153 65 87758 1888 40 		 
201212192152 경기도 김포시 119010 90474 224 48275 41707 20 27 154 67 90250 2500 41 		 
201212192153 경기도 김포시 120273 91414 225 48934 41981 20 29 156 69 91189 940 42 		 
201212192154 경기도 김포시 124565 94843 234 50538 43786 20 30 162 73 94609 3429 43 		 
201212192158 경기도 김포시 128800 98069 243 52100 45432 20 31 169 74 97826 3226 44 		 
201212192200 경기도 김포시 129440 98529 244 52434 45554 20 31 172 74 98285 460 45 		 
201212192202 경기도 김포시 132102 100630 248 53633 46440 22 33 177 77 100382 2101 46 		 
201212192207 경기도 김포시 134693 102644 254 54615 47460 23 33 179 80 102390 2014 47 		 
201212192209 경기도 김포시 139320 106131 262 56119 49424 24 34 186 82 105869 3487 48 		 
201212192210 경기도 김포시 142237 108344 267 57393 50355 24 34 189 82 108077 2213 49 		 
201212192211 경기도 김포시 144568 109953 272 58450 50892 26 35 193 85 109681 1609 50 		 
201212192232 경기도 김포시 145776 110800 275 59033 51148 26 36 196 86 110525 847 51 		 
201212192236 경기도 김포시 147150 111761 279 59676 51459 26 36 199 86 111482 961 52 		 
201212192239 경기도 김포시 148417 112649 282 60286 51729 26 36 201 89 112367 888 53 		 
201212192241 경기도 김포시 149141 113164 284 60660 51863 26 36 203 92 112880 515 54 		 
201212192245 경기도 김포시 152368 115801 289 61976 53175 26 36 205 94 115512 2637 55 		 
201212192246 경기도 김포시 156218 118862 296 63709 54482 28 37 215 95 118566 3061 56 		 
201212192247 경기도 김포시 157289 119619 298 64215 54728 28 37 216 97 119321 757 57 		 
201212192250 경기도 김포시 160856 122054 305 65726 55636 29 39 219 100 121749 2435 58 		 
201212192252 경기도 김포시 164819 125150 310 67083 57358 29 40 228 102 124840 3096 59 		 
201212192253 경기도 김포시 168185 127449 318 68516 58205 29 42 233 106 127131 2299 60 		 
201212192255 경기도 김포시 172436 130537 332 70109 59682 29 43 235 107 130205 3088 61 		 
201212192256 경기도 김포시 175326 132480 337 71381 60344 29 43 238 108 132143 1943 62 		 
201212192257 경기도 김포시 176712 133411 339 71986 60662 30 43 243 108 133072 931 63 		 
201212192302 경기도 김포시 179153 135019 346 72949 61295 30 44 245 110 134673 1608 64 		 
201212192303 경기도 김포시 180630 136126 347 73757 61592 31 44 245 110 135779 1107 65 		 
201212192305 경기도 김포시 182331 137422 354 74627 62003 31 44 247 116 137068 1296 66 		 
201212192309 경기도 김포시 183518 138255 354 74982 62474 32 44 252 117 137901 833 67 		 
201212192312 경기도 김포시 185382 139602 357 75940 62853 33 44 255 120 139245 1347 68 		 
201212192313 경기도 김포시 190242 142705 367 77889 63985 33 50 259 122 142338 3103 69 		 
201212192314 경기도 김포시 195183 146564 376 80171 65543 34 50 266 124 146188 3859 70 		 
201212192323 경기도 김포시 195575 146863 378 80383 65627 35 50 266 124 146485 299 71 		 
201212192324 경기도 김포시 200431 151318 448 82593 67757 39 61 278 142 150870 4455 72 		 
201212192326 경기도 김포시 202569 152851 452 83364 68509 39 62 280 145 152399 1533 73 		 
201212192328 경기도 김포시 205844 155204 461 84624 69589 40 62 282 146 154743 2353 74 		 
201212192330 경기도 김포시 210633 159027 467 86187 71833 40 63 289 148 158560 3823 75 		 
201212192333 경기도 김포시 215467 162837 473 87630 74188 40 63 294 149 162364 3810 76 		 
201212192334 경기도 김포시 218508 164823 488 88941 74831 41 68 298 156 164335 1986 77 		 
201212200105 경기도 김포시 218508 164872 488 88962 74859 41 68 298 156 164384 49 78 		 
