Time AreaA AreaB Total TotalA Invalid VoteA VoteB VoteC VoteD VoteE VoteF TotalB Diff Count
201212191942 경기도 남양주시 3345 2426 7 1446 965 0 1 5 2 2419 1689 2 		 
201212191945 경기도 남양주시 5552 3979 14 2433 1516 0 3 9 4 3965 1553 3 		 
201212191954 경기도 남양주시 7469 5363 19 3308 2015 1 4 10 6 5344 1384 4 		 
201212191956 경기도 남양주시 8324 5993 23 3730 2218 1 4 10 7 5970 630 5 		 
201212192000 경기도 남양주시 9123 6609 24 4140 2419 1 5 12 8 6585 616 6 		 
201212192002 경기도 남양주시 10807 7672 31 4841 2773 1 5 13 8 7641 1063 7 		 
201212192004 경기도 남양주시 13608 9797 34 5898 3834 1 6 15 9 9763 2125 8 		 
201212192011 경기도 남양주시 17069 12593 42 7313 5196 2 9 22 9 12551 2796 9 		 
201212192013 경기도 남양주시 18862 13935 44 8241 5604 3 9 25 9 13891 1342 10 		 
201212192025 경기도 남양주시 21371 15756 45 9347 6312 3 11 26 12 15711 1821 11 		 
201212192028 경기도 남양주시 25791 19230 52 10767 8351 4 11 33 12 19178 3474 12 		 
201212192033 경기도 남양주시 30527 22849 66 12537 10175 4 12 42 13 22783 3619 13 		 
201212192038 경기도 남양주시 33572 25362 74 14008 11196 4 12 52 16 25288 2513 14 		 
201212192039 경기도 남양주시 35865 27231 83 14823 12236 4 13 56 16 27148 1869 15 		 
201212192041 경기도 남양주시 40793 31050 96 16644 14213 5 14 61 17 30954 3819 16 		 
201212192042 경기도 남양주시 43905 33277 98 17906 15170 6 14 63 20 33179 2227 17 		 
201212192045 경기도 남양주시 48529 36990 111 19802 16967 7 14 66 23 36879 3713 18 		 
201212192046 경기도 남양주시 53822 40625 119 21654 18729 7 14 74 28 40506 3635 19 		 
201212192048 경기도 남양주시 58155 43854 130 23341 20249 7 16 77 34 43724 3229 20 		 
201212192059 경기도 남양주시 63024 47567 143 25237 22046 8 16 80 37 47424 3713 21 		 
201212192101 경기도 남양주시 66761 50699 148 26969 23432 8 16 86 40 50551 3132 22 		 
201212192103 경기도 남양주시 70957 54138 158 28513 25301 8 19 95 44 53980 3439 23 		 
201212192106 경기도 남양주시 73942 56597 163 29946 26318 8 19 99 44 56434 2459 24 		 
201212192111 경기도 남양주시 77386 59135 177 31193 27589 8 19 102 47 58958 2538 25 		 
201212192113 경기도 남양주시 81687 62403 184 32799 29236 8 21 107 48 62219 3268 26 		 
201212192115 경기도 남양주시 84598 64455 187 34083 29987 10 22 113 53 64268 2052 27 		 
201212192116 경기도 남양주시 93289 71628 201 38201 33003 11 26 130 56 71427 7173 28 		 
201212192117 경기도 남양주시 97077 74726 209 39643 34637 12 27 138 60 74517 3098 29 		 
201212192120 경기도 남양주시 100707 77680 215 40980 36238 15 27 141 64 77465 2954 30 		 
201212192121 경기도 남양주시 103967 80146 221 42001 37665 16 30 146 67 79925 2466 31 		 
201212192123 경기도 남양주시 111000 85674 234 44617 40554 16 32 152 69 85440 5528 32 		 
201212192124 경기도 남양주시 114498 88163 243 45956 41695 16 32 152 69 87920 2489 33 		 
201212192125 경기도 남양주시 118710 91298 252 47573 43197 16 32 155 73 91046 3135 34 		 
201212192126 경기도 남양주시 122325 93767 257 48793 44434 16 33 157 77 93510 2469 35 		 
201212192127 경기도 남양주시 127227 97569 266 50741 46275 17 33 160 77 97303 3802 36 		 
201212192128 경기도 남양주시 134965 103123 276 53445 49100 18 37 167 80 102847 5554 37 		 
201212192129 경기도 남양주시 137799 105536 286 54624 50317 18 38 168 85 105250 2413 38 		 
201212192130 경기도 남양주시 140430 107330 293 55672 51052 19 38 169 87 107037 1794 39 		 
201212192131 경기도 남양주시 145026 110901 302 57102 53177 19 38 173 90 110599 3571 40 		 
201212192133 경기도 남양주시 150897 115241 314 59087 55506 20 39 181 94 114927 4340 41 		 
201212192135 경기도 남양주시 155236 118109 322 60728 56711 22 40 187 99 117787 2868 42 		 
201212192137 경기도 남양주시 164222 124924 340 63781 60434 23 41 200 105 124584 6815 43 		 
201212192138 경기도 남양주시 167281 127129 346 64980 61426 24 43 205 105 126783 2205 44 		 
201212192139 경기도 남양주시 170607 129355 348 66439 62182 25 44 209 108 129007 2226 45 		 
201212192142 경기도 남양주시 177951 134815 375 68949 65083 28 49 220 111 134440 5460 46 		 
201212192143 경기도 남양주시 181969 138004 385 70490 66712 29 49 226 113 137619 3189 47 		 
201212192145 경기도 남양주시 190992 144072 393 73845 69399 33 49 231 122 143679 6068 48 		 
201212192147 경기도 남양주시 195519 147609 410 75638 71121 33 50 235 122 147199 3537 49 		 
201212192148 경기도 남양주시 199939 150813 423 77418 72524 33 51 238 126 150390 3204 50 		 
201212192149 경기도 남양주시 202720 152735 435 78667 73174 34 51 243 131 152300 1922 51 		 
201212192151 경기도 남양주시 205897 155328 442 80012 74410 35 51 247 131 154886 2593 52 		 
201212192152 경기도 남양주시 209290 158037 447 81454 75665 35 53 250 133 157590 2709 53 		 
201212192153 경기도 남양주시 213767 160973 459 83151 76885 36 57 251 134 160514 2936 54 		 
201212192156 경기도 남양주시 220220 165009 474 85372 78666 39 61 259 138 164535 4036 55 		 
201212192158 경기도 남양주시 224239 167949 490 86914 80043 40 62 261 139 167459 2940 56 		 
201212192159 경기도 남양주시 231159 172648 505 89298 82333 41 63 267 141 172143 4699 57 		 
201212192201 경기도 남양주시 239485 178554 533 92313 85179 41 64 275 149 178021 5906 58 		 
201212192202 경기도 남양주시 249395 185918 554 95975 88846 42 66 280 155 185364 7364 59 		 
201212192205 경기도 남양주시 252975 188317 560 97108 90095 42 68 286 158 187757 2399 60 		 
201212192206 경기도 남양주시 259926 193307 569 99507 92658 43 70 292 168 192738 4990 61 		 
201212192207 경기도 남양주시 261685 194646 573 100352 93143 43 70 295 170 194073 1339 62 		 
201212192208 경기도 남양주시 267365 198935 580 102374 95397 43 72 298 171 198355 4289 63 		 
201212192209 경기도 남양주시 272081 202365 591 104179 97002 43 73 301 176 201774 3430 64 		 
201212192214 경기도 남양주시 276503 205549 602 105817 98528 44 74 307 177 204947 3184 65 		 
201212192215 경기도 남양주시 280933 208436 610 107370 99846 45 74 312 179 207826 2887 66 		 
201212192216 경기도 남양주시 288810 214265 625 110299 102705 48 75 329 184 213640 5829 67 		 
201212192218 경기도 남양주시 296336 219807 643 113185 105330 50 76 335 188 219164 5542 68 		 
201212192220 경기도 남양주시 303470 225248 654 115784 108145 51 76 347 191 224594 5441 69 		 
201212192221 경기도 남양주시 308780 228757 665 117609 109810 51 76 353 193 228092 3509 70 		 
201212192222 경기도 남양주시 314353 232477 668 119490 111633 53 78 359 196 231809 3720 71 		 
201212192223 경기도 남양주시 318931 235643 671 121033 113248 53 79 361 198 234972 3166 72 		 
201212192224 경기도 남양주시 323169 238483 707 122870 114194 53 81 366 212 237776 2840 73 		 
201212192225 경기도 남양주시 333681 246102 734 126674 117960 54 86 378 216 245368 7619 74 		 
201212192227 경기도 남양주시 340186 251303 740 129060 120753 54 90 386 220 250563 5201 75 		 
201212192232 경기도 남양주시 341524 252212 743 129633 121083 54 90 389 220 251469 909 76 		 
201212192234 경기도 남양주시 349683 258342 755 132833 123970 57 93 406 228 257587 6130 77 		 
201212192237 경기도 남양주시 356876 263831 765 135497 126769 58 95 416 231 263066 5489 78 		 
201212192239 경기도 남양주시 361447 267093 776 137206 128297 58 100 424 232 266317 3262 79 		 
201212192242 경기도 남양주시 367451 271145 786 139390 130146 59 100 425 239 270359 4052 80 		 
201212192243 경기도 남양주시 370992 273895 793 140561 131712 59 101 429 240 273102 2750 81 		 
201212192244 경기도 남양주시 377644 278883 802 142999 134242 60 102 433 245 278081 4988 82 		 
201212192245 경기도 남양주시 380939 281473 806 144194 135625 60 104 439 245 280667 2590 83 		 
201212192246 경기도 남양주시 384913 284371 811 145556 137149 60 104 443 248 283560 2898 84 		 
201212192247 경기도 남양주시 388753 286912 819 146756 138473 60 106 447 251 286093 2541 85 		 
201212192248 경기도 남양주시 391821 289066 825 147985 139385 60 107 451 253 288241 2154 86 		 
201212192249 경기도 남양주시 395660 291634 834 149495 140426 60 110 454 255 290800 2568 87 		 
201212192251 경기도 남양주시 400771 295731 841 151200 142799 61 113 461 256 294890 4097 88 		 
201212192252 경기도 남양주시 405164 298481 847 152662 144073 61 114 464 260 297634 2750 89 		 
201212192254 경기도 남양주시 413786 304550 868 155779 146986 62 116 473 266 303682 6069 90 		 
201212192257 경기도 남양주시 418671 307484 868 157493 148201 61 118 473 270 306616 2934 91 		 
201212192259 경기도 남양주시 422859 310613 875 158858 149951 61 120 478 270 309738 3129 92 		 
201212192300 경기도 남양주시 427470 313925 891 160578 151519 64 121 481 271 313034 3312 93 		 
201212192301 경기도 남양주시 431681 317228 904 162165 153214 64 121 489 271 316324 3303 94 		 
201212192303 경기도 남양주시 440719 323493 921 165448 156167 66 123 495 273 322572 6265 95 		 
201212192307 경기도 남양주시 444649 326356 931 166952 157510 67 125 497 274 325425 2863 96 		 
201212192333 경기도 남양주시 454216 335323 1099 171230 161920 85 142 524 323 334224 8967 97 		 
