Time AreaA AreaB Total TotalA Invalid VoteA VoteB VoteC VoteD VoteE VoteF TotalB Diff Count
201212191943 경기도 오산시 2040 1363 6 863 486 0 2 4 2 1357 1363 1 		 
201212191952 경기도 오산시 5343 3667 13 2249 1390 0 4 5 6 3654 2304 2 		 
201212191957 경기도 오산시 9247 6253 19 3776 2433 1 8 7 9 6234 2586 3 		 
201212191958 경기도 오산시 12358 8537 36 5003 3468 1 8 11 10 8501 2284 4 		 
201212192002 경기도 오산시 17033 11960 42 6447 5428 1 10 16 16 11918 3423 5 		 
201212192005 경기도 오산시 21461 15447 54 8412 6930 1 11 21 18 15393 3487 6 		 
201212192008 경기도 오산시 24621 17888 56 9472 8301 1 14 24 20 17832 2441 7 		 
201212192010 경기도 오산시 29071 20847 58 10773 9950 2 15 26 23 20789 2959 8 		 
201212192014 경기도 오산시 33122 23478 62 12401 10942 3 15 30 25 23416 2631 9 		 
201212192018 경기도 오산시 36284 25951 63 13649 12158 3 16 32 30 25888 2473 10 		 
201212192025 경기도 오산시 39587 28571 65 14725 13691 5 17 37 31 28506 2620 11 		 
201212192028 경기도 오산시 47293 34227 77 17228 16818 5 18 46 35 34150 5656 12 		 
201212192030 경기도 오산시 52306 37775 84 18871 18706 5 20 51 38 37691 3548 13 		 
201212192033 경기도 오산시 56942 41105 91 20736 20154 5 20 58 41 41014 3330 14 		 
201212192035 경기도 오산시 59458 43052 94 21681 21147 6 22 60 42 42958 1947 15 		 
201212192037 경기도 오산시 61786 44743 98 22644 21864 6 24 61 46 44645 1691 16 		 
201212192038 경기도 오산시 65730 47396 102 23916 23233 7 25 66 47 47294 2653 17 		 
201212192040 경기도 오산시 68078 49388 106 24895 24235 7 27 70 48 49282 1992 18 		 
201212192051 경기도 오산시 71457 52061 112 26258 25530 8 27 76 50 51949 2673 19 		 
201212192055 경기도 오산시 75301 54832 131 27784 26741 8 28 83 57 54701 2771 20 		 
201212192056 경기도 오산시 79722 57947 140 29424 28195 9 29 88 62 57807 3115 21 		 
201212192103 경기도 오산시 81829 59440 143 30123 28980 9 30 89 66 59297 1493 22 		 
201212192104 경기도 오산시 85542 62558 147 31496 30710 10 32 94 69 62411 3118 23 		 
201212192107 경기도 오산시 90274 66205 152 33121 32715 10 33 102 72 66053 3647 24 		 
201212192110 경기도 오산시 93600 68795 159 34291 34117 10 38 107 73 68636 2590 25 		 
201212192112 경기도 오산시 96197 70807 164 35167 35245 10 38 110 73 70643 2012 26 		 
201212192115 경기도 오산시 99079 72905 170 36220 36274 11 39 115 76 72735 2098 27 		 
201212192117 경기도 오산시 102183 75512 175 37462 37629 11 40 118 77 75337 2607 28 		 
201212192124 경기도 오산시 104793 77255 182 38503 38319 12 40 120 79 77073 1743 29 		 
201212192130 경기도 오산시 108839 80312 187 40072 39789 13 41 125 85 80125 3057 30 		 
201212192135 경기도 오산시 110835 81918 190 40783 40677 13 42 127 86 81728 1606 31 		 
201212192141 경기도 오산시 113566 83879 195 41679 41731 13 43 129 89 83684 1961 32 		 
201212192146 경기도 오산시 115958 85663 201 42545 42641 13 43 131 89 85462 1784 33 		 
201212192150 경기도 오산시 118742 88266 245 43843 43872 17 49 140 100 88021 2603 34 		 
201212192153 경기도 오산시 121378 90255 247 44789 44903 19 51 144 102 90008 1989 35 		 
201212192154 경기도 오산시 124891 91683 249 45336 45773 19 55 145 106 91434 1428 36 		 
201212192156 경기도 오산시 129471 93593 257 46079 46923 19 58 147 110 93336 1910 37 		 
201212192157 경기도 오산시 132230 95505 261 47187 47707 21 60 152 117 95244 1912 38 		 
201212192159 경기도 오산시 132698 95804 263 47296 47893 21 61 153 117 95541 299 39 		 
201212192200 경기도 오산시 135849 97307 268 47912 48770 21 64 155 117 97039 1503 40 		 
201212192202 경기도 오산시 140371 100998 270 49567 50796 23 64 159 119 100728 3691 41 		 
201212192203 경기도 오산시 142687 102620 275 50348 51627 24 65 162 119 102345 1622 42 		 
201212192205 경기도 오산시 144897 104053 286 51185 52204 25 66 162 125 103767 1433 43 		 
201212192206 경기도 오산시 147979 106486 290 52301 53507 26 67 166 129 106196 2433 44 		 
