Time AreaA AreaB Total TotalA Invalid VoteA VoteB VoteC VoteD VoteE VoteF TotalB Diff Count
201212191935 경기도 부천시소사구 3708 2710 11 1305 1383 1 1 5 4 2699 2710 1 		 
201212191939 경기도 부천시소사구 6437 4879 12 2285 2566 1 3 6 6 4867 2169 2 		 
201212191951 경기도 부천시소사구 10420 8010 20 3692 4272 1 4 11 10 7990 3131 3 		 
201212191957 경기도 부천시소사구 14249 10704 29 5071 5570 1 5 14 14 10675 2694 4 		 
201212191959 경기도 부천시소사구 17606 13248 32 6255 6921 1 6 19 14 13216 2544 5 		 
201212192001 경기도 부천시소사구 21477 16018 41 7509 8422 1 8 22 15 15977 2770 6 		 
201212192005 경기도 부천시소사구 24237 18353 45 8547 9705 1 11 27 17 18308 2335 7 		 
201212192007 경기도 부천시소사구 28375 21227 48 9947 11164 2 16 33 17 21179 2874 8 		 
201212192009 경기도 부천시소사구 31750 23532 57 11101 12297 3 16 39 19 23475 2305 9 		 
201212192010 경기도 부천시소사구 36169 26711 66 12730 13830 4 17 41 23 26645 3179 10 		 
201212192013 경기도 부천시소사구 40910 30383 78 14427 15783 4 24 42 25 30305 3672 11 		 
201212192014 경기도 부천시소사구 43783 32578 80 15376 17023 5 25 43 26 32498 2195 12 		 
201212192016 경기도 부천시소사구 47725 35251 88 16718 18334 6 27 47 31 35163 2673 13 		 
201212192017 경기도 부천시소사구 51128 37751 98 17775 19756 7 28 52 35 37653 2500 14 		 
201212192018 경기도 부천시소사구 53515 39805 107 18666 20905 7 30 53 37 39698 2054 15 		 
201212192019 경기도 부천시소사구 57634 42768 111 19935 22591 7 31 56 37 42657 2963 16 		 
201212192022 경기도 부천시소사구 61572 45409 121 21245 23905 8 31 59 40 45288 2641 17 		 
201212192025 경기도 부천시소사구 65637 48271 128 22573 25416 9 37 65 43 48143 2862 18 		 
201212192028 경기도 부천시소사구 68923 50737 134 23742 26690 10 38 77 46 50603 2466 19 		 
201212192029 경기도 부천시소사구 74222 54409 143 25528 28560 10 41 79 48 54266 3672 20 		 
201212192030 경기도 부천시소사구 78643 57523 152 26998 30188 11 43 81 50 57371 3114 21 		 
201212192032 경기도 부천시소사구 82303 60175 164 28193 31620 13 43 89 53 60011 2652 22 		 
201212192033 경기도 부천시소사구 85890 62723 175 29353 32992 16 43 90 54 62548 2548 23 		 
201212192034 경기도 부천시소사구 89469 65370 185 30506 34471 16 43 92 57 65185 2647 24 		 
201212192037 경기도 부천시소사구 93576 68282 193 31904 35970 17 43 96 59 68089 2912 25 		 
201212192043 경기도 부천시소사구 97560 72025 295 33640 37838 21 52 105 74 71730 3743 26 		 
201212192044 경기도 부천시소사구 101133 74358 301 34813 38988 21 53 107 75 74057 2333 27 		 
201212192046 경기도 부천시소사구 105160 77606 309 36293 40737 23 57 110 77 77297 3248 28 		 
201212192048 경기도 부천시소사구 110318 81681 316 38003 43084 23 59 116 80 81365 4075 29 		 
201212192102 경기도 부천시소사구 114382 84711 327 39269 44827 23 61 120 84 84384 3030 30 		 
201212192108 경기도 부천시소사구 115356 85402 333 39530 45247 25 62 121 84 85069 691 31 		 
201212192110 경기도 부천시소사구 116578 86206 336 39974 45600 25 63 122 86 85870 804 32 		 
201212192111 경기도 부천시소사구 121490 89409 345 41495 47258 25 66 131 89 89064 3203 33 		 
201212192113 경기도 부천시소사구 125043 92361 357 42773 48916 25 66 133 91 92004 2952 34 		 
201212192116 경기도 부천시소사구 128795 95410 359 44155 50571 26 66 142 91 95051 3049 35 		 
201212192118 경기도 부천시소사구 132727 98401 365 45622 52077 26 67 151 93 98036 2991 36 		 
201212192119 경기도 부천시소사구 136607 101274 375 46963 53593 27 67 155 94 100899 2873 37 		 
201212192120 경기도 부천시소사구 140403 104401 381 48362 55302 28 71 160 97 104020 3127 38 		 
201212192122 경기도 부천시소사구 144439 107769 390 50071 56930 28 78 169 103 107379 3368 39 		 
201212192123 경기도 부천시소사구 148091 110614 401 51399 58429 28 81 170 106 110213 2845 40 		 
201212192126 경기도 부천시소사구 151870 113492 416 52717 59963 30 86 173 107 113076 2878 41 		 
201212192129 경기도 부천시소사구 154719 115616 425 53718 61071 31 86 175 110 115191 2124 42 		 
201212192130 경기도 부천시소사구 158370 118744 427 55190 62716 31 87 177 116 118317 3128 43 		 
201212192131 경기도 부천시소사구 161918 121087 438 56311 63919 32 89 182 116 120649 2343 44 		 
201212192133 경기도 부천시소사구 165544 124081 440 57860 65351 32 91 190 117 123641 2994 45 		 
201212192134 경기도 부천시소사구 169435 127056 449 59122 67045 33 95 195 117 126607 2975 46 		 
201212192136 경기도 부천시소사구 174000 130804 457 60648 69250 33 98 200 118 130347 3748 47 		 
201212192139 경기도 부천시소사구 177566 133461 470 61948 70581 33 101 207 121 132991 2657 48 		 
201212192151 경기도 부천시소사구 181344 136457 477 63217 72293 33 105 209 123 135980 2996 49 		 
201212192153 경기도 부천시소사구 185997 140133 488 64835 74327 34 106 217 126 139645 3676 50 		 
