Time AreaA AreaB Total TotalA Invalid VoteA VoteB VoteC VoteD VoteE VoteF TotalB Diff Count
201212191917 경기도 부천시오정구 568 375 1 149 224 0 0 1 0 374 375 1 		 
201212191940 경기도 부천시오정구 4676 3270 9 1567 1684 2 2 2 4 3261 2895 2 		 
201212191943 경기도 부천시오정구 8881 6527 17 3141 3346 3 2 9 9 6510 3257 3 		 
201212191947 경기도 부천시오정구 13008 9662 25 4488 5111 4 4 18 12 9637 3135 4 		 
201212191953 경기도 부천시오정구 16949 12428 33 5732 6614 5 5 21 18 12395 2766 5 		 
201212192003 경기도 부천시오정구 21118 15281 42 7073 8111 8 5 22 20 15239 2853 6 		 
201212192007 경기도 부천시오정구 24858 17861 50 8267 9479 9 6 26 24 17811 2580 7 		 
201212192010 경기도 부천시오정구 29226 20842 58 9649 11059 10 11 28 27 20784 2981 8 		 
201212192012 경기도 부천시오정구 33136 23681 68 10981 12552 12 11 29 28 23613 2839 9 		 
201212192014 경기도 부천시오정구 36768 26273 71 12301 13815 12 11 33 30 26202 2592 10 		 
201212192016 경기도 부천시오정구 40573 28900 79 13485 15239 12 11 40 34 28821 2627 11 		 
201212192019 경기도 부천시오정구 44297 31380 84 14675 16515 13 13 45 35 31296 2480 12 		 
201212192021 경기도 부천시오정구 47468 33893 88 15837 17847 14 15 51 41 33805 2513 13 		 
201212192024 경기도 부천시오정구 51311 36557 97 17102 19229 15 15 54 45 36460 2664 14 		 
201212192026 경기도 부천시오정구 55706 39569 106 18445 20882 17 16 57 46 39463 3012 15 		 
201212192028 경기도 부천시오정구 60785 43209 116 20063 22888 17 16 62 47 43093 3640 16 		 
201212192030 경기도 부천시오정구 64344 45748 124 21259 24215 17 17 66 50 45624 2539 17 		 
201212192033 경기도 부천시오정구 67521 48067 132 22335 25442 17 18 72 51 47935 2319 18 		 
201212192034 경기도 부천시오정구 68008 48406 133 22572 25542 17 19 72 51 48273 339 19 		 
201212192042 경기도 부천시오정구 71958 51243 138 23860 27079 17 20 77 52 51105 2837 20 		 
201212192044 경기도 부천시오정구 75760 53956 143 25108 28525 19 21 79 61 53813 2713 21 		 
201212192046 경기도 부천시오정구 78569 55984 148 25989 29660 19 21 81 66 55836 2028 22 		 
201212192048 경기도 부천시오정구 83271 59355 160 27571 31427 19 23 85 70 59195 3371 23 		 
201212192050 경기도 부천시오정구 85367 60989 164 28404 32218 19 23 89 72 60825 1634 24 		 
201212192051 경기도 부천시오정구 89212 63763 174 29712 33660 20 25 98 74 63589 2774 25 		 
201212192100 경기도 부천시오정구 94041 67212 184 31241 35563 20 27 102 75 67028 3449 26 		 
201212192102 경기도 부천시오정구 97359 70359 237 32690 37177 22 36 108 89 70122 3147 27 		 
201212192105 경기도 부천시오정구 102614 74515 248 34511 39488 23 38 115 92 74267 4156 28 		 
201212192107 경기도 부천시오정구 106943 77451 260 35825 41086 23 40 122 95 77191 2936 29 		 
201212192110 경기도 부천시오정구 109682 79419 271 36758 42106 23 41 124 96 79148 1968 30 		 
201212192114 경기도 부천시오정구 112373 81210 278 37657 42979 26 43 128 99 80932 1791 31 		 
201212192117 경기도 부천시오정구 116653 84700 286 39035 45073 27 44 133 102 84414 3490 32 		 
201212192119 경기도 부천시오정구 121040 87778 301 40414 46752 28 45 136 102 87477 3078 33 		 
201212192121 경기도 부천시오정구 123710 89750 301 41338 47795 28 45 139 104 89449 1972 34 		 
201212192122 경기도 부천시오정구 126887 92150 310 42381 49131 32 45 143 108 91840 2400 35 		 
201212192124 경기도 부천시오정구 129528 93968 313 43274 50048 33 46 145 109 93655 1818 36 		 
201212192126 경기도 부천시오정구 132820 96246 314 44437 51153 33 47 151 111 95932 2278 37 		 
201212192127 경기도 부천시오정구 137030 99092 325 45755 52659 33 47 159 114 98767 2846 38 		 
201212192130 경기도 부천시오정구 140576 101626 333 46906 54027 33 47 162 118 101293 2534 39 		 
201212192132 경기도 부천시오정구 145532 104999 339 48392 55894 34 50 167 123 104660 3373 40 		 
201212192133 경기도 부천시오정구 148628 107001 346 49279 56997 35 52 168 124 106655 2002 41 		 
201212192135 경기도 부천시오정구 151739 109015 349 50291 57987 35 54 171 128 108666 2014 42 		 
