Time AreaA AreaB Total TotalA Invalid VoteA VoteB VoteC VoteD VoteE VoteF TotalB Diff Count
201212191934 경기도 포천시 446 343 1 272 68 0 0 1 1 342 343 1 		 
201212191937 경기도 포천시 2252 1630 4 1148 472 0 0 3 3 1626 1287 2 		 
201212191941 경기도 포천시 3455 2497 8 1708 771 0 0 4 6 2489 867 3 		 
201212191947 경기도 포천시 5933 4153 10 2774 1355 0 0 5 9 4143 1656 4 		 
201212191949 경기도 포천시 8067 5686 25 3841 1796 2 1 7 14 5661 1533 5 		 
201212191950 경기도 포천시 9368 6580 30 4417 2106 2 1 9 15 6550 894 6 		 
201212191953 경기도 포천시 10575 7491 37 5089 2336 2 2 9 16 7454 911 7 		 
201212191954 경기도 포천시 12893 9045 45 6196 2767 2 3 13 19 9000 1554 8 		 
201212192002 경기도 포천시 16890 11600 54 7862 3637 3 4 16 24 11546 2555 9 		 
201212192004 경기도 포천시 20424 14173 63 9446 4608 4 6 17 29 14110 2573 10 		 
201212192006 경기도 포천시 21150 14726 64 9803 4800 4 6 18 31 14662 553 11 		 
201212192010 경기도 포천시 24212 16790 73 11192 5460 4 8 20 33 16717 2064 12 		 
201212192012 경기도 포천시 26283 18094 76 12077 5875 4 8 20 34 18018 1304 13 		 
201212192015 경기도 포천시 27839 19129 83 12722 6252 5 9 22 36 19046 1035 14 		 
201212192020 경기도 포천시 30146 20696 89 13736 6786 7 11 26 41 20607 1567 15 		 
201212192022 경기도 포천시 32431 22248 100 14768 7284 7 13 29 47 22148 1552 16 		 
201212192025 경기도 포천시 33959 23282 106 15459 7616 7 14 31 49 23176 1034 17 		 
201212192027 경기도 포천시 36473 24965 111 16571 8174 7 14 37 51 24854 1683 18 		 
201212192029 경기도 포천시 39432 27082 121 17912 8933 8 14 39 55 26961 2117 19 		 
201212192037 경기도 포천시 42636 29417 124 19194 9976 8 15 41 59 29293 2335 20 		 
201212192039 경기도 포천시 44787 30925 126 20176 10494 8 16 45 60 30799 1508 21 		 
201212192040 경기도 포천시 47551 32872 131 21484 11120 10 17 46 64 32741 1947 22 		 
201212192042 경기도 포천시 48514 33576 136 21952 11346 11 17 47 67 33440 704 23 		 
201212192043 경기도 포천시 49207 34100 138 22296 11522 12 17 47 68 33962 524 24 		 
201212192045 경기도 포천시 50779 35222 145 23108 11822 12 17 49 69 35077 1122 25 		 
201212192046 경기도 포천시 51686 35856 149 23572 11983 12 18 51 71 35707 634 26 		 
201212192047 경기도 포천시 53131 36851 154 24151 12392 13 18 52 71 36697 995 27 		 
201212192049 경기도 포천시 53763 37301 157 24457 12530 13 18 54 72 37144 450 28 		 
201212192050 경기도 포천시 54931 38120 166 25048 12745 14 18 54 75 37954 819 29 		 
201212192057 경기도 포천시 55758 38735 168 25492 12907 14 18 55 81 38567 615 30 		 
201212192059 경기도 포천시 56391 39205 170 25811 13055 15 18 55 81 39035 470 31 		 
201212192100 경기도 포천시 59476 41413 173 27184 13883 16 19 56 82 41240 2208 32 		 
201212192102 경기도 포천시 60430 42093 175 27667 14071 18 19 57 86 41918 680 33 		 
201212192105 경기도 포천시 62213 43421 183 28576 14474 19 21 59 89 43238 1328 34 		 
201212192106 경기도 포천시 67047 46448 193 30365 15692 19 22 63 94 46255 3027 35 		 
201212192107 경기도 포천시 68075 47197 198 30905 15892 20 23 63 96 46999 749 36 		 
201212192108 경기도 포천시 72388 49986 210 32621 16942 21 23 69 100 49776 2789 37 		 
201212192110 경기도 포천시 74092 51229 214 33459 17340 21 23 70 102 51015 1243 38 		 
201212192111 경기도 포천시 76552 52958 219 34628 17891 21 23 73 103 52739 1729 39 		 
201212192113 경기도 포천시 77377 53561 224 35072 18044 21 23 74 103 53337 603 40 		 
201212192114 경기도 포천시 77934 53967 226 35352 18164 21 23 74 107 53741 406 41 		 
201212192115 경기도 포천시 78916 54671 227 35818 18399 21 23 76 107 54444 704 42 		 
201212192117 경기도 포천시 83723 58271 236 38005 19787 23 25 84 111 58035 3600 43 		 
201212192118 경기도 포천시 84829 59042 242 38537 20016 24 25 86 112 58800 771 44 		 
201212192119 경기도 포천시 85123 59259 244 38693 20074 24 25 86 113 59015 217 45 		 
201212192120 경기도 포천시 85758 59741 245 39025 20218 25 25 87 116 59496 482 46 		 
201212192122 경기도 포천시 87070 60700 254 39704 20483 25 25 88 121 60446 959 47 		 
201212192124 경기도 포천시 87612 61101 255 39986 20597 26 25 88 124 60846 401 48 		 
201212192125 경기도 포천시 89554 62400 262 40869 21000 26 25 91 127 62138 1299 49 		 
201212192127 경기도 포천시 91488 63731 268 41762 21424 26 26 92 133 63463 1331 50 		 
201212192128 경기도 포천시 95999 67178 275 43632 22989 28 26 95 133 66903 3447 51 		 
201212192130 경기도 포천시 98406 68731 279 44713 23449 30 27 96 137 68452 1553 52 		 
201212192131 경기도 포천시 99793 69684 283 45370 23732 30 28 100 141 69401 953 53 		 
201212192132 경기도 포천시 103890 72423 287 46924 24907 31 29 102 143 72136 2739 54 		 
201212192133 경기도 포천시 105579 73689 292 47787 25301 31 29 102 147 73397 1266 55 		 
201212192134 경기도 포천시 106421 74287 295 48190 25487 31 30 104 150 73992 598 56 		 
201212192136 경기도 포천시 108631 75993 300 49299 26072 31 31 107 153 75693 1706 57 		 
201212192139 경기도 포천시 110046 77043 302 50035 26381 31 31 108 155 76741 1050 58 		 
201212192140 경기도 포천시 111730 78271 308 50913 26718 31 31 110 160 77963 1228 59 		 
201212192144 경기도 포천시 115123 81435 363 52518 28177 36 39 123 179 81072 3164 60 		 
201212192145 경기도 포천시 118435 83643 372 53701 29188 37 39 127 179 83271 2208 61 		 
201212192146 경기도 포천시 118792 83907 373 53837 29313 38 39 128 179 83534 264 62 		 
201212192148 경기도 포천시 122893 86865 380 55326 30769 38 39 134 179 86485 2958 63 		 
201212192149 경기도 포천시 126354 89172 386 56633 31751 40 40 141 181 88786 2307 64 		 
