Time AreaA AreaB Total TotalA Invalid VoteA VoteB VoteC VoteD VoteE VoteF TotalB Diff Count
201212191951 경기도 안산시상록구 3675 2265 5 947 1307 0 0 4 2 2260 2265 1 		 
201212191954 경기도 안산시상록구 10122 6872 12 3157 3685 0 2 11 5 6860 4607 2 		 
201212191957 경기도 안산시상록구 15714 10282 21 4640 5589 2 6 16 8 10261 3410 3 		 
201212192000 경기도 안산시상록구 18711 12755 29 5804 6879 2 8 20 13 12726 2473 4 		 
201212192001 경기도 안산시상록구 22130 15082 33 6787 8217 2 8 21 14 15049 2327 5 		 
201212192003 경기도 안산시상록구 26379 17838 40 8063 9679 3 10 25 18 17798 2756 6 		 
201212192004 경기도 안산시상록구 29911 20366 43 9161 11101 4 10 27 20 20323 2528 7 		 
201212192005 경기도 안산시상록구 34672 23614 59 10572 12911 4 14 31 23 23555 3248 8 		 
201212192006 경기도 안산시상록구 37523 25526 64 11413 13971 4 15 33 26 25462 1912 9 		 
201212192007 경기도 안산시상록구 41840 28898 69 13138 15588 5 19 48 31 28829 3372 10 		 
201212192008 경기도 안산시상록구 45706 31516 73 14272 17061 6 19 51 34 31443 2618 11 		 
201212192010 경기도 안산시상록구 49087 33827 84 15339 18284 6 20 59 35 33743 2311 12 		 
201212192012 경기도 안산시상록구 54325 37379 96 16966 20188 7 21 62 39 37283 3552 13 		 
201212192013 경기도 안산시상록구 61585 43256 109 19868 23130 8 23 76 42 43147 5877 14 		 
201212192014 경기도 안산시상록구 65647 45901 121 21042 24582 8 25 79 44 45780 2645 15 		 
201212192020 경기도 안산시상록구 68525 48304 124 21909 26107 8 26 84 46 48180 2403 16 		 
201212192022 경기도 안산시상록구 72777 50964 131 23092 27565 9 26 91 50 50833 2660 17 		 
201212192023 경기도 안산시상록구 77366 54430 140 24840 29266 10 27 95 52 54290 3466 18 		 
201212192027 경기도 안산시상록구 79919 56516 147 25911 30262 12 31 100 53 56369 2086 19 		 
201212192028 경기도 안산시상록구 84922 60525 158 27751 32404 13 36 107 56 60367 4009 20 		 
201212192031 경기도 안산시상록구 87946 63016 161 29009 33630 13 37 109 57 62855 2491 21 		 
201212192032 경기도 안산시상록구 93440 66998 169 30838 35764 15 40 113 59 66829 3982 22 		 
201212192040 경기도 안산시상록구 97985 70136 180 32277 37433 16 43 123 64 69956 3138 23 		 
201212192041 경기도 안산시상록구 103028 73562 186 33710 39408 17 46 127 68 73376 3426 24 		 
201212192042 경기도 안산시상록구 109514 78017 202 35557 41982 19 52 132 73 77815 4455 25 		 
201212192044 경기도 안산시상록구 114358 81182 205 37097 43592 20 55 135 78 80977 3165 26 		 
201212192045 경기도 안산시상록구 117642 83373 210 38116 44753 20 57 137 80 83163 2191 27 		 
201212192050 경기도 안산시상록구 122002 86355 225 39447 46382 22 58 141 80 86130 2982 28 		 
201212192051 경기도 안산시상록구 123189 87234 229 39880 46821 22 60 141 81 87005 879 29 		 
201212192052 경기도 안산시상록구 127464 90722 234 41330 48844 22 62 147 83 90488 3488 30 		 
201212192053 경기도 안산시상록구 130559 93221 241 42579 50079 22 67 149 84 92980 2499 31 		 
201212192054 경기도 안산시상록구 139394 101189 359 46332 54091 35 86 168 118 100830 7968 32 		 
201212192108 경기도 안산시상록구 148613 107568 373 49126 57649 36 88 176 120 107195 6379 33 		 
201212192115 경기도 안산시상록구 150683 109261 375 49991 58468 36 89 180 122 108886 1693 34 		 
201212192117 경기도 안산시상록구 155461 112518 377 51438 60268 36 92 183 124 112141 3257 35 		 
201212192118 경기도 안산시상록구 160020 115350 388 52698 61819 36 94 190 125 114962 2832 36 		 
201212192131 경기도 안산시상록구 168022 121599 404 55735 64995 38 99 199 129 121195 6249 37 		 
201212192132 경기도 안산시상록구 172492 124444 410 56992 66574 38 100 200 130 124034 2845 38 		 
201212192133 경기도 안산시상록구 176727 127500 413 58531 68072 42 101 206 135 127087 3056 39 		 
201212192135 경기도 안산시상록구 182714 131631 426 60383 70326 44 102 212 138 131205 4131 40 		 
201212192136 경기도 안산시상록구 191479 137552 446 63168 73423 46 103 223 143 137106 5921 41 		 
201212192139 경기도 안산시상록구 200047 144062 458 66211 76851 50 108 235 149 143604 6510 42 		 
201212192141 경기도 안산시상록구 204909 147240 464 67580 78646 50 110 239 151 146776 3178 43 		 
201212192142 경기도 안산시상록구 207331 149036 473 68506 79497 51 110 243 156 148563 1796 44 		 
201212192152 경기도 안산시상록구 216151 155838 487 71542 83222 52 113 260 162 155351 6802 45 		 
201212192153 경기도 안산시상록구 220938 158996 495 72996 84913 52 113 264 163 158501 3158 46 		 
201212192155 경기도 안산시상록구 224996 162268 517 74607 86545 52 115 267 165 161751 3272 47 		 
201212192202 경기도 안산시상록구 232658 167534 527 77185 89206 54 117 272 173 167007 5266 48 		 
201212192203 경기도 안산시상록구 242394 174079 543 80309 92597 55 120 277 178 173536 6545 49 		 
201212192206 경기도 안산시상록구 246402 176655 549 81473 93995 55 120 284 179 176106 2576 50 		 
201212192212 경기도 안산시상록구 250870 180000 561 82964 95824 56 124 290 181 179439 3345 51 		 
201212192214 경기도 안산시상록구 254203 182695 566 84171 97300 56 127 292 183 182129 2695 52 		 
201212192218 경기도 안산시상록구 258578 185827 571 85603 98982 58 129 299 185 185256 3132 53 		 
201212192219 경기도 안산시상록구 262658 188371 580 86822 100286 58 130 305 190 187791 2544 54 		 
201212192220 경기도 안산시상록구 267882 192628 588 89081 102266 58 131 312 192 192040 4257 55 		 
201212192221 경기도 안산시상록구 272192 196228 593 90882 104053 58 132 317 193 195635 3600 56 		 
201212192226 경기도 안산시상록구 278942 201741 607 93294 107120 59 136 325 200 201134 5513 57 		 
201212192227 경기도 안산시상록구 284055 205095 614 94852 108893 60 138 335 203 204481 3354 58 		 
201212192238 경기도 안산시상록구 287875 208205 622 96403 110437 61 139 338 205 207583 3110 59 		 
201212192239 경기도 안산시상록구 292424 211371 628 97913 112075 61 140 345 209 210743 3166 60 		 
