Time AreaA AreaB Total TotalA Invalid VoteA VoteB VoteC VoteD VoteE VoteF TotalB Diff Count
201212191930 경기도 여주군 734 586 3 414 168 0 0 0 1 583 586 1 		 
201212191934 경기도 여주군 1795 1364 7 967 382 1 0 3 4 1357 778 2 		 
201212191942 경기도 여주군 3988 2956 13 1947 984 1 1 4 6 2943 1592 3 		 
201212191947 경기도 여주군 6994 5012 15 3289 1685 3 2 8 10 4997 2056 4 		 
201212191951 경기도 여주군 9632 6570 19 4362 2163 3 2 10 11 6551 1558 5 		 
201212192002 경기도 여주군 10193 6981 20 4648 2284 3 3 11 12 6961 411 6 		 
201212192008 경기도 여주군 14299 9743 28 6251 3426 3 6 14 15 9715 2762 7 		 
201212192010 경기도 여주군 14880 10159 29 6537 3554 3 6 14 16 10130 416 8 		 
201212192028 경기도 여주군 17259 11823 40 7663 4065 3 6 18 28 11783 1664 9 		 
201212192030 경기도 여주군 18437 12684 43 8281 4302 3 7 19 29 12641 861 10 		 
201212192031 경기도 여주군 19338 13335 45 8748 4479 3 7 20 33 13290 651 11 		 
201212192033 경기도 여주군 22014 15290 51 9886 5285 3 8 24 33 15239 1955 12 		 
201212192039 경기도 여주군 24281 17377 88 10908 6300 6 14 25 36 17289 2087 13 		 
201212192045 경기도 여주군 27677 19798 92 12390 7228 7 15 27 39 19706 2421 14 		 
201212192048 경기도 여주군 28307 20238 95 12673 7376 8 15 28 43 20143 440 15 		 
201212192052 경기도 여주군 29075 20821 98 13095 7528 9 15 30 46 20723 583 16 		 
201212192055 경기도 여주군 32145 23042 105 14462 8367 9 15 38 46 22937 2221 17 		 
201212192057 경기도 여주군 34587 24745 115 15728 8787 9 16 39 51 24630 1703 18 		 
201212192100 경기도 여주군 35732 25565 121 16322 8996 9 17 43 57 25444 820 19 		 
201212192101 경기도 여주군 36875 26365 124 16878 9234 9 18 43 59 26241 800 20 		 
201212192104 경기도 여주군 38680 27677 128 17682 9730 9 19 45 64 27549 1312 21 		 
201212192111 경기도 여주군 43271 30889 137 19574 11028 11 22 47 70 30752 3212 22 		 
201212192118 경기도 여주군 45246 32329 149 20586 11429 12 23 53 77 32180 1440 23 		 
201212192119 경기도 여주군 45549 32559 149 20686 11557 12 24 54 77 32410 230 24 		 
201212192120 경기도 여주군 46079 32951 150 20962 11670 12 25 54 78 32801 392 25 		 
201212192121 경기도 여주군 51195 36665 165 23668 12632 12 28 61 99 36500 3714 26 		 
201212192125 경기도 여주군 53852 38533 189 24976 13154 13 29 64 108 38344 1868 27 		 
201212192126 경기도 여주군 55884 39975 193 25935 13626 13 32 67 109 39782 1442 28 		 
201212192134 경기도 여주군 59758 42789 204 27634 14715 14 33 73 116 42585 2814 29 		 
201212192140 경기도 여주군 62455 44732 207 28979 15300 14 33 75 124 44525 1943 30 		 
201212192142 경기도 여주군 65326 46699 209 30267 15971 15 33 76 128 46490 1967 31 		 
201212192146 경기도 여주군 66241 47382 214 30779 16135 16 33 76 129 47168 683 32 		 
201212192147 경기도 여주군 68360 48946 218 31857 16603 16 35 79 138 48728 1564 33 		 
201212192155 경기도 여주군 69571 49830 225 32494 16839 17 35 80 140 49605 884 34 		 
201212192158 경기도 여주군 73737 52714 236 34284 17907 20 35 83 149 52478 2884 35 		 
201212192201 경기도 여주군 75547 54040 242 35241 18262 22 37 85 151 53798 1326 36 		 
201212192202 경기도 여주군 77265 55290 248 36217 18523 22 39 87 154 55042 1250 37 		 
201212192204 경기도 여주군 80762 57880 260 37584 19718 24 41 94 159 57620 2590 38 		 
201212192205 경기도 여주군 83357 59556 266 38715 20250 25 43 94 163 59290 1676 39 		 
201212192207 경기도 여주군 87815 62882 273 40504 21766 27 45 101 166 62609 3326 40 		 
