Time AreaA AreaB Total TotalA Invalid VoteA VoteB VoteC VoteD VoteE VoteF TotalB Diff Count
201212192002 경기도 성남시분당구 2114 1638 3 695 934 0 2 2 2 1635 1638 1 		 
201212192005 경기도 성남시분당구 5424 4170 17 1918 2216 3 2 7 7 4153 2532 2 		 
201212192013 경기도 성남시분당구 10795 8547 33 4290 4190 4 3 16 11 8514 4377 3 		 
201212192019 경기도 성남시분당구 18012 14222 47 7174 6949 4 7 25 16 14175 5675 4 		 
201212192021 경기도 성남시분당구 21389 17070 56 8448 8497 4 8 37 20 17014 2848 5 		 
201212192022 경기도 성남시분당구 25424 20267 62 9880 10245 6 9 40 25 20205 3197 6 		 
201212192029 경기도 성남시분당구 32341 25800 81 13104 12516 8 11 52 28 25719 5533 7 		 
201212192031 경기도 성남시분당구 40513 32463 92 17289 14957 10 13 69 33 32371 6663 8 		 
201212192036 경기도 성남시분당구 45160 36285 101 19289 16761 10 13 78 33 36184 3822 9 		 
201212192050 경기도 성남시분당구 53149 42829 111 23160 19401 12 13 96 36 42718 6544 10 		 
201212192052 경기도 성남시분당구 59734 48253 115 26061 21898 13 14 113 39 48138 5424 11 		 
201212192054 경기도 성남시분당구 64437 51763 124 27983 23465 13 15 121 42 51639 3510 12 		 
201212192057 경기도 성남시분당구 69063 55693 130 29938 25419 14 18 127 47 55563 3930 13 		 
201212192058 경기도 성남시분당구 72465 58538 140 31569 26613 15 18 135 48 58398 2845 14 		 
201212192059 경기도 성남시분당구 78952 63829 156 34500 28932 17 20 152 52 63673 5291 15 		 
201212192100 경기도 성남시분당구 86638 70056 167 37713 31916 17 23 163 57 69889 6227 16 		 
201212192125 경기도 성남시분당구 89755 72635 178 39359 32832 18 23 168 57 72457 2579 17 		 
201212192127 경기도 성남시분당구 93160 75533 186 40944 34124 19 23 177 60 75347 2898 18 		 
201212192128 경기도 성남시분당구 97194 78667 193 42602 35576 22 27 184 63 78474 3134 19 		 
201212192129 경기도 성남시분당구 100029 81076 198 43899 36674 22 28 189 66 80878 2409 20 		 
201212192130 경기도 성남시분당구 102834 83267 202 45198 37552 22 30 197 66 83065 2191 21 		 
201212192131 경기도 성남시분당구 106946 86698 210 46650 39515 23 32 199 69 86488 3431 22 		 
201212192132 경기도 성남시분당구 111631 90503 218 48331 41620 24 32 209 69 90285 3805 23 		 
201212192133 경기도 성남시분당구 117891 95388 228 51321 43492 26 33 219 69 95160 4885 24 		 
201212192135 경기도 성남시분당구 125917 101704 242 54038 47058 28 36 231 71 101462 6316 25 		 
201212192139 경기도 성남시분당구 132465 106837 252 56994 49210 29 37 243 72 106585 5133 26 		 
201212192140 경기도 성남시분당구 135893 109626 260 58784 50192 30 37 251 72 109366 2789 27 		 
201212192141 경기도 성남시분당구 138857 111932 264 59673 51596 30 38 258 73 111668 2306 28 		 
201212192142 경기도 성남시분당구 145708 117059 274 61955 54415 31 39 270 75 116785 5127 29 		 
201212192143 경기도 성남시분당구 149174 119844 278 63087 56057 33 39 274 76 119566 2785 30 		 
201212192156 경기도 성남시분당구 153100 122844 281 64773 57361 33 39 281 76 122563 3000 31 		 
201212192158 경기도 성남시분당구 156920 125806 288 66282 58796 33 40 286 81 125518 2962 32 		 
201212192200 경기도 성남시분당구 161520 129541 297 68098 60692 33 43 296 82 129244 3735 33 		 
201212192201 경기도 성남시분당구 165372 132631 303 69775 62091 33 44 300 85 132328 3090 34 		 
201212192209 경기도 성남시분당구 168092 134905 306 70824 63308 33 44 304 86 134599 2274 35 		 
201212192210 경기도 성남시분당구 173913 139634 315 73641 65189 33 47 318 91 139319 4729 36 		 
201212192211 경기도 성남시분당구 178575 143329 323 75873 66637 33 48 324 91 143006 3695 37 		 
201212192213 경기도 성남시분당구 186375 149479 338 79365 69261 34 48 339 94 149141 6150 38 		 
201212192214 경기도 성남시분당구 195869 156717 348 83381 72452 36 49 353 98 156369 7238 39 		 
201212192215 경기도 성남시분당구 203615 162993 358 87194 74891 37 49 366 98 162635 6276 40 		 
201212192217 경기도 성남시분당구 206673 165243 364 88255 76065 37 49 375 98 164879 2250 41 		 
201212192226 경기도 성남시분당구 210827 168737 369 90153 77639 37 49 388 102 168368 3494 42 		 
201212192228 경기도 성남시분당구 214235 171590 375 91358 79269 37 50 397 104 171215 2853 43 		 
201212192235 경기도 성남시분당구 221368 177392 386 94025 82372 38 51 410 110 177006 5802 44 		 
201212192236 경기도 성남시분당구 227535 182438 398 96917 84494 38 52 426 113 182040 5046 45 		 
201212192237 경기도 성남시분당구 235896 189168 417 100333 87778 38 54 431 117 188751 6730 46 		 
201212192238 경기도 성남시분당구 241612 193842 425 102752 90003 38 57 443 124 193417 4674 47 		 
201212192244 경기도 성남시분당구 245393 196840 430 104195 91540 38 57 453 127 196410 2998 48 		 
201212192249 경기도 성남시분당구 249190 199683 435 105448 93118 38 58 457 129 199248 2843 49 		 
201212192250 경기도 성남시분당구 251045 201242 436 106252 93870 38 58 458 130 200806 1559 50 		 
201212192251 경기도 성남시분당구 260259 209899 561 110884 97714 43 71 472 154 209338 8657 51 		 
201212192252 경기도 성남시분당구 267496 215457 580 113319 100799 43 75 484 157 214877 5558 52 		 
201212192253 경기도 성남시분당구 270690 217964 584 114719 101895 43 75 489 159 217380 2507 53 		 
201212192254 경기도 성남시분당구 273557 220191 590 116368 102458 43 75 498 159 219601 2227 54 		 
201212192255 경기도 성남시분당구 281598 226042 611 119475 105162 44 76 509 165 225431 5851 55 		 
201212192256 경기도 성남시분당구 284740 228669 617 121143 106101 44 76 520 168 228052 2627 56 		 
201212192257 경기도 성남시분당구 287069 230576 624 122263 106868 46 77 529 169 229952 1907 57 		 
201212192311 경기도 성남시분당구 290181 233086 626 123600 108028 46 78 538 170 232460 2510 58 		 
201212192318 경기도 성남시분당구 297012 238384 642 126049 110833 49 80 556 175 237742 5298 59 		 
201212192319 경기도 성남시분당구 302123 242313 655 128108 112662 52 82 567 187 241658 3929 60 		 
201212192320 경기도 성남시분당구 305439 245097 662 129664 113868 52 82 582 187 244435 2784 61 		 
201212192332 경기도 성남시분당구 312999 251396 673 132866 116930 53 84 602 188 250723 6299 62 		 
201212192334 경기도 성남시분당구 317352 254967 679 135051 118299 53 85 612 188 254288 3571 63 		 
201212192340 경기도 성남시분당구 321242 257845 687 136343 119867 54 85 621 188 257158 2878 64 		 
201212192341 경기도 성남시분당구 324628 260554 693 137668 121240 54 86 624 189 259861 2709 65 		 
201212192343 경기도 성남시분당구 333260 267300 714 141173 124436 56 90 636 195 266586 6746 66 		 
201212192344 경기도 성남시분당구 338452 271486 719 143371 126401 56 92 649 198 270767 4186 67 		 
201212192345 경기도 성남시분당구 342888 275117 732 145469 127909 56 95 658 198 274385 3631 68 		 
201212192346 경기도 성남시분당구 347412 278425 739 146989 129677 56 95 667 202 277686 3308 69 		 
201212192347 경기도 성남시분당구 349480 280003 742 147858 130378 56 95 670 204 279261 1578 70 		 
201212192357 경기도 성남시분당구 352120 282226 745 148900 131545 57 97 676 206 281481 2223 71 		 
201212192358 경기도 성남시분당구 355953 285290 755 150772 132717 58 98 682 208 284535 3064 72 		 
201212192359 경기도 성남시분당구 361618 290083 770 153485 134763 58 101 697 209 289313 4793 73 		 
201212200002 경기도 성남시분당구 365780 293538 775 155467 136216 58 103 707 212 292763 3455 74 		 
201212200011 경기도 성남시분당구 372350 298931 782 158566 138489 58 103 717 216 298149 5393 75 		 
201212200012 경기도 성남시분당구 374875 301084 786 159625 139574 58 103 721 217 300298 2153 76 		 
201212200013 경기도 성남시분당구 377812 303529 791 160842 140789 60 104 726 217 302738 2445 77 		 
201212200014 경기도 성남시분당구 381468 306328 795 162103 142315 60 105 732 218 305533 2799 78 		 
