Time AreaA AreaB Total TotalA Invalid VoteA VoteB VoteC VoteD VoteE VoteF TotalB Diff Count
201212192008 경기도 과천시 1970 1677 5 784 881 0 1 5 1 1672 1677 1 		 
201212192013 경기도 과천시 3296 2615 7 1357 1234 3 1 11 2 2608 938 2 		 
201212192037 경기도 과천시 5686 4505 13 2341 2122 3 1 22 3 4492 1890 3 		 
201212192047 경기도 과천시 7940 6412 23 3447 2899 3 2 35 3 6389 1907 4 		 
201212192104 경기도 과천시 9421 7520 28 3975 3466 3 2 41 5 7492 1108 5 		 
201212192107 경기도 과천시 12934 10456 42 5675 4669 4 4 57 5 10414 2936 6 		 
201212192115 경기도 과천시 16323 13342 51 7071 6132 4 7 71 6 13291 2886 7 		 
201212192127 경기도 과천시 21674 17734 70 9068 8480 6 12 88 10 17664 4392 8 		 
201212192134 경기도 과천시 24356 19884 78 10040 9630 7 16 100 13 19806 2150 9 		 
201212192140 경기도 과천시 26970 22117 82 11105 10782 8 19 105 16 22035 2233 10 		 
201212192144 경기도 과천시 29464 24202 84 12036 11925 8 21 110 18 24118 2085 11 		 
201212192147 경기도 과천시 30443 24934 89 12442 12243 8 21 112 19 24845 732 12 		 
201212192149 경기도 과천시 32148 26190 93 13117 12810 8 22 116 24 26097 1256 13 		 
201212192159 경기도 과천시 34849 28268 97 14144 13846 8 23 123 27 28171 2078 14 		 
201212192201 경기도 과천시 37466 30244 107 15102 14846 8 25 126 30 30137 1976 15 		 
201212192204 경기도 과천시 39525 31819 111 15837 15674 8 25 127 37 31708 1575 16 		 
201212192209 경기도 과천시 41589 33343 116 16748 16274 9 28 135 33 33227 1524 17 		 
201212192210 경기도 과천시 44597 35707 123 18003 17365 9 33 139 35 35584 2364 18 		 
201212192211 경기도 과천시 46952 37549 128 18891 18307 9 34 142 38 37421 1842 19 		 
201212192213 경기도 과천시 50744 40772 138 20604 19794 10 35 151 40 40634 3223 20 		 
201212192214 경기도 과천시 53438 42935 143 21630 20920 10 36 154 42 42792 2163 21 		 
201212192218 경기도 과천시 55657 44853 165 22507 21923 10 37 165 46 44688 1918 22 		 
