Time AreaA AreaB Total TotalA Invalid VoteA VoteB VoteC VoteD VoteE VoteF TotalB Diff Count
201212191941 경기도 의정부시 3758 2252 6 1269 970 1 0 2 4 2246 2252 1 		 
201212191959 경기도 의정부시 6062 3876 10 2146 1709 1 1 3 6 3866 1624 2 		 
201212192000 경기도 의정부시 8770 5665 16 3146 2484 1 3 7 8 5649 1789 3 		 
201212192001 경기도 의정부시 11152 7490 22 4145 3303 1 3 8 8 7468 1825 4 		 
201212192002 경기도 의정부시 16719 11308 33 6317 4925 2 3 18 10 11275 3818 5 		 
201212192005 경기도 의정부시 20505 13891 38 7683 6129 3 4 24 10 13853 2583 6 		 
201212192007 경기도 의정부시 23343 15871 44 8796 6988 3 4 25 11 15827 1980 7 		 
201212192016 경기도 의정부시 25498 17592 49 9673 7824 4 4 27 11 17543 1721 8 		 
201212192022 경기도 의정부시 33428 23287 60 12543 10626 4 5 34 15 23227 5695 9 		 
201212192023 경기도 의정부시 37503 26343 68 13998 12209 5 6 41 16 26275 3056 10 		 
201212192026 경기도 의정부시 40571 28427 76 15092 13189 5 6 42 17 28351 2084 11 		 
201212192029 경기도 의정부시 44464 30977 86 16492 14322 6 7 45 19 30891 2550 12 		 
201212192030 경기도 의정부시 47534 33188 92 17768 15245 6 9 49 19 33096 2211 13 		 
201212192033 경기도 의정부시 51512 35592 103 19016 16388 7 10 49 19 35489 2404 14 		 
201212192036 경기도 의정부시 51854 35837 105 19175 16469 7 10 50 21 35732 245 15 		 
201212192037 경기도 의정부시 56163 38996 114 20862 17922 8 11 57 22 38882 3159 16 		 
201212192045 경기도 의정부시 63085 43947 131 23585 20118 9 15 61 28 43816 4951 17 		 
201212192046 경기도 의정부시 69984 48951 151 26089 22582 10 17 68 34 48800 5004 18 		 
201212192048 경기도 의정부시 73179 51245 153 27300 23657 10 18 72 35 51092 2294 19 		 
201212192052 경기도 의정부시 77069 53873 162 28697 24875 10 19 74 36 53711 2628 20 		 
201212192053 경기도 의정부시 79505 55577 168 29667 25597 12 20 77 36 55409 1704 21 		 
201212192054 경기도 의정부시 83030 58038 171 30898 26814 13 23 80 39 57867 2461 22 		 
201212192056 경기도 의정부시 86853 60757 187 32334 28069 14 25 85 43 60570 2719 23 		 
201212192101 경기도 의정부시 93647 65337 201 34730 30224 14 26 93 49 65136 4580 24 		 
201212192102 경기도 의정부시 96647 67594 207 35939 31262 15 26 93 52 67387 2257 25 		 
201212192109 경기도 의정부시 104371 73340 220 38773 34146 15 27 104 55 73120 5746 26 		 
201212192112 경기도 의정부시 107952 76245 233 40294 35510 16 28 107 57 76012 2905 27 		 
201212192113 경기도 의정부시 111630 79314 243 41801 37059 16 31 107 57 79071 3069 28 		 
201212192114 경기도 의정부시 115029 82076 249 43025 38586 16 33 110 57 81827 2762 29 		 
201212192115 경기도 의정부시 118069 84147 258 44059 39605 16 33 115 61 83889 2071 30 		 
201212192122 경기도 의정부시 121271 86622 264 45372 40753 18 33 120 62 86358 2475 31 		 
201212192126 경기도 의정부시 124931 89092 269 46731 41846 18 35 127 66 88823 2470 32 		 
201212192128 경기도 의정부시 129089 92193 278 48398 43259 18 38 133 69 91915 3101 33 		 
201212192129 경기도 의정부시 133017 95472 287 50182 44732 18 42 140 71 95185 3279 34 		 
201212192138 경기도 의정부시 135662 97656 297 51067 46009 18 43 147 75 97359 2184 35 		 
201212192142 경기도 의정부시 139055 100258 307 52346 47314 18 43 151 79 99951 2602 36 		 
201212192145 경기도 의정부시 147258 105708 321 55319 49765 19 46 157 81 105387 5450 37 		 
201212192147 경기도 의정부시 151091 108763 327 56777 51347 19 47 160 86 108436 3055 38 		 
201212192148 경기도 의정부시 159139 114691 342 60047 53967 19 48 174 94 114349 5928 39 		 
201212192151 경기도 의정부시 163354 117744 346 61567 55482 20 50 181 98 117398 3053 40 		 
201212192152 경기도 의정부시 166901 120122 360 62821 56581 22 52 185 101 119762 2378 41 		 
201212192200 경기도 의정부시 170405 122968 366 64489 57748 22 52 189 102 122602 2846 42 		 
201212192214 경기도 의정부시 174034 125573 375 65795 59029 22 52 195 105 125198 2605 43 		 
201212192215 경기도 의정부시 177512 127998 383 67074 60160 23 52 196 110 127615 2425 44 		 
201212192218 경기도 의정부시 184916 134114 403 70163 63144 25 59 208 112 133711 6116 45 		 
201212192222 경기도 의정부시 189578 137413 411 71754 64827 29 61 215 116 137002 3299 46 		 
201212192228 경기도 의정부시 193165 140340 418 73293 66202 30 61 218 118 139922 2927 47 		 
201212192238 경기도 의정부시 198462 144564 426 75295 68403 31 62 225 122 144138 4224 48 		 
201212192239 경기도 의정부시 206107 149515 439 77861 70764 32 66 230 123 149076 4951 49 		 
201212192240 경기도 의정부시 210310 152735 446 79430 72402 32 66 235 124 152289 3220 50 		 
201212192245 경기도 의정부시 215460 156596 455 81354 74319 34 66 243 125 156141 3861 51 		 
201212192246 경기도 의정부시 223339 162677 471 84149 77579 36 67 247 128 162206 6081 52 		 
201212192254 경기도 의정부시 223339 162644 471 84116 77579 36 67 247 128 162173 -33 53 		 
201212192258 경기도 의정부시 227100 165134 481 85523 78651 36 67 248 128 164653 2490 54 		 
201212192259 경기도 의정부시 237168 172865 495 89110 82761 37 70 259 133 172370 7731 55 		 
201212192302 경기도 의정부시 240553 175546 502 90436 84098 38 71 264 137 175044 2681 56 		 
201212192306 경기도 의정부시 243363 177743 510 91499 85221 38 72 265 138 177233 2197 57 		 
201212192307 경기도 의정부시 247838 181232 524 92987 87202 38 74 269 138 180708 3489 58 		 
201212192308 경기도 의정부시 251983 183890 531 94432 88395 39 75 276 142 183359 2658 59 		 
201212192313 경기도 의정부시 255545 186612 546 95981 89549 40 75 277 144 186066 2722 60 		 
201212192329 경기도 의정부시 262686 193356 662 99268 92819 52 93 288 174 192694 6744 61 		 
201212192334 경기도 의정부시 264215 194430 665 99717 93437 52 95 289 175 193765 1074 62 		 
201212192336 경기도 의정부시 267341 196589 674 100901 94393 52 96 294 179 195915 2159 63 		 
201212192337 경기도 의정부시 274213 202010 687 103556 97130 52 99 302 184 201323 5421 64 		 
201212192338 경기도 의정부시 278002 205044 690 104996 98714 52 99 306 187 204354 3034 65 		 
201212192339 경기도 의정부시 282207 208169 697 106539 100283 53 100 308 189 207472 3125 66 		 
201212192340 경기도 의정부시 286138 211024 706 107933 101725 54 102 313 191 210318 2855 67 		 
201212192349 경기도 의정부시 297280 219300 732 112172 105705 58 105 324 204 218568 8276 68 		 
201212192356 경기도 의정부시 300132 221147 735 113232 106485 58 105 326 206 220412 1847 69 		 
201212200003 경기도 의정부시 315771 233634 768 119321 112802 61 112 345 225 232866 12487 70 		 
201212200010 경기도 의정부시 320510 236553 775 120727 114300 61 114 349 227 235778 2919 71 		 
201212200011 경기도 의정부시 325763 240396 786 122567 116280 62 114 357 230 239610 3843 72 		 
201212200021 경기도 의정부시 330042 243764 791 124212 117987 63 116 362 233 242973 3368 73 		 
201212200030 경기도 의정부시 333601 245884 795 125458 118851 64 116 364 236 245089 2120 74 		 
201212200036 경기도 의정부시 337945 249229 801 127092 120550 64 117 368 237 248428 3345 75 		 
