Time AreaA AreaB Total TotalA Invalid VoteA VoteB VoteC VoteD VoteE VoteF TotalB Diff Count
201212192010 경기도 수원시영통구 5617 4368 4 2081 2271 0 2 5 5 4364 4368 1 		 
201212192014 경기도 수원시영통구 9288 7020 14 3321 3662 0 2 15 6 7006 2652 2 		 
201212192024 경기도 수원시영통구 12993 9980 26 4685 5238 0 2 23 6 9954 2960 3 		 
201212192025 경기도 수원시영통구 15408 11875 33 5556 6250 0 2 26 8 11842 1895 4 		 
201212192027 경기도 수원시영통구 17922 13945 36 6499 7367 0 3 31 9 13909 2070 5 		 
201212192034 경기도 수원시영통구 21884 17158 48 7987 9070 2 6 34 11 17110 3213 6 		 
201212192037 경기도 수원시영통구 23914 18580 50 8432 10041 3 7 36 11 18530 1422 7 		 
201212192055 경기도 수원시영통구 28036 21815 58 10092 11603 3 8 39 12 21757 3235 8 		 
201212192056 경기도 수원시영통구 32065 25003 68 11730 13129 3 10 45 18 24935 3188 9 		 
201212192100 경기도 수원시영통구 36100 28321 71 13032 15131 6 11 50 20 28250 3318 10 		 
201212192101 경기도 수원시영통구 39960 31031 80 14312 16544 7 12 54 22 30951 2710 11 		 
201212192104 경기도 수원시영통구 42916 33420 85 15166 18070 7 12 58 22 33335 2389 12 		 
201212192107 경기도 수원시영통구 47445 37116 94 16660 20250 9 13 65 25 37022 3696 13 		 
201212192108 경기도 수원시영통구 51093 39952 96 17913 21819 10 14 75 25 39856 2836 14 		 
201212192110 경기도 수원시영통구 53335 41775 97 18698 22848 10 16 80 26 41678 1823 15 		 
201212192111 경기도 수원시영통구 59008 46341 101 20896 25201 10 17 89 27 46240 4566 16 		 
201212192114 경기도 수원시영통구 63285 49369 107 22100 27014 10 17 92 29 49262 3028 17 		 
201212192121 경기도 수원시영통구 67747 53034 117 23925 28837 10 18 95 32 52917 3665 18 		 
201212192123 경기도 수원시영통구 72346 56766 122 25217 31262 11 19 99 36 56644 3732 19 		 
201212192125 경기도 수원시영통구 77270 60882 126 27605 32973 11 20 109 38 60756 4116 20 		 
201212192129 경기도 수원시영통구 81173 63675 131 29052 34306 11 20 114 41 63544 2793 21 		 
201212192133 경기도 수원시영통구 85037 66819 132 30163 36325 12 23 121 43 66687 3144 22 		 
201212192135 경기도 수원시영통구 88415 69519 134 31445 37730 13 24 127 46 69385 2700 23 		 
201212192136 경기도 수원시영통구 91662 72250 142 32772 39114 14 26 134 48 72108 2731 24 		 
201212192141 경기도 수원시영통구 95533 75290 146 34152 40762 14 28 138 50 75144 3040 25 		 
201212192143 경기도 수원시영통구 100524 79366 153 35648 43313 16 31 149 56 79213 4076 26 		 
201212192145 경기도 수원시영통구 104352 82089 159 37107 44563 16 31 153 60 81930 2723 27 		 
201212192147 경기도 수원시영통구 107736 84713 166 38468 45813 17 31 157 61 84547 2624 28 		 
201212192149 경기도 수원시영통구 112587 88113 173 39810 47853 18 33 163 63 87940 3400 29 		 
201212192150 경기도 수원시영통구 116117 91141 179 41299 49371 18 34 174 66 90962 3028 30 		 
201212192153 경기도 수원시영통구 120704 94933 186 43312 51127 20 36 185 67 94747 3792 31 		 
201212192155 경기도 수원시영통구 125039 98542 191 44651 53387 21 36 189 67 98351 3609 32 		 
201212192158 경기도 수원시영통구 128740 101637 199 45954 55163 21 37 196 67 101438 3095 33 		 
201212192159 경기도 수원시영통구 133713 105790 208 47823 57429 23 37 201 69 105582 4153 34 		 
201212192201 경기도 수원시영통구 135999 107672 210 48546 58579 23 38 204 72 107462 1882 35 		 
201212192207 경기도 수원시영통구 139641 110680 220 49713 60400 24 40 208 75 110460 3008 36 		 
201212192209 경기도 수원시영통구 142638 113182 224 50956 61647 24 40 214 77 112958 2502 37 		 
201212192211 경기도 수원시영통구 145155 115015 230 51825 62600 24 40 217 79 114785 1833 38 		 
201212192213 경기도 수원시영통구 148181 117539 238 53119 63812 24 40 226 80 117301 2524 39 		 
201212192215 경기도 수원시영통구 152406 121141 247 54762 65752 24 40 235 81 120894 3602 40 		 
201212192218 경기도 수원시영통구 156328 124084 253 56169 67276 24 41 239 82 123831 2943 41 		 
201212192219 경기도 수원시영통구 157625 124947 257 56484 67817 24 43 240 82 124690 863 42 		 
201212192221 경기도 수원시영통구 161978 128250 261 57841 69747 25 44 243 89 127989 3303 43 		 
201212192222 경기도 수원시영통구 164976 130745 264 59130 70944 25 44 248 90 130481 2495 44 		 
201212192224 경기도 수원시영통구 167597 132591 270 60007 71901 25 46 251 91 132321 1846 45 		 
201212192225 경기도 수원시영통구 171473 135828 277 61369 73756 26 48 260 92 135551 3237 46 		 
201212192228 경기도 수원시영통구 174370 138170 283 62356 75092 29 48 268 94 137887 2342 47 		 
201212192230 경기도 수원시영통구 179032 141958 293 63934 77284 30 52 271 94 141665 3788 48 		 
201212192231 경기도 수원시영통구 184053 146112 300 65935 79421 31 55 275 95 145812 4154 49 		 
201212192233 경기도 수원시영통구 189286 149919 313 67580 81555 32 59 280 100 149606 3807 50 		 
201212192237 경기도 수원시영통구 194652 154938 391 69957 84084 40 68 287 111 154547 5019 51 		 
201212192239 경기도 수원시영통구 198657 158310 396 71345 86059 40 69 289 112 157914 3372 52 		 
201212192240 경기도 수원시영통구 203885 162271 403 73184 88164 40 70 296 114 161868 3961 53 		 
201212192242 경기도 수원시영통구 208298 165741 408 74873 89927 40 72 305 116 165333 3470 54 		 
