Time AreaA AreaB Total TotalA Invalid VoteA VoteB VoteC VoteD VoteE VoteF TotalB Diff Count
201212191918 경기도 용인시기흥구 1193 835 1 563 269 0 1 1 0 834 835 1 		 
201212191922 경기도 용인시기흥구 2574 1894 4 1215 671 1 1 2 0 1890 1059 2 		 
201212191926 경기도 용인시기흥구 5129 3481 12 2057 1400 2 2 7 1 3469 1587 3 		 
201212191930 경기도 용인시기흥구 7485 5459 17 3022 2403 2 3 9 3 5442 1978 4 		 
201212191935 경기도 용인시기흥구 11069 8210 20 4373 3795 2 4 10 6 8190 2751 5 		 
201212191937 경기도 용인시기흥구 14302 10357 26 5591 4713 2 5 11 9 10331 2147 6 		 
201212191940 경기도 용인시기흥구 18414 13244 31 6649 6529 3 8 13 11 13213 2887 7 		 
201212191944 경기도 용인시기흥구 21775 16034 33 7958 7997 3 9 22 12 16001 2790 8 		 
201212191959 경기도 용인시기흥구 25020 18609 36 9180 9338 3 9 29 14 18573 2575 9 		 
201212192001 경기도 용인시기흥구 28195 20769 38 10044 10626 3 10 32 16 20731 2160 10 		 
201212192008 경기도 용인시기흥구 30878 22883 42 11125 11649 3 11 37 16 22841 2114 11 		 
201212192010 경기도 용인시기흥구 34250 25434 50 12166 13141 3 12 41 21 25384 2551 12 		 
201212192014 경기도 용인시기흥구 36793 27545 54 12891 14517 3 12 46 22 27491 2111 13 		 
201212192019 경기도 용인시기흥구 39944 30043 58 14122 15772 5 14 48 24 29985 2498 14 		 
201212192021 경기도 용인시기흥구 43385 32635 61 15371 17103 5 16 52 27 32574 2592 15 		 
201212192025 경기도 용인시기흥구 46121 34884 66 16449 18262 8 16 56 27 34818 2249 16 		 
201212192026 경기도 용인시기흥구 48966 37295 71 17542 19569 8 17 60 28 37224 2411 17 		 
201212192027 경기도 용인시기흥구 52108 39436 76 18553 20686 8 17 65 31 39360 2141 18 		 
201212192030 경기도 용인시기흥구 54425 41069 77 19318 21543 8 17 73 33 40992 1633 19 		 
201212192032 경기도 용인시기흥구 57532 43594 79 20627 22743 8 18 85 34 43515 2525 20 		 
201212192034 경기도 용인시기흥구 59183 44762 82 21247 23283 8 18 87 37 44680 1168 21 		 
201212192037 경기도 용인시기흥구 62753 47540 87 23073 24223 9 20 89 39 47453 2778 22 		 
201212192039 경기도 용인시기흥구 66682 50810 91 24331 26225 9 21 92 41 50719 3270 23 		 
201212192043 경기도 용인시기흥구 70796 53920 100 25853 27796 9 21 98 43 53820 3110 24 		 
201212192050 경기도 용인시기흥구 74388 56785 106 27565 28941 9 21 100 43 56679 2865 25 		 
201212192053 경기도 용인시기흥구 77842 59567 112 29032 30241 9 23 104 46 59455 2782 26 		 
201212192054 경기도 용인시기흥구 80793 61760 115 29932 31521 9 26 109 48 61645 2193 27 		 
201212192105 경기도 용인시기흥구 84091 64304 120 31078 32909 9 26 112 50 64184 2544 28 		 
201212192107 경기도 용인시기흥구 86619 66406 122 31873 34205 9 26 120 51 66284 2102 29 		 
201212192110 경기도 용인시기흥구 89436 68617 124 33166 35116 9 27 124 51 68493 2211 30 		 
201212192112 경기도 용인시기흥구 92945 71394 126 34589 36462 9 28 128 52 71268 2777 31 		 
201212192122 경기도 용인시기흥구 97025 74556 128 35783 38415 9 30 137 54 74428 3162 32 		 
201212192141 경기도 용인시기흥구 100560 77292 138 37115 39805 9 31 140 54 77154 2736 33 		 
201212192143 경기도 용인시기흥구 103578 79751 145 38115 41253 10 31 143 54 79606 2459 34 		 
201212192144 경기도 용인시기흥구 105645 81425 149 38999 42034 10 31 147 55 81276 1674 35 		 
201212192154 경기도 용인시기흥구 109495 84601 153 40470 43722 10 32 155 59 84448 3176 36 		 
201212192157 경기도 용인시기흥구 113272 87564 159 41567 45576 10 33 159 60 87405 2963 37 		 
201212192158 경기도 용인시기흥구 116196 89806 164 42865 46509 10 33 162 63 89642 2242 38 		 
201212192201 경기도 용인시기흥구 119563 92344 171 44131 47767 11 33 165 66 92173 2538 39 		 
201212192204 경기도 용인시기흥구 122653 94823 175 45283 49080 11 35 172 67 94648 2479 40 		 
201212192205 경기도 용인시기흥구 125828 97218 178 46616 50134 11 36 175 68 97040 2395 41 		 
201212192206 경기도 용인시기흥구 128595 99415 179 47496 51444 11 36 181 68 99236 2197 42 		 
201212192207 경기도 용인시기흥구 131363 101427 184 48496 52443 13 36 186 69 101243 2012 43 		 
201212192208 경기도 용인시기흥구 136478 105123 188 50101 54522 14 36 191 71 104935 3696 44 		 
201212192209 경기도 용인시기흥구 140604 108319 193 51593 56209 14 40 198 72 108126 3196 45 		 
201212192210 경기도 용인시기흥구 144144 111068 200 52956 57581 14 41 201 75 110868 2749 46 		 
201212192211 경기도 용인시기흥구 148067 114358 204 54742 59071 14 42 208 77 114154 3290 47 		 
201212192212 경기도 용인시기흥구 151872 117335 210 55977 60803 14 42 210 79 117125 2977 48 		 
201212192213 경기도 용인시기흥구 159894 123955 218 59775 63602 14 43 219 84 123737 6620 49 		 
201212192215 경기도 용인시기흥구 165430 128405 226 62448 65355 15 46 226 89 128179 4450 50 		 
201212192217 경기도 용인시기흥구 167449 130119 231 63213 66293 16 47 228 91 129888 1714 51 		 
201212192218 경기도 용인시기흥구 171682 133437 239 64825 67983 16 50 233 91 133198 3318 52 		 
201212192219 경기도 용인시기흥구 174724 135809 246 66003 69160 16 51 241 92 135563 2372 53 		 
201212192221 경기도 용인시기흥구 179735 139836 251 68368 70789 16 52 262 98 139585 4027 54 		 
201212192222 경기도 용인시기흥구 184957 144141 257 70126 73313 17 55 272 101 143884 4305 55 		 
201212192223 경기도 용인시기흥구 188063 146579 260 71483 74383 17 56 277 103 146319 2438 56 		 
201212192224 경기도 용인시기흥구 191956 149645 266 73332 75586 17 57 283 104 149379 3066 57 		 
201212192226 경기도 용인시기흥구 197745 154173 273 75715 77705 17 60 292 111 153900 4528 58 		 
201212192227 경기도 용인시기흥구 201163 156834 281 76969 79093 17 60 300 114 156553 2661 59 		 
201212192228 경기도 용인시기흥구 204255 159361 283 78058 80525 18 60 303 114 159078 2527 60 		 
201212192229 경기도 용인시기흥구 208954 162991 288 79657 82536 19 63 313 115 162703 3630 61 		 
201212192230 경기도 용인시기흥구 213373 166507 294 81328 84359 20 65 323 118 166213 3516 62 		 
201212192233 경기도 용인시기흥구 217278 169643 304 83146 85658 21 66 330 118 169339 3136 63 		 
201212192235 경기도 용인시기흥구 222831 174814 377 85660 88209 25 70 342 131 174437 5171 64 		 
201212192237 경기도 용인시기흥구 225239 176747 383 86614 89177 25 70 346 132 176364 1933 65 		 
201212192238 경기도 용인시기흥구 228912 179558 390 87938 90647 25 70 354 134 179168 2811 66 		 
201212192242 경기도 용인시기흥구 231273 181250 400 88578 91682 25 71 358 136 180850 1692 67 		 
201212192243 경기도 용인시기흥구 235050 184303 407 90077 93224 25 71 362 137 183896 3053 68 		 
201212192244 경기도 용인시기흥구 238531 187174 408 90991 95175 25 72 364 139 186766 2871 69 		 
201212192245 경기도 용인시기흥구 246463 193139 416 93941 98171 25 74 373 139 192723 5965 70 		 
201212192246 경기도 용인시기흥구 249676 195678 419 95178 99459 25 77 380 140 195259 2539 71 		 
201212192247 경기도 용인시기흥구 253141 198264 424 96386 100827 26 77 384 140 197840 2586 72 		 
201212192248 경기도 용인시기흥구 257032 201378 429 97950 102360 26 78 392 143 200949 3114 73 		 
201212192249 경기도 용인시기흥구 261244 204537 437 99500 103949 26 78 398 149 204100 3159 74 		 
201212192250 경기도 용인시기흥구 264206 206937 441 100476 105366 27 78 400 149 206496 2400 75 		 
201212192251 경기도 용인시기흥구 270921 212283 450 103257 107901 28 80 414 153 211833 5346 76 		 
201212192254 경기도 용인시기흥구 274898 215284 456 104635 109510 28 81 419 155 214828 3001 77 		 
201212192255 경기도 용인시기흥구 277326 217011 461 104957 110907 28 82 421 155 216550 1727 78 		 
