Time AreaA AreaB Total TotalA Invalid VoteA VoteB VoteC VoteD VoteE VoteF TotalB Diff Count
201212191922 경기도 안양시만안구 1541 926 4 485 435 0 1 1 0 922 926 1 		 
201212191943 경기도 안양시만안구 4121 2996 9 1493 1486 0 3 4 1 2987 2070 2 		 
201212191949 경기도 안양시만안구 7525 5311 18 2640 2637 1 4 9 2 5293 2315 3 		 
201212191954 경기도 안양시만안구 11266 8045 22 4052 3950 1 5 12 3 8023 2734 4 		 
201212191957 경기도 안양시만안구 12563 8854 23 4521 4287 2 5 13 3 8831 809 5 		 
201212192002 경기도 안양시만안구 17948 12563 35 6327 6172 2 5 17 5 12528 3709 6 		 
201212192006 경기도 안양시만안구 22320 15576 48 7843 7646 4 6 21 8 15528 3013 7 		 
201212192015 경기도 안양시만안구 26712 18730 54 9354 9274 5 9 25 9 18676 3154 8 		 
201212192018 경기도 안양시만안구 29948 21110 62 10498 10493 6 9 30 12 21048 2380 9 		 
201212192019 경기도 안양시만안구 33436 23986 71 11997 11854 8 10 33 13 23915 2876 10 		 
201212192020 경기도 안양시만안구 36271 26109 75 13030 12929 8 11 38 18 26034 2123 11 		 
201212192027 경기도 안양시만안구 39811 28420 82 14228 14029 9 13 39 20 28338 2311 12 		 
201212192033 경기도 안양시만안구 43709 31709 89 15557 15971 9 15 44 24 31620 3289 13 		 
201212192034 경기도 안양시만안구 46083 33692 100 16404 17085 10 16 52 25 33592 1983 14 		 
201212192037 경기도 안양시만안구 49889 36627 103 17807 18605 10 17 57 28 36524 2935 15 		 
201212192039 경기도 안양시만안구 53584 39420 112 19136 20050 11 19 63 29 39308 2793 16 		 
201212192041 경기도 안양시만안구 56996 41808 116 20378 21188 11 19 64 32 41692 2388 17 		 
201212192047 경기도 안양시만안구 60401 44393 122 21636 22498 12 21 69 35 44271 2585 18 		 
201212192052 경기도 안양시만안구 63458 46693 127 22769 23649 14 22 76 36 46566 2300 19 		 
201212192055 경기도 안양시만안구 67944 50194 134 24515 25388 15 23 83 36 50060 3501 20 		 
201212192057 경기도 안양시만안구 71885 53321 141 25981 27037 15 23 85 39 53180 3127 21 		 
201212192059 경기도 안양시만안구 75506 55866 151 27224 28317 17 25 89 43 55715 2545 22 		 
201212192100 경기도 안양시만안구 79317 58930 156 28610 29978 17 30 93 46 58774 3064 23 		 
201212192102 경기도 안양시만안구 83201 61952 164 30037 31559 17 32 96 47 61788 3022 24 		 
201212192104 경기도 안양시만안구 86049 64012 173 31120 32523 18 32 98 48 63839 2060 25 		 
201212192107 경기도 안양시만안구 90512 67588 183 32657 34533 18 40 107 50 67405 3576 26 		 
201212192108 경기도 안양시만안구 93337 69950 188 33833 35701 18 43 116 51 69762 2362 27 		 
201212192109 경기도 안양시만안구 96232 72082 193 34871 36784 20 43 119 52 71889 2132 28 		 
201212192110 경기도 안양시만안구 98866 74049 197 35861 37752 21 43 121 54 73852 1967 29 		 
201212192113 경기도 안양시만안구 103769 77665 211 37682 39523 22 43 125 59 77454 3616 30 		 
201212192129 경기도 안양시만안구 108612 81785 228 39515 41779 22 45 135 61 81557 4120 31 		 
201212192130 경기도 안양시만안구 111684 84304 231 40773 43030 23 46 139 62 84073 2519 32 		 
201212192132 경기도 안양시만안구 114575 86483 237 41842 44126 24 47 143 64 86246 2179 33 		 
201212192138 경기도 안양시만안구 118962 89372 251 43258 45573 25 48 150 67 89121 2889 34 		 
201212192140 경기도 안양시만안구 121847 91445 253 44350 46545 26 48 155 68 91192 2073 35 		 
201212192144 경기도 안양시만안구 126095 94396 257 45783 48049 27 50 160 70 94139 2951 36 		 
201212192146 경기도 안양시만안구 129748 97021 266 47134 49307 28 50 162 74 96755 2625 37 		 
201212192148 경기도 안양시만안구 133183 99525 276 48373 50555 28 50 166 77 99249 2504 38 		 
201212192151 경기도 안양시만안구 136820 102092 281 49680 51797 30 56 171 77 101811 2567 39 		 
201212192155 경기도 안양시만안구 139526 104368 283 50805 52942 30 56 173 79 104085 2276 40 		 
201212192156 경기도 안양시만안구 143283 107072 292 52078 54355 30 56 181 80 106780 2704 41 		 
201212192158 경기도 안양시만안구 146335 109492 297 53325 55516 31 58 184 81 109195 2420 42 		 
201212192159 경기도 안양시만안구 150292 112422 303 54810 56943 31 59 189 87 112119 2930 43 		 
201212192206 경기도 안양시만안구 154846 116725 372 56926 59023 33 63 200 108 116353 4303 44 		 
201212192208 경기도 안양시만안구 155908 117512 379 57257 59469 33 63 203 108 117133 787 45 		 
201212192209 경기도 안양시만안구 163291 123170 394 60123 62231 34 63 215 110 122776 5658 46 		 
201212192212 경기도 안양시만안구 167283 126121 405 61506 63778 34 65 219 114 125716 2951 47 		 
201212192213 경기도 안양시만안구 170076 128365 411 62526 64991 34 68 220 115 127954 2244 48 		 
201212192214 경기도 안양시만안구 178205 134385 423 65495 68010 34 74 231 118 133962 6020 49 		 
201212192216 경기도 안양시만안구 181913 137526 431 67047 69581 34 76 237 120 137095 3141 50 		 
201212192217 경기도 안양시만안구 183859 138963 433 67734 70326 35 76 238 121 138530 1437 51 		 
201212192219 경기도 안양시만안구 189106 142955 442 69577 72455 36 78 246 121 142513 3992 52 		 
201212192221 경기도 안양시만안구 194017 146682 454 71353 74382 36 81 252 124 146228 3727 53 		 
201212192222 경기도 안양시만안구 198297 149748 462 72901 75885 37 83 254 126 149286 3066 54 		 
201212192224 경기도 안양시만안구 201722 152570 467 74305 77292 39 84 256 127 152103 2822 55 		 
201212192226 경기도 안양시만안구 206674 156859 472 76396 79472 39 87 262 131 156387 4289 56 		 
