Time AreaA AreaB Total TotalA Invalid VoteA VoteB VoteC VoteD VoteE VoteF TotalB Diff Count
201212191928 경기도 수원시팔달구 2840 1939 12 1140 786 0 0 0 1 1927 1939 1 		 
201212191935 경기도 수원시팔달구 6240 4383 13 2338 2019 1 2 5 5 4370 2444 2 		 
201212191938 경기도 수원시팔달구 9995 6917 20 3726 3148 2 4 9 8 6897 2534 3 		 
201212191940 경기도 수원시팔달구 13373 9217 27 4908 4251 3 5 14 9 9190 2300 4 		 
201212191947 경기도 수원시팔달구 15564 10923 28 5717 5147 3 5 14 9 10895 1706 5 		 
201212191949 경기도 수원시팔달구 18106 12645 28 6766 5815 3 6 16 11 12617 1722 6 		 
201212191957 경기도 수원시팔달구 22842 15814 35 8487 7252 4 6 17 13 15779 3169 7 		 
201212192000 경기도 수원시팔달구 26587 18389 48 10032 8261 5 6 22 15 18341 2575 8 		 
201212192002 경기도 수원시팔달구 29418 20314 56 11176 9026 5 9 25 17 20258 1925 9 		 
201212192006 경기도 수원시팔달구 32734 22597 64 12558 9914 5 9 28 19 22533 2283 10 		 
201212192008 경기도 수원시팔달구 37195 26347 66 14297 11911 7 9 34 23 26281 3750 11 		 
201212192014 경기도 수원시팔달구 40013 28289 70 15394 12745 9 10 37 24 28219 1942 12 		 
201212192024 경기도 수원시팔달구 42928 30332 77 16617 13547 9 11 41 30 30255 2043 13 		 
201212192030 경기도 수원시팔달구 46816 33232 84 17924 15118 9 11 48 38 33148 2900 14 		 
201212192041 경기도 수원시팔달구 51102 36205 94 19504 16491 9 13 53 41 36111 2973 15 		 
201212192043 경기도 수원시팔달구 55036 38578 98 20776 17578 12 15 54 45 38480 2373 16 		 
201212192045 경기도 수원시팔달구 57125 39989 102 21592 18166 13 15 56 45 39887 1411 17 		 
201212192056 경기도 수원시팔달구 60758 42906 111 22908 19747 13 17 62 48 42795 2917 18 		 
201212192058 경기도 수원시팔달구 63577 45185 112 24083 20839 14 20 66 51 45073 2279 19 		 
201212192102 경기도 수원시팔달구 65502 46572 118 24929 21362 17 20 68 58 46454 1387 20 		 
201212192103 경기도 수원시팔달구 70622 50000 130 26979 22724 18 20 70 59 49870 3428 21 		 
201212192104 경기도 수원시팔달구 74248 52683 138 28310 24064 18 21 72 60 52545 2683 22 		 
201212192107 경기도 수원시팔달구 75120 53308 140 28562 24434 18 21 72 61 53168 625 23 		 
201212192115 경기도 수원시팔달구 79534 56395 147 30210 25858 18 22 77 63 56248 3087 24 		 
201212192117 경기도 수원시팔달구 83507 59097 154 31585 27168 18 23 79 70 58943 2702 25 		 
201212192121 경기도 수원시팔달구 87471 61788 161 33115 28304 20 28 86 74 61627 2691 26 		 
201212192123 경기도 수원시팔달구 91076 64321 171 34543 29391 21 28 91 76 64150 2533 27 		 
201212192128 경기도 수원시팔달구 96460 67736 182 36578 30751 22 29 94 80 67554 3415 28 		 
201212192130 경기도 수원시팔달구 99524 70290 187 37837 32032 22 30 101 81 70103 2554 29 		 
201212192135 경기도 수원시팔달구 103035 73100 194 39077 33586 23 30 105 85 72906 2810 30 		 
201212192136 경기도 수원시팔달구 107624 76886 200 40708 35723 24 31 114 86 76686 3786 31 		 
201212192140 경기도 수원시팔달구 111438 80028 209 42443 37105 24 34 117 96 79819 3142 32 		 
201212192146 경기도 수원시팔달구 115987 82719 213 43777 38448 24 37 121 99 82506 2691 33 		 
201212192148 경기도 수원시팔달구 119914 85524 220 45251 39766 24 38 123 102 85304 2805 34 		 
201212192150 경기도 수원시팔달구 123643 87657 226 46385 40753 24 39 127 103 87431 2133 35 		 
201212192151 경기도 수원시팔달구 126860 90335 236 47833 41958 26 39 138 105 90099 2678 36 		 
201212192157 경기도 수원시팔달구 131190 93285 244 49503 43225 26 41 141 105 93041 2950 37 		 
201212192200 경기도 수원시팔달구 134130 95737 247 50568 44600 26 43 144 109 95490 2452 38 		 
201212192201 경기도 수원시팔달구 138816 98782 257 52374 45814 27 44 150 116 98525 3045 39 		 
201212192203 경기도 수원시팔달구 141010 100296 263 53149 46542 27 44 153 118 100033 1514 40 		 
201212192204 경기도 수원시팔달구 144475 103545 318 54722 48129 32 50 159 135 103227 3249 41 		 
201212192206 경기도 수원시팔달구 148178 106537 325 56222 49604 32 53 164 137 106212 2992 42 		 
201212192207 경기도 수원시팔달구 151688 109237 330 57628 50879 34 54 172 140 108907 2700 43 		 
201212192208 경기도 수원시팔달구 154977 111247 334 58618 51887 34 57 176 141 110913 2010 44 		 
201212192210 경기도 수원시팔달구 159292 114379 343 60309 53311 34 58 181 143 114036 3132 45 		 
201212192211 경기도 수원시팔달구 163124 117543 348 61841 54930 35 60 185 144 117195 3164 46 		 
201212192212 경기도 수원시팔달구 167784 121476 355 63522 57156 36 63 197 147 121121 3933 47 		 
