Time AreaA AreaB Total TotalA Invalid VoteA VoteB VoteC VoteD VoteE VoteF TotalB Diff Count
201212191916 경기도 이천시 2461 1792 3 1116 668 0 1 3 1 1789 1792 1 		 
201212191918 경기도 이천시 5033 3550 9 2228 1305 1 2 3 2 3541 1758 2 		 
201212191922 경기도 이천시 8532 6164 12 3510 2625 1 4 9 3 6152 2614 3 		 
201212191928 경기도 이천시 12724 9477 22 5295 4132 2 5 15 6 9455 3313 4 		 
201212191929 경기도 이천시 15589 11394 27 6562 4770 3 5 19 8 11367 1917 5 		 
201212191938 경기도 이천시 18744 13794 38 7639 6075 4 8 21 9 13756 2400 6 		 
201212191940 경기도 이천시 21146 15482 42 8833 6559 5 10 22 11 15440 1688 7 		 
201212191941 경기도 이천시 24588 18031 53 10196 7724 6 13 24 15 17978 2549 8 		 
201212191943 경기도 이천시 27168 19856 63 11390 8339 7 13 26 18 19793 1825 9 		 
201212191945 경기도 이천시 30168 22116 68 12470 9512 7 14 26 19 22048 2260 10 		 
201212191947 경기도 이천시 33193 24436 71 13555 10738 7 15 29 21 24365 2320 11 		 
201212191948 경기도 이천시 36220 27014 78 14506 12351 8 17 32 22 26936 2578 12 		 
201212191951 경기도 이천시 39127 29160 86 15848 13142 8 19 35 22 29074 2146 13 		 
201212191952 경기도 이천시 40869 30346 89 16646 13516 9 21 37 28 30257 1186 14 		 
201212191954 경기도 이천시 44252 32671 94 18102 14364 10 24 44 33 32577 2325 15 		 
201212191958 경기도 이천시 49319 36419 106 20236 15954 10 26 51 36 36313 3748 16 		 
201212192000 경기도 이천시 52882 38921 114 21797 16881 11 26 54 38 38807 2502 17 		 
201212192004 경기도 이천시 56184 41321 127 23277 17776 12 26 59 44 41194 2400 18 		 
201212192006 경기도 이천시 57431 42274 130 23983 18016 12 26 59 48 42144 953 19 		 
201212192017 경기도 이천시 60279 44273 135 25299 18687 12 27 62 51 44138 1999 20 		 
201212192018 경기도 이천시 62295 45713 148 26275 19131 12 27 63 57 45565 1440 21 		 
201212192019 경기도 이천시 63579 46675 153 27002 19358 12 27 64 59 46522 962 22 		 
201212192027 경기도 이천시 66449 48520 160 28224 19967 13 27 68 61 48360 1845 23 		 
201212192028 경기도 이천시 68383 49873 164 29073 20460 13 28 71 64 49709 1353 24 		 
201212192030 경기도 이천시 70790 51621 174 30322 20936 15 29 75 70 51447 1748 25 		 
201212192032 경기도 이천시 72930 53133 181 31375 21379 15 29 80 74 52952 1512 26 		 
201212192038 경기도 이천시 75026 54453 205 32257 21782 16 29 86 78 54248 1320 27 		 
201212192040 경기도 이천시 78210 56663 207 33583 22654 16 30 92 81 56456 2210 28 		 
201212192041 경기도 이천시 80551 58270 213 34691 23143 16 30 95 82 58057 1607 29 		 
201212192042 경기도 이천시 82198 59523 219 35569 23501 16 30 99 89 59304 1253 30 		 
201212192043 경기도 이천시 83287 60252 221 36078 23716 16 30 100 91 60031 729 31 		 
201212192047 경기도 이천시 86931 62650 228 37306 24871 17 32 102 94 62422 2398 32 		 
201212192052 경기도 이천시 89820 64871 231 38310 26074 19 33 108 96 64640 2221 33 		 
201212192057 경기도 이천시 92905 66877 240 39614 26762 20 35 109 97 66637 2006 34 		 
201212192100 경기도 이천시 96240 69239 248 41269 27448 23 37 115 99 68991 2362 35 		 
201212192106 경기도 이천시 99973 71949 261 42578 28827 25 38 118 102 71688 2710 36 		 
201212192108 경기도 이천시 102487 73699 269 43818 29324 27 38 119 104 73430 1750 37 		 
201212192109 경기도 이천시 105019 75477 272 44168 30747 27 39 120 104 75205 1778 38 		 
201212192128 경기도 이천시 109027 79181 408 46014 32411 43 48 135 122 78773 3704 39 		 
201212192131 경기도 이천시 111576 81049 420 47257 33013 44 48 140 127 80629 1868 40 		 
201212192132 경기도 이천시 112817 81962 466 47835 33283 48 54 142 134 81496 913 41 		 
201212192133 경기도 이천시 115977 84205 469 49263 34085 49 56 148 135 83736 2243 42 		 
201212192134 경기도 이천시 119636 86841 480 50778 35188 49 56 151 139 86361 2636 43 		 
201212192135 경기도 이천시 122213 88569 484 51940 35746 49 58 153 139 88085 1728 44 		 
201212192136 경기도 이천시 123107 89241 485 52441 35911 49 58 155 142 88756 672 45 		 
201212192137 경기도 이천시 124433 90181 486 53109 36175 49 59 158 145 89695 940 46 		 
201212192138 경기도 이천시 129041 93680 491 54910 37862 50 60 162 145 93189 3499 47 		 
201212192139 경기도 이천시 130616 94816 495 55770 38126 51 60 164 150 94321 1136 48 		 
201212192142 경기도 이천시 134427 97219 500 57305 38982 51 61 166 154 96719 2403 49 		 
201212192146 경기도 이천시 138874 100379 512 59050 40373 51 61 172 160 99867 3160 50 		 
201212192148 경기도 이천시 139533 100821 516 59202 40658 51 61 172 161 100305 442 51 		 
201212192149 경기도 이천시 142898 103464 521 60022 42473 51 62 174 161 102943 2643 52 		 
201212192150 경기도 이천시 148428 107216 532 62404 43818 53 63 181 165 106684 3752 53 		 
201212192158 경기도 이천시 152704 110195 544 64390 44789 53 63 185 171 109651 2979 54 		 
201212192209 경기도 이천시 157488 113269 553 66241 45996 55 63 190 171 112716 3074 55 		 
