Time AreaA AreaB Total TotalA Invalid VoteA VoteB VoteC VoteD VoteE VoteF TotalB Diff Count
201212191937 경기도 고양시일산서구 1918 1462 4 614 836 1 3 3 1 1458 1462 1 		 
201212191949 경기도 고양시일산서구 5589 4023 7 1845 2159 2 3 4 3 4016 2561 2 		 
201212191959 경기도 고양시일산서구 8564 6489 18 3015 3434 2 3 13 4 6471 2466 3 		 
201212192006 경기도 고양시일산서구 11631 9038 25 4115 4870 5 3 14 6 9013 2549 4 		 
201212192009 경기도 고양시일산서구 16020 12357 30 6203 6089 7 3 17 8 12327 3319 5 		 
201212192013 경기도 고양시일산서구 18981 14798 36 7299 7415 10 7 22 9 14762 2441 6 		 
201212192024 경기도 고양시일산서구 23139 17946 40 8667 9184 10 8 26 11 17906 3148 7 		 
201212192025 경기도 고양시일산서구 25789 19896 45 9639 10151 10 9 31 11 19851 1950 8 		 
201212192029 경기도 고양시일산서구 28422 22076 49 10720 11235 10 10 39 13 22027 2180 9 		 
201212192031 경기도 고양시일산서구 32363 25063 55 12013 12914 10 12 46 13 25008 2987 10 		 
201212192033 경기도 고양시일산서구 36855 28633 62 13531 14947 11 12 55 15 28571 3570 11 		 
201212192034 경기도 고양시일산서구 40533 31537 74 14918 16439 11 17 58 20 31463 2904 12 		 
201212192036 경기도 고양시일산서구 43512 34007 77 16187 17631 11 18 61 22 33930 2470 13 		 
201212192037 경기도 고양시일산서구 46502 36441 82 17344 18890 11 20 68 26 36359 2434 14 		 
201212192052 경기도 고양시일산서구 48748 38214 88 18202 19797 11 20 70 26 38126 1773 15 		 
201212192056 경기도 고양시일산서구 52832 41328 92 19927 21173 12 20 77 27 41236 3114 16 		 
201212192058 경기도 고양시일산서구 57462 45056 98 21558 23250 12 23 86 29 44958 3728 17 		 
201212192100 경기도 고양시일산서구 61674 48358 104 23181 24917 12 24 90 30 48254 3302 18 		 
201212192103 경기도 고양시일산서구 65860 51486 120 24631 26563 13 25 96 38 51366 3128 19 		 
201212192105 경기도 고양시일산서구 69452 54021 125 25905 27805 14 29 101 42 53896 2535 20 		 
201212192108 경기도 고양시일산서구 72685 56466 131 27214 28932 14 29 103 43 56335 2445 21 		 
201212192122 경기도 고양시일산서구 76422 59407 138 28640 30429 16 30 111 43 59269 2941 22 		 
201212192125 경기도 고양시일산서구 80011 62207 142 29943 31905 17 34 117 49 62065 2800 23 		 
201212192138 경기도 고양시일산서구 83653 65136 147 31148 33618 19 35 118 51 64989 2929 24 		 
201212192140 경기도 고양시일산서구 86282 66908 150 32125 34402 21 38 121 51 66758 1772 25 		 
201212192141 경기도 고양시일산서구 89907 69613 154 33223 35998 21 38 126 53 69459 2705 26 		 
201212192143 경기도 고양시일산서구 92620 71559 158 34214 36937 21 41 132 56 71401 1946 27 		 
201212192145 경기도 고양시일산서구 96133 74027 165 35576 38030 21 41 135 59 73862 2468 28 		 
201212192148 경기도 고양시일산서구 98928 76320 167 36922 38968 22 43 139 59 76153 2293 29 		 
201212192150 경기도 고양시일산서구 102221 78666 174 38071 40150 23 43 141 64 78492 2346 30 		 
201212192151 경기도 고양시일산서구 105933 81698 177 39579 41661 24 45 146 66 81521 3032 31 		 
201212192154 경기도 고양시일산서구 109338 84261 183 40804 42986 24 46 150 68 84078 2563 32 		 
201212192205 경기도 고양시일산서구 113447 87684 193 42467 44729 25 47 154 69 87491 3423 33 		 
201212192207 경기도 고양시일산서구 116644 90243 193 43677 46072 25 48 157 71 90050 2559 34 		 
201212192209 경기도 고양시일산서구 121459 94013 204 45343 48156 25 48 166 71 93809 3770 35 		 
201212192211 경기도 고양시일산서구 125429 97141 212 46878 49732 25 49 172 73 96929 3128 36 		 
201212192214 경기도 고양시일산서구 128480 99277 216 48251 50482 25 53 175 75 99061 2136 37 		 
201212192216 경기도 고양시일산서구 131886 101694 223 49460 51675 25 53 180 78 101471 2417 38 		 
201212192218 경기도 고양시일산서구 135954 105098 229 50840 53685 26 54 184 80 104869 3404 39 		 
201212192219 경기도 고양시일산서구 138899 107420 232 51873 54959 27 56 191 82 107188 2322 40 		 
201212192241 경기도 고양시일산서구 142694 110307 241 53178 56524 28 58 195 83 110066 2887 41 		 
201212192243 경기도 고양시일산서구 145300 112413 246 54259 57535 29 59 200 85 112167 2106 42 		 
201212192249 경기도 고양시일산서구 149088 115200 252 55620 58946 30 59 205 88 114948 2787 43 		 
201212192250 경기도 고양시일산서구 151476 117175 253 56498 60034 30 59 212 89 116922 1975 44 		 
201212192252 경기도 고양시일산서구 155150 119806 263 57920 61226 30 61 215 91 119543 2631 45 		 
201212192253 경기도 고양시일산서구 159391 123025 271 59484 62861 30 65 222 92 122754 3219 46 		 
201212192255 경기도 고양시일산서구 162078 125016 276 60412 63912 30 65 226 95 124740 1991 47 		 
201212192256 경기도 고양시일산서구 166470 128487 279 61923 65862 30 67 230 96 128208 3471 48 		 
201212192259 경기도 고양시일산서구 169252 130749 284 62843 67189 30 69 236 98 130465 2262 49 		 
201212192302 경기도 고양시일산서구 173364 134145 288 64531 68879 30 69 246 102 133857 3396 50 		 
201212192303 경기도 고양시일산서구 176700 136965 300 65838 70372 30 69 254 102 136665 2820 51 		 
201212192307 경기도 고양시일산서구 183479 142279 311 68523 72967 32 69 268 109 141968 5314 52 		 
201212192309 경기도 고양시일산서구 187531 145095 321 69999 74282 32 73 274 114 144774 2816 53 		 
201212192312 경기도 고양시일산서구 190923 147766 325 71183 75750 32 74 280 122 147441 2671 54 		 
201212192314 경기도 고양시일산서구 195151 150796 330 72591 77355 33 76 285 126 150466 3030 55 		 
201212192316 경기도 고양시일산서구 198502 153384 332 73778 78745 33 77 291 128 153052 2588 56 		 
201212192322 경기도 고양시일산서구 202111 156349 336 75083 80388 34 77 300 131 156013 2965 57 		 
201212192323 경기도 고양시일산서구 204064 157734 344 75612 81232 34 77 304 131 157390 1385 58 		 
201212192328 경기도 고양시일산서구 209547 162875 409 77984 83893 39 86 320 144 162466 5141 59 		 
201212192335 경기도 고양시일산서구 213757 166325 413 79444 85868 40 86 329 145 165912 3450 60 		 
201212192336 경기도 고양시일산서구 217339 169240 414 80851 87363 41 86 338 147 168826 2915 61 		 
201212192344 경기도 고양시일산서구 220417 171813 418 81992 88785 41 87 342 148 171395 2573 62 		 
