Time AreaA AreaB Total TotalA Invalid VoteA VoteB VoteC VoteD VoteE VoteF TotalB Diff Count
201212191927 경기도 수원시장안구 1177 844 3 305 532 1 1 2 0 841 844 1 		 
201212191934 경기도 수원시장안구 4510 3545 7 1646 1874 1 4 9 4 3538 2701 2 		 
201212191954 경기도 수원시장안구 7311 5562 13 2749 2776 1 5 12 6 5549 2017 3 		 
201212191958 경기도 수원시장안구 10348 8172 15 3824 4298 2 6 21 6 8157 2610 4 		 
201212192002 경기도 수원시장안구 14389 11064 21 5470 5527 4 7 27 8 11043 2892 5 		 
201212192008 경기도 수원시장안구 16471 12723 44 6308 6312 7 10 32 10 12679 1659 6 		 
201212192010 경기도 수원시장안구 19640 15111 46 7497 7505 7 12 34 10 15065 2388 7 		 
201212192018 경기도 수원시장안구 23715 17781 56 9081 8574 9 12 36 13 17725 2670 8 		 
201212192021 경기도 수원시장안구 26276 19827 59 10098 9591 10 15 41 13 19768 2046 9 		 
201212192025 경기도 수원시장안구 28480 21376 62 10882 10350 10 16 43 13 21314 1549 10 		 
201212192030 경기도 수원시장안구 33177 24580 70 12539 11877 11 16 52 15 24510 3204 11 		 
201212192033 경기도 수원시장안구 36582 27074 81 13793 13098 11 18 54 19 26993 2494 12 		 
201212192045 경기도 수원시장안구 40067 29989 89 15050 14731 12 22 65 20 29900 2915 13 		 
201212192046 경기도 수원시장안구 44374 33091 97 16822 16039 13 23 71 26 32994 3102 14 		 
201212192047 경기도 수원시장안구 48223 35866 105 18017 17600 13 24 80 27 35761 2775 15 		 
201212192051 경기도 수원시장안구 51893 38396 110 19402 18724 14 25 88 33 38286 2530 16 		 
201212192101 경기도 수원시장안구 55813 41610 120 20591 20727 14 26 94 38 41490 3214 17 		 
201212192104 경기도 수원시장안구 59445 44634 125 21817 22502 15 30 104 41 44509 3024 18 		 
201212192108 경기도 수원시장안구 62943 47593 132 23440 23823 15 30 110 43 47461 2959 19 		 
201212192110 경기도 수원시장안구 67035 50900 138 24928 25626 15 30 120 43 50762 3307 20 		 
201212192116 경기도 수원시장안구 70252 53333 147 26212 26753 16 32 124 49 53186 2433 21 		 
201212192121 경기도 수원시장안구 73462 56058 153 27579 28093 17 33 133 50 55905 2725 22 		 
201212192126 경기도 수원시장안구 76394 58518 163 28611 29503 17 33 139 52 58355 2460 23 		 
201212192130 경기도 수원시장안구 80189 61162 168 30158 30590 17 33 143 53 60994 2644 24 		 
201212192131 경기도 수원시장안구 83723 63813 178 31497 31880 17 35 151 55 63635 2651 25 		 
201212192133 경기도 수원시장안구 86923 66115 187 32713 32951 17 36 154 57 65928 2302 26 		 
201212192139 경기도 수원시장안구 91206 69303 190 34276 34564 18 38 157 60 69113 3188 27 		 
201212192145 경기도 수원시장안구 93661 70893 194 35116 35308 18 38 159 60 70699 1590 28 		 
201212192146 경기도 수원시장안구 97766 73907 200 36800 36617 19 38 167 66 73707 3014 29 		 
201212192203 경기도 수원시장안구 101725 77250 208 38587 38159 19 38 170 69 77042 3343 30 		 
201212192206 경기도 수원시장안구 104317 79368 229 39243 39590 19 41 172 74 79139 2118 31 		 
201212192207 경기도 수원시장안구 108910 83267 233 40926 41790 20 42 180 76 83034 3899 32 		 
201212192208 경기도 수원시장안구 112993 86589 240 42681 43338 22 45 186 77 86349 3322 33 		 
201212192209 경기도 수원시장안구 117709 90544 248 44507 45454 22 45 190 78 90296 3955 34 		 
201212192210 경기도 수원시장안구 122049 93810 256 46118 47087 22 47 198 82 93554 3266 35 		 
201212192211 경기도 수원시장안구 126390 97433 263 47728 49072 22 51 211 86 97170 3623 36 		 
201212192212 경기도 수원시장안구 130268 100238 268 49313 50280 23 52 215 87 99970 2805 37 		 
201212192215 경기도 수원시장안구 134194 103490 276 51026 51801 24 52 221 90 103214 3252 38 		 
201212192216 경기도 수원시장안구 137814 106551 283 52486 53384 25 54 226 93 106268 3061 39 		 
201212192218 경기도 수원시장안구 142235 110371 292 54274 55389 26 57 236 97 110079 3820 40 		 
201212192219 경기도 수원시장안구 146057 113641 302 55498 57413 26 57 247 98 113339 3270 41 		 
201212192220 경기도 수원시장안구 150292 116760 304 57118 58899 28 58 252 101 116456 3119 42 		 
201212192223 경기도 수원시장안구 155160 120617 313 58773 61083 30 59 256 103 120304 3857 43 		 
201212192224 경기도 수원시장안구 159685 124144 320 60405 62960 31 59 260 109 123824 3527 44 		 
201212192227 경기도 수원시장안구 162614 126328 321 61597 63945 32 61 263 109 126007 2184 45 		 
201212192228 경기도 수원시장안구 166393 129139 326 63000 65339 33 62 269 110 128813 2811 46 		 
201212192229 경기도 수원시장안구 169767 131602 334 64235 66549 33 63 275 113 131268 2463 47 		 
201212192230 경기도 수원시장안구 174702 135548 345 66165 68539 33 68 279 119 135203 3946 48 		 
201212192231 경기도 수원시장안구 177397 137825 347 67079 69891 33 69 285 121 137478 2277 49 		 
201212192232 경기도 수원시장안구 180210 139862 348 68207 70791 33 69 291 123 139514 2037 50 		 
201212192233 경기도 수원시장안구 184205 142950 358 70074 71990 33 69 298 128 142592 3088 51 		 
201212192234 경기도 수원시장안구 187668 145618 362 71188 73524 36 72 306 130 145256 2668 52 		 
201212192235 경기도 수원시장안구 190342 147769 365 72006 74846 36 73 310 133 147404 2151 53 		 
201212192236 경기도 수원시장안구 193993 150431 373 73397 76100 36 75 317 133 150058 2662 54 		 
201212192237 경기도 수원시장안구 197692 153484 377 74811 77728 36 76 322 134 153107 3053 55 		 
201212192238 경기도 수원시장안구 200165 155263 381 75735 78575 36 77 325 134 154882 1779 56 		 
201212192239 경기도 수원시장안구 202755 157301 388 76638 79692 36 79 333 135 156913 2038 57 		 
201212192242 경기도 수원시장안구 203240 157700 390 76922 79800 37 80 336 135 157310 399 58 		 
201212192243 경기도 수원시장안구 205329 159010 396 77741 80278 39 81 338 137 158614 1310 59 		 
201212192248 경기도 수원시장안구 210697 164094 478 80172 82797 45 90 351 161 163616 5084 60 		 
201212192250 경기도 수원시장안구 214553 166875 483 81581 84155 45 91 358 162 166392 2781 61 		 
201212192252 경기도 수원시장안구 218647 170096 488 82908 86030 45 94 365 166 169608 3221 62 		 
201212192253 경기도 수원시장안구 222120 172579 495 84190 87217 45 94 370 168 172084 2483 63 		 
201212192255 경기도 수원시장안구 225754 175095 503 85548 88360 45 96 375 168 174592 2516 64 		 
