Time AreaA AreaB Total TotalA Invalid VoteA VoteB VoteC VoteD VoteE VoteF TotalB Diff Count
201212191911 경기도 연천군 743 534 3 340 186 1 0 2 2 531 534 1 		 
201212191919 경기도 연천군 1934 1363 7 878 471 2 0 2 3 1356 829 2 		 
201212191934 경기도 연천군 2640 1872 11 1219 634 2 0 3 3 1861 509 3 		 
201212191937 경기도 연천군 3173 2279 13 1500 757 2 0 3 4 2266 407 4 		 
201212191955 경기도 연천군 3660 2632 17 1749 855 3 0 3 5 2615 353 5 		 
201212192012 경기도 연천군 4191 3041 20 2010 998 3 0 3 7 3021 409 6 		 
201212192014 경기도 연천군 4411 3213 20 2102 1077 3 0 4 7 3193 172 7 		 
201212192017 경기도 연천군 4891 3555 21 2287 1233 3 0 4 7 3534 342 8 		 
201212192020 경기도 연천군 5054 3672 21 2366 1268 3 0 7 7 3651 117 9 		 
201212192021 경기도 연천군 5530 4049 23 2603 1402 3 0 8 10 4026 377 10 		 
201212192023 경기도 연천군 6435 4700 32 3049 1591 6 0 9 13 4668 651 11 		 
201212192025 경기도 연천군 6652 4871 32 3154 1655 6 0 9 15 4839 171 12 		 
201212192026 경기도 연천군 6863 5029 32 3261 1703 6 0 11 16 4997 158 13 		 
201212192037 경기도 연천군 6972 5096 32 3291 1739 7 0 11 16 5064 67 14 		 
201212192044 경기도 연천군 7334 5355 33 3464 1822 7 0 12 17 5322 259 15 		 
201212192045 경기도 연천군 8166 5975 37 3919 1980 7 0 13 19 5938 620 16 		 
201212192046 경기도 연천군 8451 6199 38 4064 2058 7 0 13 19 6161 224 17 		 
201212192047 경기도 연천군 8781 6454 40 4235 2138 8 0 13 20 6414 255 18 		 
201212192048 경기도 연천군 8987 6617 41 4333 2201 8 0 13 21 6576 163 19 		 
201212192052 경기도 연천군 10351 7644 48 4995 2547 8 2 17 27 7596 1027 20 		 
201212192055 경기도 연천군 10595 7816 49 5108 2603 8 2 18 28 7767 172 21 		 
201212192056 경기도 연천군 11290 8331 51 5479 2743 8 2 19 29 8280 515 22 		 
201212192102 경기도 연천군 12775 9700 82 6251 3292 10 5 25 35 9618 1369 23 		 
201212192103 경기도 연천군 13354 10173 83 6596 3417 10 5 25 37 10090 473 24 		 
201212192111 경기도 연천군 14159 10781 84 7024 3590 10 5 28 40 10697 608 25 		 
201212192116 경기도 연천군 16766 12687 95 8224 4275 10 7 34 42 12592 1906 26 		 
201212192139 경기도 연천군 18858 14131 111 9239 4675 14 9 38 45 14020 1444 27 		 
201212192142 경기도 연천군 20569 15368 121 9962 5172 15 10 39 49 15247 1237 28 		 
201212192145 경기도 연천군 24491 18181 126 11660 6272 15 15 42 51 18055 2813 29 		 
201212192146 경기도 연천군 25535 18943 130 12199 6484 15 17 44 54 18813 762 30 		 
201212192148 경기도 연천군 27122 20106 134 13020 6818 16 18 44 56 19972 1163 31 		 
201212192150 경기도 연천군 28494 21174 140 13719 7177 17 18 46 57 21034 1068 32 		 
201212192202 경기도 연천군 30881 22867 147 14735 7833 19 18 55 60 22720 1693 33 		 
201212192213 경기도 연천군 33550 24606 157 15909 8379 20 19 59 63 24449 1739 34 		 
201212192217 경기도 연천군 34500 25304 161 16363 8614 21 19 62 64 25143 698 35 		 
201212192221 경기도 연천군 36009 26399 169 17115 8940 21 20 66 68 26230 1095 36 		 
201212192225 경기도 연천군 37796 27716 179 17989 9359 23 20 73 73 27537 1317 37 		 
