Time AreaA AreaB Total TotalA Invalid VoteA VoteB VoteC VoteD VoteE VoteF TotalB Diff Count
201212191917 경기도 화성시 1617 1133 10 755 361 1 1 3 2 1123 1133 1 		 
201212191922 경기도 화성시 3731 2859 13 1395 1436 2 4 5 4 2846 1726 2 		 
201212191926 경기도 화성시 7237 5253 18 2996 2212 2 5 13 7 5235 2394 3 		 
201212191930 경기도 화성시 9445 7050 21 3747 3248 2 9 15 8 7029 1797 4 		 
201212191932 경기도 화성시 11629 8762 25 4576 4119 3 10 18 11 8737 1712 5 		 
201212191933 경기도 화성시 13501 10101 27 5438 4587 3 11 20 15 10074 1339 6 		 
201212191935 경기도 화성시 14774 11011 30 6006 4917 3 12 22 21 10981 910 7 		 
201212191936 경기도 화성시 15589 11598 30 6409 5100 4 12 22 21 11568 587 8 		 
201212191938 경기도 화성시 19477 14246 40 7601 6530 6 15 29 25 14206 2648 9 		 
201212191943 경기도 화성시 22731 16292 48 8722 7442 6 16 31 27 16244 2046 10 		 
201212191945 경기도 화성시 25922 18780 51 9905 8737 8 18 33 28 18729 2488 11 		 
201212191946 경기도 화성시 27820 20184 53 10743 9294 8 18 38 30 20131 1404 12 		 
201212191948 경기도 화성시 32252 23500 57 12084 11251 8 20 49 31 23443 3316 13 		 
201212191955 경기도 화성시 36792 26562 69 13907 12462 11 21 54 38 26493 3062 14 		 
201212191956 경기도 화성시 38695 27866 73 14767 12894 13 21 56 42 27793 1304 15 		 
201212191957 경기도 화성시 42530 30699 77 16132 14350 13 23 61 43 30622 2833 16 		 
201212191958 경기도 화성시 45497 32811 85 17456 15123 13 25 63 46 32726 2112 17 		 
201212192000 경기도 화성시 50829 36893 95 19171 17468 13 30 69 47 36798 4082 18 		 
201212192001 경기도 화성시 52388 38078 98 20003 17813 13 30 71 50 37980 1185 19 		 
201212192004 경기도 화성시 55225 40089 104 21217 18593 14 30 76 55 39985 2011 20 		 
201212192006 경기도 화성시 57273 41497 114 22241 18963 14 32 76 57 41383 1408 21 		 
201212192013 경기도 화성시 60777 43899 119 23421 20172 15 34 78 60 43780 2402 22 		 
201212192014 경기도 화성시 64120 46252 122 24730 21203 15 37 82 63 46130 2353 23 		 
201212192021 경기도 화성시 67373 48472 131 26060 22074 17 38 85 67 48341 2220 24 		 
201212192022 경기도 화성시 69828 50122 138 27091 22681 17 38 85 72 49984 1650 25 		 
201212192026 경기도 화성시 72154 51788 145 28285 23139 17 38 88 76 51643 1666 26 		 
201212192037 경기도 화성시 79513 56776 158 31331 25051 18 40 95 83 56618 4988 27 		 
201212192039 경기도 화성시 82817 59213 168 32362 26444 18 40 97 84 59045 2437 28 		 
201212192040 경기도 화성시 86266 62135 175 33481 28236 18 42 99 84 61960 2922 29 		 
201212192043 경기도 화성시 89881 64748 180 35123 29191 20 44 103 87 64568 2613 30 		 
201212192044 경기도 화성시 90865 65461 183 35584 29433 20 46 107 88 65278 713 31 		 
201212192045 경기도 화성시 95202 68357 187 36748 31156 21 47 110 88 68170 2896 32 		 
201212192046 경기도 화성시 100136 72076 195 38435 33164 22 50 117 93 71881 3719 33 		 
201212192047 경기도 화성시 105070 75590 199 40185 34911 23 51 128 93 75391 3514 34 		 
201212192048 경기도 화성시 109333 78375 204 41454 36411 23 53 130 100 78171 2785 35 		 
201212192049 경기도 화성시 111146 79733 207 42068 37150 24 53 131 100 79526 1358 36 		 
201212192050 경기도 화성시 113090 81156 210 42651 37979 24 55 137 100 80946 1423 37 		 
201212192100 경기도 화성시 115320 82758 214 43482 38740 24 55 140 103 82544 1602 38 		 
201212192103 경기도 화성시 117678 84483 221 44560 39373 24 55 143 107 84262 1725 39 		 
201212192106 경기도 화성시 119576 85886 226 45484 39842 24 56 145 109 85660 1403 40 		 
201212192107 경기도 화성시 122724 88135 230 46620 40943 24 57 148 113 87905 2249 41 		 
201212192108 경기도 화성시 126961 91520 235 48287 42646 25 60 151 116 91285 3385 42 		 
201212192109 경기도 화성시 131533 95243 236 49490 45148 26 63 162 118 95007 3723 43 		 
201212192110 경기도 화성시 133312 96522 241 50270 45633 27 66 165 120 96281 1279 44 		 
201212192111 경기도 화성시 136477 99079 243 51423 47028 27 67 170 121 98836 2557 45 		 
201212192127 경기도 화성시 139813 101443 249 52999 47800 29 67 174 125 101194 2364 46 		 
201212192128 경기도 화성시 143603 104431 257 54351 49420 29 68 180 126 104174 2988 47 		 
201212192129 경기도 화성시 147559 107214 264 55908 50629 29 68 186 130 106950 2783 48 		 
201212192130 경기도 화성시 151410 110429 269 57570 52168 30 68 190 134 110160 3215 49 		 
201212192131 경기도 화성시 154935 112903 274 58926 53270 32 69 193 139 112629 2474 50 		 
201212192132 경기도 화성시 157830 115173 278 60025 54431 32 69 197 141 114895 2270 51 		 
201212192133 경기도 화성시 162415 118376 283 61596 56045 33 71 204 144 118093 3203 52 		 
201212192138 경기도 화성시 165595 120548 291 62781 57011 34 73 210 148 120257 2172 53 		 
201212192140 경기도 화성시 168910 123318 297 63982 58565 34 76 214 150 123021 2770 54 		 
201212192142 경기도 화성시 173951 127366 301 65918 60659 34 78 223 153 127065 4048 55 		 
201212192143 경기도 화성시 176266 128926 309 66970 61153 35 78 224 157 128617 1560 56 		 
201212192219 경기도 화성시 178767 130699 316 68304 61572 36 80 227 164 130383 1773 57 		 
201212192221 경기도 화성시 182395 133422 323 69499 63082 37 82 232 167 133099 2723 58 		 
201212192223 경기도 화성시 185681 135926 332 70862 64207 37 82 237 169 135594 2504 59 		 
201212192224 경기도 화성시 187524 137275 337 71801 64605 38 83 239 172 136938 1349 60 		 
201212192227 경기도 화성시 189229 138505 346 72741 64880 38 83 241 176 138159 1230 61 		 
201212192230 경기도 화성시 190772 139569 352 73476 65192 39 85 242 183 139217 1064 62 		 
201212192232 경기도 화성시 193291 141309 358 74568 65823 39 88 247 186 140951 1740 63 		 
201212192233 경기도 화성시 197008 144410 364 75961 67522 40 89 248 186 144046 3101 64 		 
201212192234 경기도 화성시 197605 144861 364 76289 67645 40 89 248 186 144497 451 65 		 
201212192236 경기도 화성시 201715 147683 370 77550 69186 40 96 255 186 147313 2822 66 		 
201212192244 경기도 화성시 204911 150308 373 78631 70722 40 97 259 186 149935 2625 67 		 
201212192246 경기도 화성시 210460 154193 374 80187 73045 40 99 262 186 153819 3885 68 		 
201212192249 경기도 화성시 215025 158101 377 81901 75225 41 101 270 186 157724 3908 69 		 
201212192251 경기도 화성시 218445 160727 379 83178 76566 41 101 272 190 160348 2626 70 		 
201212192255 경기도 화성시 222877 164326 388 84425 78904 42 101 272 194 163938 3599 71 		 
201212192301 경기도 화성시 232175 171337 405 87823 82481 42 103 283 200 170932 7011 72 		 
201212192303 경기도 화성시 236103 174452 411 89193 84208 42 105 291 202 174041 3115 73 		 
201212192308 경기도 화성시 239981 177372 421 90409 85894 42 108 292 206 176951 2920 74 		 
201212192310 경기도 화성시 245082 180791 430 92778 86920 43 110 296 214 180361 3419 75 		 
201212192315 경기도 화성시 246703 181924 438 93201 87620 43 111 297 214 181486 1133 76 		 
201212192317 경기도 화성시 251461 185906 444 94901 89888 44 112 302 215 185462 3982 77 		 
201212192320 경기도 화성시 255473 189163 450 96160 91870 45 114 308 216 188713 3257 78 		 
201212192321 경기도 화성시 258783 191645 456 97324 93171 47 114 316 217 191189 2482 79 		 
201212192322 경기도 화성시 263102 195274 460 98525 95577 47 116 330 219 194814 3629 80 		 
201212192323 경기도 화성시 268235 198933 467 100585 97159 48 117 334 223 198466 3659 81 		 
201212192324 경기도 화성시 273224 202791 471 101827 99764 48 119 338 224 202320 3858 82 		 
201212192325 경기도 화성시 277175 205965 476 103077 101671 49 123 344 225 205489 3174 83 		 
201212192329 경기도 화성시 280193 208410 479 104078 103108 49 124 347 225 207931 2445 84 		 
201212192335 경기도 화성시 282895 210404 483 105006 104162 49 125 353 226 209921 1994 85 		 
201212192336 경기도 화성시 285952 212857 485 105937 105675 49 126 357 228 212372 2453 86 		 
201212192339 경기도 화성시 293607 219973 625 109394 109130 57 136 374 257 219348 7116 87 		 
201212192342 경기도 화성시 296423 221984 627 110721 109804 57 136 378 261 221357 2011 88 		 
201212192343 경기도 화성시 301339 225945 633 112209 112266 57 136 383 261 225312 3961 89 		 
201212192344 경기도 화성시 306297 229909 638 114093 114330 57 137 391 263 229271 3964 90 		 
201212192347 경기도 화성시 311119 233269 640 115619 116157 57 138 395 263 232629 3360 91 		 
201212192348 경기도 화성시 315241 236062 650 117339 117211 57 138 397 270 235412 2793 92 		 
201212192349 경기도 화성시 316512 236976 651 117990 117466 58 138 399 274 236325 914 93 		 
201212192352 경기도 화성시 319324 238956 659 119093 118331 58 138 400 277 238297 1980 94 		 
201212192354 경기도 화성시 325953 243354 664 120582 121224 61 139 403 281 242690 4398 95 		 
201212192355 경기도 화성시 329308 245499 668 121793 122144 63 142 405 284 244831 2145 96 		 
201212192356 경기도 화성시 330808 246539 675 122519 122442 63 143 406 291 245864 1040 97 		 
201212192357 경기도 화성시 333589 248828 680 123593 123639 64 145 415 292 248148 2289 98 		 
201212200000 경기도 화성시 336875 251567 685 124768 125192 64 146 419 293 250882 2739 99 		 
201212200004 경기도 화성시 341817 255268 691 126143 127499 65 146 425 299 254577 3701 100 		 
201212200007 경기도 화성시 346478 259013 701 127670 129701 65 146 430 300 258312 3745 101 		 
201212200008 경기도 화성시 349261 261378 706 128697 131026 66 148 435 300 260672 2365 102 		 
201212200010 경기도 화성시 356971 267386 716 131530 134175 67 150 445 303 266670 6008 103 		 
201212200011 경기도 화성시 362185 271333 724 133255 136380 69 153 446 306 270609 3947 104 		 
201212200012 경기도 화성시 365971 274437 725 134432 138296 69 156 453 306 273712 3104 105 		 
201212200013 경기도 화성시 370390 277834 731 135832 140279 69 158 459 306 277103 3397 106 		 
201212200016 경기도 화성시 375197 281347 735 137185 142426 69 159 464 309 280612 3513 107 		 
201212200017 경기도 화성시 382462 286538 781 139816 144904 74 166 469 328 285757 5191 108 		 
201212200019 경기도 화성시 385169 288704 785 140538 146338 75 167 472 329 287919 2166 109 		 
