Time AreaA AreaB Total TotalA Invalid VoteA VoteB VoteC VoteD VoteE VoteF TotalB Diff Count
201212191919 경기도 하남시 3223 2270 9 1340 913 0 1 5 2 2261 2270 1 김포1동제3투표구 		 
201212191922 경기도 하남시 7878 5936 18 3121 2779 0 2 14 2 5918 3666 2 김포1동제8투표구 		 
201212191927 경기도 하남시 9318 6768 23 3592 3133 0 2 15 3 6745 832 3 풍무동제2투표구 		 
201212191928 경기도 하남시 10910 7892 30 4255 3584 0 2 18 3 7862 1124 4 김포1동제2투표구 		 
201212191931 경기도 하남시 14084 10216 41 5443 4698 1 2 23 8 10175 2324 5 김포1동제4투표구 		 
201212191932 경기도 하남시 16599 11951 46 6407 5460 3 2 25 8 11905 1735 6 김포1동제1투표구 		 
201212191934 경기도 하남시 22171 16107 56 8535 7471 3 4 30 8 16051 4156 7   		 
201212191936 경기도 하남시 24805 17951 61 9508 8331 3 4 34 10 17890 1844 8   		 
201212191937 경기도 하남시 29682 21859 73 11571 10145 5 4 43 18 21786 3908 9   		 
201212191939 경기도 하남시 34357 25048 88 13366 11520 5 4 46 19 24960 3189 10   		 
201212191941 경기도 하남시 39977 29187 102 15474 13520 6 5 56 24 29085 4139 11   		 
201212191943 경기도 하남시 44035 32459 109 17213 15037 7 6 61 26 32350 3272 12   		 
201212191948 경기도 하남시 47121 35017 115 18738 16058 7 6 65 28 34902 2558 13   		 
201212191950 경기도 하남시 51871 38762 124 20830 17682 7 8 78 33 38638 3745 14   		 
201212191951 경기도 하남시 52499 39185 127 20981 17950 7 9 78 33 39058 423 15   		 
201212191952 경기도 하남시 55306 41118 133 22246 18607 8 10 80 34 40985 1933 16   		 
201212191954 경기도 하남시 58251 43513 139 23472 19765 8 10 83 36 43374 2395 17   		 
201212191956 경기도 하남시 61740 46121 146 24780 21047 10 10 88 40 45975 2608 18   		 
201212191958 경기도 하남시 65729 49001 153 26234 22453 10 10 99 42 48848 2880 19   		 
201212192000 경기도 하남시 69452 51843 167 27722 23783 12 12 100 47 51676 2842 20   		 
201212192004 경기도 하남시 73798 55246 180 29636 25248 14 12 107 49 55066 3403 21   		 
201212192006 경기도 하남시 79979 59558 194 32118 27050 16 13 113 54 59364 4312 22   		 
201212192007 경기도 하남시 83454 61983 201 33442 28139 16 13 116 56 61782 2425 23   		 
201212192012 경기도 하남시 86882 64544 212 34826 29300 17 13 118 58 64332 2561 24   		 
201212192019 경기도 하남시 93151 69915 259 37528 31895 20 16 125 72 69656 5371 25   		 
201212192021 경기도 하남시 95718 71728 272 38652 32560 21 17 130 76 71456 1813 26   		 
201212192023 경기도 하남시 103921 77880 288 41806 35531 21 18 138 78 77592 6152 27   		 
201212192024 경기도 하남시 107391 80439 303 43519 36349 22 19 141 86 80136 2559 28   		 
201212192025 경기도 하남시 110937 82744 308 44808 37352 23 20 144 89 82436 2305 29   		 
201212192026 경기도 하남시 115441 86355 317 46505 39247 23 21 152 90 86038 3611 30   		 
201212192037 경기도 하남시 118494 88508 322 47676 40221 23 22 154 90 88186 2153 31   		 
