Time AreaA AreaB Total TotalA Invalid VoteA VoteB VoteC VoteD VoteE VoteF TotalB Diff Count
201212191932 경기도 성남시수정구 2956 2098 5 943 1144 0 1 4 1 2093 2098 1 		 
201212191939 경기도 성남시수정구 6303 4181 12 1851 2300 0 3 11 4 4169 2083 2 		 
201212191952 경기도 성남시수정구 9814 6743 21 2958 3729 1 4 23 7 6722 2562 3 		 
201212191955 경기도 성남시수정구 12779 8846 27 3935 4841 1 5 29 8 8819 2103 4 		 
201212191956 경기도 성남시수정구 16234 11082 30 4893 6113 1 5 29 11 11052 2236 5 		 
201212192003 경기도 성남시수정구 21311 15280 43 6733 8442 1 7 40 14 15237 4198 6 		 
201212192017 경기도 성남시수정구 25571 18042 52 7985 9934 1 9 44 17 17990 2762 7 		 
201212192020 경기도 성남시수정구 28846 20283 61 9094 11046 2 10 49 21 20222 2241 8 		 
201212192024 경기도 성남시수정구 31738 22373 68 10061 12157 3 11 49 24 22305 2090 9 		 
201212192029 경기도 성남시수정구 34351 24228 73 10867 13197 4 11 51 25 24155 1855 10 		 
201212192030 경기도 성남시수정구 36591 25860 79 11617 14071 4 11 53 25 25781 1632 11 		 
201212192032 경기도 성남시수정구 40079 28538 86 12727 15623 5 12 57 28 28452 2678 12 		 
201212192037 경기도 성남시수정구 43442 30942 92 13767 16973 5 14 61 30 30850 2404 13 		 
201212192038 경기도 성남시수정구 46643 33049 99 14761 18071 7 14 65 32 32950 2107 14 		 
201212192041 경기도 성남시수정구 49853 35108 105 15778 19106 7 14 65 33 35003 2059 15 		 
201212192047 경기도 성남시수정구 52432 36921 114 16632 20048 7 15 70 35 36807 1813 16 		 
201212192053 경기도 성남시수정구 55784 39360 124 17662 21435 9 18 75 37 39236 2439 17 		 
201212192055 경기도 성남시수정구 58649 41517 129 18440 22801 10 19 77 41 41388 2157 18 		 
201212192100 경기도 성남시수정구 61876 43682 137 19387 24000 10 21 86 41 43545 2165 19 		 
201212192102 경기도 성남시수정구 65657 46276 150 20536 25430 10 21 88 41 46126 2594 20 		 
201212192105 경기도 성남시수정구 68737 48548 159 21538 26677 11 21 99 43 48389 2272 21 		 
201212192108 경기도 성남시수정구 71735 50533 166 22433 27755 13 21 102 43 50367 1985 22 		 
201212192110 경기도 성남시수정구 74151 52209 170 23160 28694 13 22 104 46 52039 1676 23 		 
201212192111 경기도 성남시수정구 78939 55533 173 24625 30544 13 23 105 50 55360 3324 24 		 
201212192115 경기도 성남시수정구 81689 57674 176 25998 31298 13 25 110 54 57498 2141 25 		 
201212192118 경기도 성남시수정구 85415 60138 184 27188 32558 13 28 113 54 59954 2464 26 		 
201212192123 경기도 성남시수정구 87509 61670 189 27866 33398 13 28 116 60 61481 1532 27 		 
201212192125 경기도 성남시수정구 88312 62241 190 28091 33742 13 29 116 60 62051 571 28 		 
201212192147 경기도 성남시수정구 91764 64756 190 28912 35433 13 30 118 60 64566 2515 29 		 
201212192151 경기도 성남시수정구 94392 66546 195 29742 36384 15 30 119 61 66351 1790 30 		 
201212192155 경기도 성남시수정구 98990 69735 201 31133 38159 17 33 128 64 69534 3189 31 		 
201212192158 경기도 성남시수정구 99796 70301 202 31472 38384 17 33 129 64 70099 566 32 		 
201212192159 경기도 성남시수정구 103502 73003 209 32622 39918 19 35 135 65 72794 2702 33 		 
201212192202 경기도 성남시수정구 106857 75296 216 33694 41123 21 35 138 69 75080 2293 34 		 
201212192203 경기도 성남시수정구 109306 77086 225 34820 41772 22 35 140 72 76861 1790 35 		 
201212192209 경기도 성남시수정구 113174 79896 236 36084 43301 22 37 141 75 79660 2810 36 		 
201212192214 경기도 성남시수정구 116693 82174 242 37035 44617 23 37 145 75 81932 2278 37 		 
201212192216 경기도 성남시수정구 120408 84779 251 38192 46052 23 39 146 76 84528 2605 38 		 
201212192219 경기도 성남시수정구 124057 87453 257 39407 47500 23 39 148 79 87196 2674 39 		 
201212192220 경기도 성남시수정구 127244 89748 265 40512 48675 23 41 152 80 89483 2295 40 		 
201212192221 경기도 성남시수정구 131142 92105 269 41594 49939 24 42 155 82 91836 2357 41 		 
201212192225 경기도 성남시수정구 136300 96203 276 43520 52092 24 43 164 84 95927 4098 42 		 
201212192230 경기도 성남시수정구 140143 99813 341 45149 53975 30 49 175 94 99472 3610 43 		 
201212192232 경기도 성남시수정구 142682 101668 348 45991 54974 30 49 179 97 101320 1855 44 		 
201212192238 경기도 성남시수정구 149258 106316 360 48064 57527 30 50 184 101 105956 4648 45 		 
201212192239 경기도 성남시수정구 152496 108417 364 48999 58686 30 50 186 102 108053 2101 46 		 
201212192242 경기도 성남시수정구 154983 110268 371 50159 59362 32 51 191 102 109897 1851 47 		 
201212192244 경기도 성남시수정구 157911 112154 374 51051 60346 34 51 193 105 111780 1886 48 		 
201212192247 경기도 성남시수정구 162219 115642 386 52617 62243 35 53 200 108 115256 3488 49 		 
201212192249 경기도 성남시수정구 164459 117377 389 53396 63191 35 56 201 109 116988 1735 50 		 
201212192251 경기도 성남시수정구 168277 119981 391 54559 64623 35 57 204 112 119590 2604 51 		 
201212192253 경기도 성남시수정구 175052 124520 401 56660 67032 39 61 211 116 124119 4539 52 		 
201212192255 경기도 성남시수정구 178601 126932 407 57842 68243 41 62 216 121 126525 2412 53 		 
201212192256 경기도 성남시수정구 185725 131951 425 60080 70988 42 66 225 125 131526 5019 54 		 
201212192257 경기도 성남시수정구 189719 135225 434 61635 72688 43 68 230 127 134791 3274 55 		 
201212192259 경기도 성남시수정구 193613 138079 438 62526 74640 44 68 235 128 137641 2854 56 		 
