Time AreaA AreaB Total TotalA Invalid VoteA VoteB VoteC VoteD VoteE VoteF TotalB Diff Count
201212191919 경기도 용인시처인구 2660 1894 3 1125 762 0 0 2 2 1891 1894 1 		 
201212191926 경기도 용인시처인구 4489 3422 6 1926 1484 1 0 3 2 3416 1528 2 		 
201212191930 경기도 용인시처인구 6277 4646 10 2700 1927 2 1 3 3 4636 1224 3 		 
201212191932 경기도 용인시처인구 7163 5310 17 3182 2098 2 1 5 5 5293 664 4 		 
201212191938 경기도 용인시처인구 10942 8159 23 4650 3458 3 5 13 7 8136 2849 5 		 
201212191942 경기도 용인시처인구 13391 9978 29 5730 4187 4 6 15 7 9949 1819 6 		 
201212191945 경기도 용인시처인구 16457 12028 37 6850 5100 4 7 23 7 11991 2050 7 		 
201212191948 경기도 용인시처인구 18207 13299 42 7762 5446 5 7 28 9 13257 1271 8 		 
201212191950 경기도 용인시처인구 20234 14705 50 8670 5928 6 9 29 13 14655 1406 9 		 
201212191954 경기도 용인시처인구 22536 16310 57 9608 6581 7 9 34 14 16253 1605 10 		 
201212192000 경기도 용인시처인구 27334 19717 67 11537 8027 9 10 48 19 19650 3407 11 		 
201212192003 경기도 용인시처인구 30051 21509 72 12664 8677 11 10 50 25 21437 1792 12 		 
201212192005 경기도 용인시처인구 34675 24966 78 14246 10533 11 12 57 29 24888 3457 13 		 
201212192008 경기도 용인시처인구 35832 25814 79 14870 10754 11 12 57 31 25735 848 14 		 
201212192009 경기도 용인시처인구 38768 28082 83 16101 11779 11 13 62 33 27999 2268 15 		 
201212192013 경기도 용인시처인구 40641 29432 89 16991 12231 11 13 64 33 29343 1350 16 		 
201212192019 경기도 용인시처인구 43110 31163 92 17970 12979 11 13 64 34 31071 1731 17 		 
201212192021 경기도 용인시처인구 47030 33893 103 19580 14074 12 15 71 38 33790 2730 18 		 
201212192022 경기도 용인시처인구 51472 37081 110 21466 15353 12 15 82 43 36971 3188 19 		 
201212192024 경기도 용인시처인구 54232 38953 115 22508 16175 13 15 83 44 38838 1872 20 		 
201212192027 경기도 용인시처인구 57656 41488 121 23907 17299 14 16 86 45 41367 2535 21 		 
201212192036 경기도 용인시처인구 61229 44304 125 25561 18453 14 16 88 47 44179 2816 22 		 
201212192037 경기도 용인시처인구 63761 45923 129 26533 19090 15 17 90 49 45794 1619 23 		 
201212192039 경기도 용인시처인구 65500 47250 131 27452 19491 15 17 93 51 47119 1327 24 		 
201212192051 경기도 용인시처인구 69137 50644 191 29166 21085 18 21 100 63 50453 3394 25 		 
201212192053 경기도 용인시처인구 70771 51699 201 29869 21424 18 21 101 65 51498 1055 26 		 
201212192054 경기도 용인시처인구 72337 52869 208 30605 21847 19 21 103 66 52661 1170 27 		 
201212192056 경기도 용인시처인구 75908 55141 214 31887 22823 19 26 105 67 54927 2272 28 		 
201212192100 경기도 용인시처인구 79136 57445 215 33222 23784 19 28 107 70 57230 2304 29 		 
201212192102 경기도 용인시처인구 79831 57935 219 33393 24097 19 28 108 71 57716 490 30 		 
201212192109 경기도 용인시처인구 81969 59483 226 34317 24709 19 29 112 71 59257 1548 31 		 
201212192112 경기도 용인시처인구 83466 60646 236 35121 25052 19 30 114 74 60410 1163 32 		 
201212192116 경기도 용인시처인구 87252 63287 243 36628 26169 20 30 120 77 63044 2641 33 		 
201212192119 경기도 용인시처인구 88987 64549 257 37469 26570 21 32 122 78 64292 1262 34 		 
201212192121 경기도 용인시처인구 92062 66739 264 38831 27382 21 33 127 81 66475 2190 35 		 
201212192122 경기도 용인시처인구 96242 69645 274 40413 28684 21 35 134 84 69371 2906 36 		 
201212192124 경기도 용인시처인구 97306 70387 278 40922 28910 21 36 135 85 70109 742 37 		 
201212192126 경기도 용인시처인구 102413 73752 284 42742 30441 21 38 136 90 73468 3365 38 		 
201212192143 경기도 용인시처인구 103429 74512 285 43266 30674 21 38 137 91 74227 760 39 		 
201212192145 경기도 용인시처인구 107605 77577 295 44995 31988 21 39 141 98 77282 3065 40 		 
201212192146 경기도 용인시처인구 109300 78777 314 45784 32358 26 42 146 107 78463 1200 41 		 
201212192148 경기도 용인시처인구 110917 79930 322 46554 32723 26 44 150 111 79608 1153 42 		 
201212192150 경기도 용인시처인구 113594 81746 327 47585 33497 27 45 152 113 81419 1816 43 		 
201212192151 경기도 용인시처인구 118132 84923 337 49424 34821 27 45 154 115 84586 3177 44 		 
201212192153 경기도 용인시처인구 127131 91534 357 52804 38016 28 49 161 119 91177 6611 45 		 
201212192155 경기도 용인시처인구 128237 92348 360 53336 38290 29 51 163 119 91988 814 46 		 
201212192156 경기도 용인시처인구 131110 94437 361 54593 39113 29 52 168 121 94076 2089 47 		 
201212192157 경기도 용인시처인구 133943 96409 364 55645 40023 31 52 171 123 96045 1972 48 		 
201212192158 경기도 용인시처인구 139296 100497 379 57683 42043 34 52 178 128 100118 4088 49 		 
201212192200 경기도 용인시처인구 146293 105563 390 60410 44356 35 53 186 133 105173 5066 50 		 
201212192202 경기도 용인시처인구 149782 108237 408 62140 45269 36 56 190 138 107829 2674 51 		 
201212192204 경기도 용인시처인구 151663 109487 411 63027 45624 36 56 191 142 109076 1250 52 		 
201212192205 경기도 용인시처인구 157230 113167 441 64955 47309 42 61 202 157 112726 3680 53 		 
201212192207 경기도 용인시처인구 164566 118365 460 67598 49828 44 63 215 157 117905 5198 54 		 
