Time AreaA AreaB Total TotalA Invalid VoteA VoteB VoteC VoteD VoteE VoteF TotalB Diff Count
201212191918 경기도 용인시수지구 2834 2009 3 951 1045 2 1 5 2 2006 2009 1   2834 		 
201212191923 경기도 용인시수지구 6003 4483 9 2370 2091 2 1 8 2 4474 2474 2   3169 		 
201212191925 경기도 용인시수지구 8610 6612 14 3283 3297 2 2 11 3 6598 2129 3   2607 		 
201212191928 경기도 용인시수지구 12506 9668 17 5100 4529 2 3 13 4 9651 3056 4   3896 		 
201212191930 경기도 용인시수지구 15740 12455 20 6410 5993 2 5 19 6 12435 2787 5   3234 		 
201212191932 경기도 용인시수지구 19797 15762 22 7916 7779 3 7 28 7 15740 3307 6   4057 		 
201212191935 경기도 용인시수지구 23319 18580 26 9364 9137 4 8 33 8 18554 2818 7   3522 		 
201212191946 경기도 용인시수지구 27882 22199 34 11534 10569 4 10 36 12 22165 3619 8   4563 		 
201212191949 경기도 용인시수지구 31693 25280 37 13335 11834 5 10 45 14 25243 3081 9   3811 		 
201212191952 경기도 용인시수지구 35551 28434 41 14974 13336 5 11 52 15 28393 3154 10   3858 		 
201212191955 경기도 용인시수지구 39677 31773 44 17000 14638 5 11 59 16 31729 3339 11   4126 		 
201212191957 경기도 용인시수지구 43833 35011 54 18514 16340 5 13 67 18 34957 3238 12   4156 		 
201212192000 경기도 용인시수지구 47973 38149 62 19854 18119 6 14 72 22 38087 3138 13   4140 		 
201212192002 경기도 용인시수지구 52069 41461 64 21743 19536 6 14 74 24 41397 3312 14   4096 		 
201212192007 경기도 용인시수지구 56076 44688 72 23215 21277 6 16 77 25 44616 3227 15   4007 		 
201212192009 경기도 용인시수지구 59864 47740 73 24776 22758 7 18 82 26 47667 3052 16   3788 		 
201212192013 경기도 용인시수지구 64302 51210 85 26331 24654 8 19 86 27 51125 3470 17   4438 		 
201212192015 경기도 용인시수지구 67105 53450 85 27896 25319 8 20 92 30 53365 2240 18   2803 		 
201212192017 경기도 용인시수지구 70388 56142 90 29636 26260 8 22 95 31 56052 2692 19   3283 		 
201212192021 경기도 용인시수지구 75083 59941 93 31393 28294 8 23 97 33 59848 3799 20   4695 		 
201212192024 경기도 용인시수지구 78675 62772 99 32926 29573 8 23 107 36 62673 2831 21   3592 		 
201212192026 경기도 용인시수지구 83376 66581 102 35108 31187 8 24 115 37 66479 3809 22   4701 		 
201212192035 경기도 용인시수지구 87723 69901 108 36608 32986 10 26 123 40 69793 3320 23   4347 		 
201212192037 경기도 용인시수지구 91182 72621 110 37730 34578 10 27 126 40 72511 2720 24   3459 		 
201212192039 경기도 용인시수지구 94382 75084 116 38651 36105 10 30 130 42 74968 2463 25   3200 		 
201212192042 경기도 용인시수지구 97375 77588 118 39807 37443 10 31 135 44 77470 2504 26   2993 		 
201212192043 경기도 용인시수지구 100887 80528 122 41305 38873 11 31 140 46 80406 2940 27   3512 		 
201212192044 경기도 용인시수지구 104189 83251 127 42626 40257 11 31 151 48 83124 2723 28   3302 		 
201212192046 경기도 용인시수지구 108672 86944 132 44293 42269 11 31 157 51 86812 3693 29   4483 		 
201212192047 경기도 용인시수지구 111800 89489 138 45721 43368 12 32 165 53 89351 2545 30   3128 		 
201212192049 경기도 용인시수지구 114901 91935 143 47534 43991 13 33 167 54 91792 2446 31   3101 		 
201212192106 경기도 용인시수지구 119343 95528 146 49158 45944 14 34 175 57 95382 3593 32   4442 		 
201212192107 경기도 용인시수지구 121684 97331 156 50110 46771 15 39 182 58 97175 1803 33   2341 		 
201212192110 경기도 용인시수지구 126763 102045 212 52499 49010 21 46 188 69 101833 4714 34   5079 		 
201212192112 경기도 용인시수지구 130950 105442 222 54216 50671 21 46 195 71 105220 3397 35   4187 		 
201212192113 경기도 용인시수지구 133898 107524 236 55093 51853 21 49 199 73 107288 2082 36   2948 		 
201212192115 경기도 용인시수지구 137486 110355 241 56259 53505 22 50 204 74 110114 2831 37   3588 		 
201212192116 경기도 용인시수지구 139843 112280 242 57098 54586 22 50 206 76 112038 1925 38   2357 		 
201212192118 경기도 용인시수지구 144636 116091 245 59591 55894 23 50 211 77 115846 3811 39   4793 		 
201212192119 경기도 용인시수지구 148199 118880 248 61188 57069 24 50 223 78 118632 2789 40   3563 		 
201212192120 경기도 용인시수지구 151814 121838 249 62489 58717 24 50 229 80 121589 2958 41   3615 		 
201212192125 경기도 용인시수지구 153783 123426 251 63395 59390 24 51 234 81 123175 1588 42   1969 		 
201212192129 경기도 용인시수지구 158590 127360 257 65406 61296 25 51 242 83 127103 3934 43   4807 		 
201212192130 경기도 용인시수지구 162731 130658 261 67781 62204 25 52 250 85 130397 3298 44   4141 		 
201212192132 경기도 용인시수지구 166334 133492 267 69367 63435 25 52 258 88 133225 2834 45   3603 		 
201212192138 경기도 용인시수지구 170208 136558 273 71162 64696 25 52 262 88 136285 3066 46   3874 		 
201212192140 경기도 용인시수지구 173935 138881 280 72220 65949 25 52 266 89 138601 2323 47   3727 		 
201212192208 경기도 용인시수지구 177347 141652 281 73749 67182 26 53 270 91 141371 2771 48   3412 		 
201212192210 경기도 용인시수지구 181329 144842 294 75311 68780 27 54 281 95 144548 3190 49   3982 		 
201212192211 경기도 용인시수지구 184959 147730 299 76636 70326 29 54 288 98 147431 2888 50   3630 		 
201212192213 경기도 용인시수지구 188652 150851 301 78142 71927 30 55 298 98 150550 3121 51   3693 		 
201212192215 경기도 용인시수지구 192520 153937 307 79552 73585 30 55 305 103 153630 3086 52   3868 		 
201212192216 경기도 용인시수지구 196760 157402 314 80874 75711 30 58 310 105 157088 3465 53   4240 		 
201212192218 경기도 용인시수지구 202060 161653 321 83462 77353 30 59 321 107 161332 4251 54   5300 		 
201212192219 경기도 용인시수지구 203629 162838 326 84165 77821 30 60 329 107 162512 1185 55   1569 		 
201212192220 경기도 용인시수지구 207256 165530 334 85541 79124 30 61 331 109 165196 2692 56   3627 		 
201212192222 경기도 용인시수지구 210264 167946 339 86593 80475 30 63 336 110 167607 2416 57   3008 		 
201212192227 경기도 용인시수지구 213799 170821 347 88023 81901 32 64 344 110 170474 2875 58   3535 		 
201212192228 경기도 용인시수지구 217296 173656 358 89284 83450 33 66 352 113 173298 2835 59   3497 		 
201212192229 경기도 용인시수지구 219299 175286 359 90256 84104 33 66 354 114 174927 1630 60   2003 		 
201212192231 경기도 용인시수지구 222732 178074 365 91730 85398 34 67 365 115 177709 2788 61   3433 		 
201212192232 경기도 용인시수지구 226695 181101 378 93569 86565 35 68 369 117 180723 3027 62   3963 		 
201212192237 경기도 용인시수지구 231209 184779 382 95330 88463 37 68 379 120 184397 3678 63   4514 		 
201212192239 경기도 용인시수지구 238448 190707 399 98541 91142 39 70 393 123 190308 5928 64   7239 		 
201212192242 경기도 용인시수지구 241418 193151 404 99688 92430 39 70 397 123 192747 2444 65   2970 		 
201212192246 경기도 용인시수지구 244771 195876 414 101487 93337 39 72 402 125 195462 2725 66   3353 		 
