Time AreaA AreaB Total TotalA Invalid VoteA VoteB VoteC VoteD VoteE VoteF TotalB Diff Count
201212191916 경기도 안산시단원구 2954 2060 9 945 1099 0 0 2 5 2051 2060 1 		 
201212191920 경기도 안산시단원구 5661 4025 17 1959 2031 0 1 6 11 4008 1965 2 		 
201212191927 경기도 안산시단원구 9382 6553 23 3266 3237 4 3 6 14 6530 2528 3 		 
201212191929 경기도 안산시단원구 12190 8635 26 4225 4352 6 4 7 15 8609 2082 4 		 
201212191933 경기도 안산시단원구 14555 10375 34 4981 5318 6 7 12 17 10341 1740 5 		 
201212191934 경기도 안산시단원구 17558 12336 39 6035 6214 6 10 13 19 12297 1961 6 		 
201212191935 경기도 안산시단원구 22416 15393 53 7438 7843 8 12 18 21 15340 3057 7 		 
201212191936 경기도 안산시단원구 25863 17513 57 8386 9007 8 12 21 22 17456 2120 8 		 
201212191938 경기도 안산시단원구 29169 20148 60 9507 10508 11 13 24 25 20088 2635 9 		 
201212191941 경기도 안산시단원구 33465 23533 68 11012 12370 13 14 28 28 23465 3385 10 		 
201212191945 경기도 안산시단원구 37809 26611 75 12394 14052 14 14 30 32 26536 3078 11 		 
201212191947 경기도 안산시단원구 40874 28791 81 13391 15217 14 16 39 33 28710 2180 12 		 
201212191948 경기도 안산시단원구 44075 30539 87 14288 16052 16 17 44 35 30452 1748 13 		 
201212191951 경기도 안산시단원구 46892 32923 90 15569 17146 16 17 49 36 32833 2384 14 		 
201212191953 경기도 안산시단원구 49934 34994 97 16562 18209 16 18 55 37 34897 2071 15 		 
201212191955 경기도 안산시단원구 52762 37168 98 17611 19329 16 18 56 40 37070 2174 16 		 
201212192004 경기도 안산시단원구 56531 39906 110 18812 20843 18 20 61 42 39796 2738 17 		 
201212192007 경기도 안산시단원구 59169 42053 116 19967 21826 18 21 63 42 41937 2147 18 		 
201212192008 경기도 안산시단원구 63297 45358 125 21282 23802 18 21 65 45 45233 3305 19 		 
201212192009 경기도 안산시단원구 66486 47518 132 22148 25085 18 22 67 46 47386 2160 20 		 
201212192010 경기도 안산시단원구 69262 49514 137 22966 26252 19 23 69 48 49377 1996 21 		 
201212192011 경기도 안산시단원구 72247 51913 142 24093 27517 19 23 71 48 51771 2399 22 		 
201212192021 경기도 안산시단원구 75972 54258 146 25247 28698 19 26 73 49 54112 2345 23 		 
201212192022 경기도 안산시단원구 79569 56775 153 26482 29962 19 29 78 52 56622 2517 24 		 
201212192023 경기도 안산시단원구 84341 60157 158 28034 31772 21 32 86 54 59999 3382 25 		 
201212192024 경기도 안산시단원구 86494 61599 163 29001 32238 21 32 87 57 61436 1442 26 		 
201212192029 경기도 안산시단원구 90198 64570 167 30273 33922 22 33 95 58 64403 2971 27 		 
201212192031 경기도 안산시단원구 93004 66543 175 31250 34902 22 35 98 61 66368 1973 28 		 
201212192032 경기도 안산시단원구 96690 69273 183 32522 36336 25 38 106 63 69090 2730 29 		 
201212192033 경기도 안산시단원구 99082 70526 187 33252 36852 25 39 107 64 70339 1253 30 		 
201212192034 경기도 안산시단원구 102879 73081 192 34475 38171 25 40 111 67 72889 2555 31 		 
201212192037 경기도 안산시단원구 105280 74905 196 35303 39157 25 43 111 70 74709 1824 32 		 
201212192044 경기도 안산시단원구 110173 78789 203 37174 41154 25 46 113 74 78586 3884 33 		 
201212192046 경기도 안산시단원구 114343 81762 210 38525 42757 25 49 118 78 81552 2973 34 		 
201212192047 경기도 안산시단원구 118043 84357 213 39643 44224 25 49 122 81 84144 2595 35 		 
201212192048 경기도 안산시단원구 122108 86961 219 40829 45631 25 50 125 82 86742 2604 36 		 
201212192049 경기도 안산시단원구 123774 88129 225 41732 45885 26 50 126 85 87904 1168 37 		 
201212192050 경기도 안산시단원구 128293 91454 231 43308 47616 29 51 130 89 91223 3325 38 		 
201212192052 경기도 안산시단원구 131125 93718 236 44496 48685 29 51 130 91 93482 2264 39 		 
201212192055 경기도 안산시단원구 133728 94937 242 45199 49189 32 53 130 92 94695 1219 40 		 
201212192106 경기도 안산시단원구 138921 98606 248 46933 51112 32 53 134 94 98358 3669 41 		 
201212192108 경기도 안산시단원구 142262 101258 251 48162 52524 32 54 139 96 101007 2652 42 		 
201212192110 경기도 안산시단원구 144825 103244 252 49036 53624 33 56 145 98 102992 1986 43 		 
201212192111 경기도 안산시단원구 148500 105825 258 50242 54981 34 58 151 101 105567 2581 44 		 
201212192113 경기도 안산시단원구 152699 108068 262 51276 56184 34 58 153 101 107806 2243 45 		 
201212192115 경기도 안산시단원구 153585 108668 266 51517 56535 34 58 156 102 108402 600 46 		 
201212192122 경기도 안산시단원구 157860 111352 275 52839 57879 34 61 160 104 111077 2684 47 		 
201212192123 경기도 안산시단원구 162713 115226 280 54817 59757 35 63 169 105 114946 3874 48 		 
201212192127 경기도 안산시단원구 164979 116836 288 55977 60192 35 63 170 111 116548 1610 49 		 
201212192128 경기도 안산시단원구 168656 119193 295 57069 61443 35 63 175 113 118898 2357 50 		 
201212192129 경기도 안산시단원구 172304 122051 301 58501 62848 35 66 187 113 121750 2858 51 		 
201212192130 경기도 안산시단원구 176229 124416 308 59667 64026 35 66 196 118 124108 2365 52 		 
201212192132 경기도 안산시단원구 184593 130985 317 62618 67616 35 70 208 121 130668 6569 53 		 
201212192133 경기도 안산시단원구 189901 135336 328 64681 69886 35 71 214 121 135008 4351 54 		 
201212192134 경기도 안산시단원구 194052 137858 335 65846 71233 35 72 215 122 137523 2522 55 		 
201212192135 경기도 안산시단원구 195525 138614 340 66248 71581 35 72 216 122 138274 756 56 		 
201212192136 경기도 안산시단원구 198233 140594 347 67306 72487 36 73 222 123 140247 1980 57 		 
201212192137 경기도 안산시단원구 203214 144431 364 68999 74605 36 74 229 124 144067 3837 58 		 
201212192138 경기도 안산시단원구 206722 146514 370 70050 75623 38 74 231 128 146144 2083 59 		 
201212192139 경기도 안산시단원구 210002 148477 373 70950 76679 38 74 232 131 148104 1963 60 		 
201212192140 경기도 안산시단원구 216232 152593 380 72792 78935 39 75 237 135 152213 4116 61 		 
201212192142 경기도 안산시단원구 221989 158064 466 75347 81713 45 91 252 150 157598 5471 62 		 
201212192145 경기도 안산시단원구 226114 161316 470 76708 83589 45 91 261 152 160846 3252 63 		 
201212192146 경기도 안산시단원구 230030 164606 480 78333 85235 45 93 266 154 164126 3290 64 		 
201212192147 경기도 안산시단원구 234096 167979 488 79830 87097 47 93 269 155 167491 3373 65 		 
201212192148 경기도 안산시단원구 238124 170963 495 81167 88724 47 95 276 159 170468 2984 66 		 
201212192149 경기도 안산시단원구 242560 174649 500 82950 90606 48 98 288 159 174149 3686 67 		 
201212192152 경기도 안산시단원구 246376 177700 510 84457 92131 48 98 295 161 177190 3051 68 		 
201212192154 경기도 안산시단원구 251597 181909 521 86493 94275 48 103 303 166 181388 4209 69 		 
201212192155 경기도 안산시단원구 256246 184903 533 87893 95849 48 104 308 168 184370 2994 70 		 
