Time AreaA AreaB Total TotalA Invalid VoteA VoteB VoteC VoteD VoteE VoteF TotalB Diff Count
201212191918 경기도 군포시 3129 2406 4 908 1487 0 1 4 2 2402 2406 1 		 
201212191921 경기도 군포시 3391 2581 5 1005 1560 0 2 5 4 2576 175 2 		 
201212191927 경기도 군포시 5890 4645 8 1853 2763 0 5 10 6 4637 2064 3 		 
201212191944 경기도 군포시 8694 6929 12 2798 4094 0 5 12 8 6917 2284 4 		 
201212191955 경기도 군포시 13342 10219 21 4494 5667 0 8 18 11 10198 3290 5 		 
201212192000 경기도 군포시 15950 12290 24 5322 6900 1 9 22 12 12266 2071 6 		 
201212192002 경기도 군포시 19645 15381 26 6821 8479 1 10 27 17 15355 3091 7 		 
201212192005 경기도 군포시 21857 17284 31 7871 9321 1 10 32 18 17253 1903 8 		 
201212192008 경기도 군포시 25724 20521 34 9069 11346 1 12 37 22 20487 3237 9 		 
201212192012 경기도 군포시 29831 23470 42 10442 12904 1 13 42 26 23428 2949 10 		 
201212192014 경기도 군포시 34043 26454 50 11936 14376 3 16 47 26 26404 2984 11 		 
201212192016 경기도 군포시 38715 29488 61 13440 15886 3 17 54 27 29427 3034 12 		 
201212192020 경기도 군포시 42078 32321 64 14884 17264 4 18 58 29 32257 2833 13 		 
201212192022 경기도 군포시 45684 35069 72 16195 18685 6 20 58 33 34997 2748 14 		 
201212192024 경기도 군포시 49199 37995 78 17393 20398 7 21 63 35 37917 2926 15 		 
201212192029 경기도 군포시 51897 40126 82 18287 21617 8 21 74 37 40044 2131 16 		 
201212192031 경기도 군포시 56265 43719 91 20050 23423 10 22 83 40 43628 3593 17 		 
201212192034 경기도 군포시 60155 47000 94 21193 25549 10 23 90 41 46906 3281 18 		 
201212192038 경기도 군포시 64048 50111 98 22665 27173 12 27 95 41 50013 3111 19 		 
201212192040 경기도 군포시 68340 53745 109 24398 29052 12 29 103 42 53636 3634 20 		 
201212192043 경기도 군포시 71296 56188 118 25348 30532 12 30 106 42 56070 2443 21 		 
201212192044 경기도 군포시 73438 57994 122 26093 31587 12 30 107 43 57872 1806 22 		 
201212192049 경기도 군포시 76401 60474 124 27359 32790 13 31 113 44 60350 2480 23 		 
201212192051 경기도 군포시 80114 63583 127 28923 34325 13 33 118 44 63456 3109 24 		 
201212192055 경기도 군포시 85043 67653 137 30722 36569 14 35 128 48 67516 4070 25 		 
201212192057 경기도 군포시 89038 70794 142 32228 38190 14 35 134 51 70652 3141 26 		 
201212192101 경기도 군포시 92368 73180 151 33301 39486 14 37 138 53 73029 2386 27 		 
201212192103 경기도 군포시 96014 75943 161 34583 40943 15 40 144 57 75782 2763 28 		 
201212192105 경기도 군포시 99842 79129 163 36135 42561 15 41 153 61 78966 3186 29 		 
201212192106 경기도 군포시 103105 81483 170 37280 43754 16 43 159 61 81313 2354 30 		 
201212192113 경기도 군포시 104421 82408 175 37591 44354 16 45 164 63 82233 925 31 		 
201212192115 경기도 군포시 107888 85027 184 38658 45890 16 47 168 64 84843 2619 32 		 
201212192118 경기도 군포시 112580 88730 192 40426 47799 16 49 180 68 88538 3703 33 		 
201212192120 경기도 군포시 116068 91757 203 41891 49345 17 49 183 69 91554 3027 34 		 
201212192121 경기도 군포시 119303 94494 204 43081 50882 18 51 188 70 94290 2737 35 		 
201212192122 경기도 군포시 122829 97274 206 44195 52534 19 51 195 74 97068 2780 36 		 
201212192123 경기도 군포시 126393 100359 211 45889 53907 19 53 204 76 100148 3085 37 		 
201212192125 경기도 군포시 130760 103427 225 47285 55557 21 53 208 78 103202 3068 38 		 
201212192128 경기도 군포시 134427 106292 228 48421 57271 21 55 214 82 106064 2865 39 		 
201212192129 경기도 군포시 137230 108606 235 49500 58493 21 56 216 85 108371 2314 40 		 
201212192133 경기도 군포시 140369 111104 242 50673 59806 21 56 218 88 110862 2498 41 		 
201212192134 경기도 군포시 144306 114051 251 51999 61407 22 56 224 92 113800 2947 42 		 
201212192135 경기도 군포시 147080 116024 262 52930 62427 23 57 230 95 115762 1973 43 		 
201212192136 경기도 군포시 151499 119711 270 54373 64655 24 59 234 96 119441 3687 44 		 
201212192137 경기도 군포시 155859 122790 277 55947 66148 25 59 235 99 122513 3079 45 		 
201212192139 경기도 군포시 158999 125341 283 57271 67357 26 61 243 100 125058 2551 46 		 
201212192142 경기도 군포시 161771 127656 287 58095 68839 27 61 246 101 127369 2315 47 		 
201212192144 경기도 군포시 165559 130327 297 59342 70238 29 66 251 104 130030 2671 48 		 
201212192147 경기도 군포시 170406 134369 300 61426 72183 29 66 258 107 134069 4042 49 		 
201212192149 경기도 군포시 173353 136814 306 62586 73450 29 67 266 110 136508 2445 50 		 
201212192150 경기도 군포시 177846 140122 317 64110 75207 29 71 275 113 139805 3308 51 		 
201212192151 경기도 군포시 179990 141974 318 65085 76080 29 71 277 114 141656 1852 52 		 
201212192153 경기도 군포시 184514 145448 327 66586 78035 29 74 280 117 145121 3474 53 		 
201212192155 경기도 군포시 188875 149040 335 68326 79870 32 75 284 118 148705 3592 54 		 
201212192156 경기도 군포시 191906 151369 345 69446 81058 32 79 290 119 151024 2329 55 		 
201212192158 경기도 군포시 196327 154530 353 71015 82633 32 81 295 121 154177 3161 56 		 
201212192159 경기도 군포시 199540 157111 357 72008 84209 32 82 299 124 156754 2581 57 		 
201212192200 경기도 군포시 204735 161358 369 73814 86625 33 85 307 125 160989 4247 58 		 
201212192202 경기도 군포시 207900 163574 379 74898 87742 34 86 308 127 163195 2216 59 		 
201212192204 경기도 군포시 208292 163812 381 75031 87845 34 86 308 127 163431 238 60 		 
201212192205 경기도 군포시 213496 168680 456 77282 90343 40 91 318 150 168224 4868 61 		 
201212192206 경기도 군포시 214531 169598 457 77758 90782 40 91 320 150 169141 918 62 		 
201212192207 경기도 군포시 219076 173202 462 79335 92782 42 99 328 154 172740 3604 63 		 
201212192209 경기도 군포시 222840 176080 467 80722 94255 44 100 336 156 175613 2878 64 		 
