Time AreaA AreaB Total TotalA Invalid VoteA VoteB VoteC VoteD VoteE VoteF TotalB Diff Count
201212191940 경기도 부천시원미구 2601 2149 4 1039 1099 0 2 3 2 2145 2149 1 		 
201212191949 경기도 부천시원미구 5487 4270 11 1986 2254 2 5 8 4 4259 2121 2 		 
201212191951 경기도 부천시원미구 7996 5955 14 2857 3061 3 5 11 4 5941 1685 3 		 
201212191954 경기도 부천시원미구 12575 9740 19 4890 4801 3 5 18 4 9721 3785 4 		 
201212191955 경기도 부천시원미구 16909 12680 30 6274 6337 4 6 23 6 12650 2940 5 		 
201212191959 경기도 부천시원미구 21609 15841 36 7562 8191 5 8 28 11 15805 3161 6 		 
201212192003 경기도 부천시원미구 24918 18190 47 8640 9438 7 9 33 16 18143 2349 7 		 
201212192007 경기도 부천시원미구 33665 25101 61 11441 13517 9 11 43 19 25040 6911 8 		 
201212192016 경기도 부천시원미구 38415 28950 74 13451 15328 10 11 54 22 28876 3849 9 		 
201212192017 경기도 부천시원미구 41907 31390 77 14586 16622 11 13 56 25 31313 2440 10 		 
201212192023 경기도 부천시원미구 45252 33909 86 15633 18080 11 13 60 26 33823 2519 11 		 
201212192029 경기도 부천시원미구 49311 36830 95 17025 19592 13 14 64 27 36735 2921 12 		 
201212192036 경기도 부천시원미구 53252 40026 97 18561 21245 14 15 64 30 39929 3196 13 		 
201212192037 경기도 부천시원미구 55790 41758 100 19376 22153 14 15 69 31 41658 1732 14 		 
201212192040 경기도 부천시원미구 60294 44475 108 20594 23633 15 19 75 31 44367 2717 15 		 
201212192042 경기도 부천시원미구 63927 47026 117 21767 24992 15 19 82 34 46909 2551 16 		 
201212192043 경기도 부천시원미구 68844 51033 126 23417 27326 15 20 93 36 50907 4007 17 		 
201212192045 경기도 부천시원미구 72987 53982 132 24799 28876 17 21 97 40 53850 2949 18 		 
201212192103 경기도 부천시원미구 77478 57593 139 26237 31034 18 23 99 43 57454 3611 19 		 
201212192109 경기도 부천시원미구 81734 61165 145 27848 32977 18 26 105 46 61020 3572 20 		 
201212192110 경기도 부천시원미구 86337 65007 152 29658 34997 20 28 105 47 64855 3842 21 		 
201212192111 경기도 부천시원미구 91228 69056 161 31438 37244 21 30 112 50 68895 4049 22 		 
201212192115 경기도 부천시원미구 96123 72739 166 33075 39278 22 32 114 52 72573 3683 23 		 
201212192119 경기도 부천시원미구 99498 75202 173 34184 40616 24 34 119 52 75029 2463 24 		 
201212192121 경기도 부천시원미구 103305 78187 179 35699 42069 24 35 129 52 78008 2985 25 		 
201212192128 경기도 부천시원미구 110103 83464 194 38162 44848 28 39 140 53 83270 5277 26 		 
201212192129 경기도 부천시원미구 114012 86591 198 39695 46428 29 40 146 55 86393 3127 27 		 
201212192157 경기도 부천시원미구 122325 92720 209 42314 49906 32 43 156 60 92511 6129 28 		 
201212192202 경기도 부천시원미구 126070 95329 214 43614 51201 32 44 159 65 95115 2609 29 		 
201212192203 경기도 부천시원미구 134914 102317 221 46679 55094 33 46 172 72 102096 6988 30 		 
201212192204 경기도 부천시원미구 142206 107319 238 49130 57612 35 48 176 80 107081 5002 31 		 
201212192206 경기도 부천시원미구 147566 111621 242 50452 60574 35 51 184 83 111379 4302 32 		 
201212192207 경기도 부천시원미구 151196 113891 251 51451 61825 36 53 191 84 113640 2270 33 		 
201212192210 경기도 부천시원미구 155078 116821 263 52812 63372 38 54 195 87 116558 2930 34 		 
201212192211 경기도 부천시원미구 168818 127330 288 57469 69168 39 59 214 93 127042 10509 35 		 
201212192212 경기도 부천시원미구 174055 131567 292 59678 71184 39 60 220 94 131275 4237 36 		 
201212192216 경기도 부천시원미구 179422 135930 301 61694 73511 40 61 224 99 135629 4363 37 		 
201212192218 경기도 부천시원미구 185323 140565 314 63632 76184 40 66 227 102 140251 4635 38 		 
201212192219 경기도 부천시원미구 189919 144103 321 65186 78149 41 68 234 104 143782 3538 39 		 
201212192220 경기도 부천시원미구 198101 150129 338 67994 81322 42 71 248 114 149791 6026 40 		 
201212192221 경기도 부천시원미구 210718 159902 364 72381 86644 43 83 264 123 159538 9773 41 		 
201212192222 경기도 부천시원미구 215288 163713 368 73997 88825 44 84 270 125 163345 3811 42 		 
201212192224 경기도 부천시원미구 224382 169906 375 76657 92321 47 90 285 131 169531 6193 43 		 
201212192228 경기도 부천시원미구 228535 172756 378 78019 93803 47 90 286 133 172378 2850 44 		 
201212192231 경기도 부천시원미구 236935 180637 499 81562 97949 55 102 304 166 180138 7881 45 		 
201212192239 경기도 부천시원미구 241662 183915 502 83052 99719 57 104 310 171 183413 3278 46 		 
201212192240 경기도 부천시원미구 251943 191834 515 86566 104090 58 107 316 182 191319 7919 47 		 
201212192241 경기도 부천시원미구 261709 198810 532 89923 107670 60 110 330 185 198278 6976 48 		 
201212192242 경기도 부천시원미구 276158 209251 570 94630 113344 61 115 338 193 208681 10441 49 		 
201212192243 경기도 부천시원미구 283570 214557 584 97038 116209 61 116 351 198 213973 5306 50 		 
201212192244 경기도 부천시원미구 292031 221343 604 100406 119583 63 118 367 202 220739 6786 51 		 
201212192246 경기도 부천시원미구 297881 225450 614 102233 121840 64 118 375 206 224836 4107 52 		 
201212192247 경기도 부천시원미구 306045 232086 627 105445 125225 64 122 392 211 231459 6636 53 		 
201212192249 경기도 부천시원미구 310333 235009 635 106846 126722 65 123 397 221 234374 2923 54 		 
201212192252 경기도 부천시원미구 320116 241973 658 109886 130599 71 127 405 227 241315 6964 55 		 
201212192253 경기도 부천시원미구 327471 247098 669 112309 133269 74 132 412 233 246429 5125 56 		 
201212192254 경기도 부천시원미구 335357 253373 685 115135 136689 74 134 419 237 252688 6275 57 		 
201212192255 경기도 부천시원미구 348932 263715 710 119709 142397 76 139 437 247 263005 10342 58 		 
201212192256 경기도 부천시원미구 352996 266689 717 121052 144010 77 143 439 251 265972 2974 59 		 
201212192257 경기도 부천시원미구 354869 268007 727 121498 144862 78 145 444 253 267280 1318 60 		 
