Time AreaA AreaB Total TotalA Invalid VoteA VoteB VoteC VoteD VoteE VoteF TotalB Diff Count
201212192007 경기도 구리시 2793 1910 6 1047 848 2 1 3 3 1904 1910 1 		 
201212192008 경기도 구리시 5232 3512 8 1921 1570 3 1 5 4 3504 1602 2 		 
201212192014 경기도 구리시 8361 6069 11 3088 2949 3 2 8 8 6058 2557 3 		 
201212192018 경기도 구리시 11721 8252 15 4161 4051 3 2 11 9 8237 2183 4 		 
201212192023 경기도 구리시 13826 9722 18 4917 4760 3 2 13 9 9704 1470 5 		 
201212192032 경기도 구리시 17119 11816 21 5966 5793 5 2 19 10 11795 2094 6 		 
201212192058 경기도 구리시 24212 17293 31 8650 8549 10 6 33 14 17262 5477 7 		 
201212192100 경기도 구리시 27267 19507 41 9739 9659 10 6 36 16 19466 2214 8 		 
201212192103 경기도 구리시 30790 22408 46 11244 11046 10 6 38 18 22362 2901 9 		 
201212192104 경기도 구리시 34416 24921 61 12599 12183 12 7 39 20 24860 2513 10 		 
201212192106 경기도 구리시 36177 26268 68 13360 12757 12 8 42 21 26200 1347 11 		 
201212192108 경기도 구리시 38794 28284 70 14250 13874 12 8 48 22 28214 2016 12 		 
201212192109 경기도 구리시 41966 30471 78 15480 14812 12 8 53 28 30393 2187 13 		 
201212192113 경기도 구리시 45458 33782 126 17042 16479 14 19 65 37 33656 3311 14 		 
201212192126 경기도 구리시 46304 34399 131 17291 16842 14 19 65 37 34268 617 15 		 
201212192127 경기도 구리시 48997 36300 136 18248 17767 14 19 74 42 36164 1901 16 		 
201212192131 경기도 구리시 54004 40082 143 20103 19676 14 21 82 43 39939 3782 17 		 
201212192134 경기도 구리시 57053 42313 149 21227 20769 14 21 87 46 42164 2231 18 		 
201212192136 경기도 구리시 59538 44451 154 22378 21746 14 22 91 46 44297 2138 19 		 
201212192137 경기도 구리시 62310 46809 159 23624 22848 14 22 95 47 46650 2358 20 		 
201212192138 경기도 구리시 65349 48963 172 24769 23839 14 22 100 47 48791 2154 21 		 
201212192141 경기도 구리시 68277 51351 182 25882 25093 17 22 104 51 51169 2388 22 		 
201212192142 경기도 구리시 72190 54063 191 27229 26440 18 24 108 53 53872 2712 23 		 
201212192145 경기도 구리시 75027 56358 198 28352 27592 18 26 118 54 56160 2295 24 		 
201212192147 경기도 구리시 81370 61667 209 30900 30324 19 31 124 60 61458 5309 25 		 
201212192149 경기도 구리시 82466 62347 213 31331 30567 19 31 125 61 62134 680 26 		 
201212192154 경기도 구리시 90689 68390 230 34402 33499 21 33 139 66 68160 6043 27 		 
201212192209 경기도 구리시 101090 76281 254 38258 37491 21 35 150 72 76027 7891 28 		 
201212192213 경기도 구리시 113977 86460 269 43247 42639 22 39 166 78 86191 10179 29 		 
201212192218 경기도 구리시 117118 89042 272 44370 44086 23 40 173 78 88770 2582 30 		 
201212192219 경기도 구리시 118114 89827 274 44792 44441 23 40 178 79 89553 785 31 		 
201212192222 경기도 구리시 123850 93977 281 47025 46338 24 41 185 83 93696 4150 32 		 
201212192224 경기도 구리시 126652 96335 286 48093 47618 24 42 185 87 96049 2358 33 		 
201212192237 경기도 구리시 128009 97339 290 48788 47916 25 44 185 91 97049 1004 34 		 
201212192238 경기도 구리시 131445 99845 299 50036 49155 25 45 192 93 99546 2506 35 		 
201212192246 경기도 구리시 138600 105232 314 52621 51924 27 46 197 103 104918 5387 36 		 
201212192249 경기도 구리시 142616 108247 325 54023 53519 27 46 201 106 107922 3015 37 		 
201212192253 경기도 구리시 150179 113698 336 56748 56219 27 47 209 112 113362 5451 38 		 
