Time AreaA AreaB Total TotalA Invalid VoteA VoteB VoteC VoteD VoteE VoteF TotalB Diff Count
201212191932 경기도 고양시덕양구 1064 794 3 548 241 0 0 1 1 791 794 1 		 
201212191936 경기도 고양시덕양구 2107 1495 8 1017 465 0 0 3 2 1487 701 2 		 
201212191941 경기도 고양시덕양구 3023 2169 13 1452 698 0 0 4 2 2156 674 3 		 
201212191948 경기도 고양시덕양구 3760 2704 15 1760 922 0 0 5 2 2689 535 4 		 
201212191950 경기도 고양시덕양구 5514 4059 20 2430 1596 1 0 5 7 4039 1355 5 		 
201212191956 경기도 고양시덕양구 8434 5982 28 3439 2491 1 3 15 5 5954 1923 6 		 
201212191957 경기도 고양시덕양구 11174 8213 28 4562 3587 1 4 25 6 8185 2231 7 		 
201212191958 경기도 고양시덕양구 12939 9436 35 5242 4115 2 4 32 6 9401 1223 8 		 
201212191959 경기도 고양시덕양구 13714 9981 39 5594 4302 2 4 34 6 9942 545 9 		 
201212192003 경기도 고양시덕양구 14991 10861 43 6091 4678 3 5 35 6 10818 880 10 		 
201212192006 경기도 고양시덕양구 18290 13394 49 7495 5793 3 7 41 6 13345 2533 11 		 
201212192013 경기도 고양시덕양구 21876 16066 55 8856 7089 3 9 46 8 16011 2672 12 		 
201212192014 경기도 고양시덕양구 23824 17521 60 9815 7579 3 9 46 9 17461 1455 13 		 
201212192018 경기도 고양시덕양구 27322 20318 66 11320 8855 4 9 51 13 20252 2797 14 		 
201212192019 경기도 고양시덕양구 31960 23612 73 12788 10663 4 11 59 14 23539 3294 15 		 
201212192021 경기도 고양시덕양구 33778 24992 78 13616 11203 5 12 60 18 24914 1380 16 		 
201212192022 경기도 고양시덕양구 37261 27422 93 15072 12157 5 12 63 20 27329 2430 17 		 
201212192023 경기도 고양시덕양구 41097 30316 98 16567 13541 6 12 71 21 30218 2894 18 		 
201212192024 경기도 고양시덕양구 44940 32846 110 18063 14556 9 12 75 21 32736 2530 19 		 
201212192025 경기도 고양시덕양구 49435 35922 125 19672 15994 10 15 79 27 35797 3076 20 		 
201212192026 경기도 고양시덕양구 52865 38719 130 21022 17428 11 16 82 30 38589 2797 21 		 
201212192027 경기도 고양시덕양구 55392 40589 139 22123 18179 11 17 85 35 40450 1870 22 		 
201212192028 경기도 고양시덕양구 58737 43129 144 23426 19403 12 17 89 38 42985 2540 23 		 
201212192029 경기도 고양시덕양구 62025 45745 147 24690 20741 12 18 97 40 45598 2616 24 		 
201212192030 경기도 고양시덕양구 66519 48874 157 26171 22373 15 19 99 40 48717 3129 25 		 
201212192031 경기도 고양시덕양구 70854 52243 162 27886 24007 16 21 107 44 52081 3369 26 		 
201212192032 경기도 고양시덕양구 74557 55139 167 29109 25663 16 24 112 48 54972 2896 27 		 
201212192033 경기도 고양시덕양구 78435 58331 174 30411 27535 16 26 117 52 58157 3192 28 		 
201212192034 경기도 고양시덕양구 82512 61632 179 31826 29405 17 28 123 54 61453 3301 29 		 
201212192036 경기도 고양시덕양구 86707 64672 184 33375 30876 17 29 133 58 64488 3040 30 		 
201212192038 경기도 고양시덕양구 90493 67537 192 34584 32517 19 29 138 58 67345 2865 31 		 
201212192039 경기도 고양시덕양구 95240 71227 204 36107 34663 19 32 143 59 71023 3690 32 		 
201212192040 경기도 고양시덕양구 99144 74437 210 37692 36274 19 32 149 61 74227 3210 33 		 
201212192041 경기도 고양시덕양구 103749 78081 218 39029 38557 20 35 158 64 77863 3644 34 		 
201212192043 경기도 고양시덕양구 108606 82024 226 40751 40752 21 36 168 70 81798 3943 35 		 
201212192044 경기도 고양시덕양구 113743 85636 233 42718 42374 22 40 175 74 85403 3612 36 		 
201212192102 경기도 고양시덕양구 117420 88122 237 43964 43603 22 41 178 77 87885 2486 37 		 
201212192104 경기도 고양시덕양구 118802 89132 243 44575 43994 22 41 180 77 88889 1010 38 		 
201212192105 경기도 고양시덕양구 123241 92290 256 46185 45519 23 41 187 79 92034 3158 39 		 
201212192106 경기도 고양시덕양구 127635 95585 263 47824 47160 24 42 191 81 95322 3295 40 		 
201212192107 경기도 고양시덕양구 131441 98434 272 49049 48764 25 45 195 84 98162 2849 41 		 
201212192108 경기도 고양시덕양구 134730 100574 279 50015 49921 27 47 198 87 100295 2140 42 		 
201212192110 경기도 고양시덕양구 137399 102583 284 50968 50968 27 47 201 88 102299 2009 43 		 
201212192112 경기도 고양시덕양구 141301 105298 291 52375 52259 28 52 204 89 105007 2715 44 		 
201212192115 경기도 고양시덕양구 144917 108086 299 53684 53719 29 53 212 90 107787 2788 45 		 
201212192116 경기도 고양시덕양구 148605 111136 303 55040 55400 29 55 217 92 110833 3050 46 		 
201212192120 경기도 고양시덕양구 150501 112514 306 55894 55914 29 55 221 95 112208 1378 47 		 
201212192122 경기도 고양시덕양구 153047 114333 312 56953 56660 30 55 224 99 114021 1819 48 		 
201212192123 경기도 고양시덕양구 156736 117305 323 58163 58405 31 57 225 101 116982 2972 49 		 
201212192124 경기도 고양시덕양구 160315 120142 326 59507 59883 31 58 235 102 119816 2837 50 		 
201212192126 경기도 고양시덕양구 163761 122991 330 60794 61429 32 60 240 106 122661 2849 51 		 
201212192130 경기도 고양시덕양구 167382 125778 341 62099 62892 32 60 246 108 125437 2787 52 		 
201212192132 경기도 고양시덕양구 168440 126315 343 62421 63101 32 60 249 109 125972 537 53 		 
201212192136 경기도 고양시덕양구 172279 129284 349 63832 64646 32 60 255 110 128935 2969 54 		 
201212192137 경기도 고양시덕양구 175963 131816 360 65057 65931 32 63 261 112 131456 2532 55 		 
201212192138 경기도 고양시덕양구 179738 134947 370 66867 67235 32 64 266 113 134577 3131 56 		 
201212192142 경기도 고양시덕양구 183651 138085 377 68322 68904 35 64 268 115 137708 3138 57 		 
201212192143 경기도 고양시덕양구 187618 141297 386 69621 70798 35 64 275 118 140911 3212 58 		 
201212192145 경기도 고양시덕양구 189096 142426 389 70361 71179 35 65 276 121 142037 1129 59 		 
201212192146 경기도 고양시덕양구 193625 146200 400 72203 73088 36 70 282 121 145800 3774 60 		 
201212192147 경기도 고양시덕양구 198364 149761 408 74002 74832 36 71 287 125 149353 3561 61 		 
201212192148 경기도 고양시덕양구 198847 150134 411 74249 74955 36 71 287 125 149723 373 62 		 
201212192150 경기도 고양시덕양구 202780 153394 416 75615 76837 37 72 292 125 152978 3260 63 		 
201212192151 경기도 고양시덕양구 205972 155401 434 76789 77644 38 72 297 127 154967 2007 64 		 
201212192152 경기도 고양시덕양구 207222 156367 440 77391 77992 38 73 304 129 155927 966 65 		 
201212192153 경기도 고양시덕양구 210732 158974 455 78734 79236 38 73 305 133 158519 2607 66 		 
201212192154 경기도 고양시덕양구 212895 160509 460 79318 80173 38 75 311 134 160049 1535 67 		 
201212192156 경기도 고양시덕양구 215607 162802 467 80436 81336 38 75 313 137 162335 2293 68 		 
201212192157 경기도 고양시덕양구 218881 165104 477 81736 82318 38 78 317 140 164627 2302 69 		 
201212192158 경기도 고양시덕양구 222252 167273 483 82784 83426 38 78 321 143 166790 2169 70 		 
201212192159 경기도 고양시덕양구 225579 169427 494 83782 84562 38 79 328 144 168933 2154 71 		 
201212192201 경기도 고양시덕양구 228948 171774 500 85073 85602 40 80 332 147 171274 2347 72 		 
201212192202 경기도 고양시덕양구 232251 173828 506 86059 86660 40 80 335 148 173322 2054 73 		 
201212192207 경기도 고양시덕양구 234469 175462 510 86970 87369 40 80 343 150 174952 1634 74 		 
201212192210 경기도 고양시덕양구 237819 178257 518 88319 88801 40 80 349 150 177739 2795 75 		 
201212192211 경기도 고양시덕양구 241288 181139 522 89624 90365 40 82 353 153 180617 2882 76 		 
201212192212 경기도 고양시덕양구 245256 184305 532 90926 92204 40 84 362 157 183773 3166 77 		 
201212192213 경기도 고양시덕양구 249795 187446 545 92559 93686 41 84 371 160 186901 3141 78 		 
201212192214 경기도 고양시덕양구 253035 190111 552 93832 95059 43 87 378 160 189559 2665 79 		 
201212192215 경기도 고양시덕양구 255536 191879 556 94715 95938 43 87 378 162 191323 1768 80 		 
201212192216 경기도 고양시덕양구 259279 194376 563 95928 97203 43 88 384 167 193813 2497 81 		 
201212192223 경기도 고양시덕양구 262682 197173 570 97047 98871 43 88 387 167 196603 2797 82 		 
201212192224 경기도 고양시덕양구 266693 200297 579 98271 100748 44 89 397 169 199718 3124 83 		 
201212192225 경기도 고양시덕양구 270655 203401 589 99597 102504 45 92 401 173 202812 3104 84 		 
201212192227 경기도 고양시덕양구 275103 207103 598 101150 104633 46 92 410 174 206505 3702 85 		 
201212192228 경기도 고양시덕양구 278396 209625 606 102319 105973 47 92 414 174 209019 2522 86 		 
201212192229 경기도 고양시덕양구 282627 213082 608 104359 107368 48 95 424 180 212474 3457 87 		 
201212192231 경기도 고양시덕양구 287263 216233 616 105945 108914 49 96 430 183 215617 3151 88 		 
201212192232 경기도 고양시덕양구 291278 219316 624 107218 110700 49 97 442 186 218692 3083 89 		 
201212192237 경기도 고양시덕양구 294979 222417 627 108597 112411 49 99 447 187 221790 3101 90 		 
201212192248 경기도 고양시덕양구 299148 225537 634 110227 113883 49 99 451 194 224903 3120 91 		 
201212192249 경기도 고양시덕양구 303135 228281 642 111643 115193 50 101 456 196 227639 2744 92 		 
201212192301 경기도 고양시덕양구 310405 235041 768 114871 118515 63 120 477 227 234273 6760 93 		 
