Time AreaA AreaB Total TotalA Invalid VoteA VoteB VoteC VoteD VoteE VoteF TotalB Diff Count
201212191939 경기도 안양시동안구 3715 2956 6 1514 1428 0 1 4 3 2950 2956 1 		 
201212191949 경기도 안양시동안구 6481 5309 12 2736 2539 1 2 12 7 5297 2353 2 		 
201212191953 경기도 안양시동안구 9834 8052 22 3790 4211 2 2 16 9 8030 2743 3 		 
201212191957 경기도 안양시동안구 12585 10391 26 4907 5421 3 4 20 10 10365 2339 4 		 
201212192001 경기도 안양시동안구 16290 13521 32 6473 6961 4 5 32 14 13489 3130 5 		 
201212192005 경기도 안양시동안구 20599 17126 40 8474 8549 4 7 38 14 17086 3605 6 		 
201212192008 경기도 안양시동안구 22339 18597 44 9182 9300 6 9 40 16 18553 1471 7 		 
201212192010 경기도 안양시동안구 26693 22170 54 10844 11190 8 9 46 19 22116 3573 8 		 
201212192016 경기도 안양시동안구 29793 24539 61 12035 12346 9 12 55 21 24478 2369 9 		 
201212192020 경기도 안양시동안구 33291 27218 69 13272 13770 10 13 58 26 27149 2679 10 		 
201212192022 경기도 안양시동안구 35817 29218 71 14167 14866 10 14 62 28 29147 2000 11 		 
201212192034 경기도 안양시동안구 40343 32964 77 15794 16964 10 15 71 33 32887 3746 12 		 
201212192036 경기도 안양시동안구 44207 36178 85 17228 18725 10 19 76 35 36093 3214 13 		 
201212192037 경기도 안양시동안구 47254 38245 93 18198 19806 12 22 78 36 38152 2067 14 		 
201212192039 경기도 안양시동안구 51727 41854 102 19959 21626 13 27 88 39 41752 3609 15 		 
201212192040 경기도 안양시동안구 55583 45007 111 21296 23420 13 31 93 43 44896 3153 16 		 
201212192044 경기도 안양시동안구 59268 47640 118 22503 24831 14 32 97 45 47522 2633 17 		 
201212192045 경기도 안양시동안구 61975 49731 123 23424 25989 14 36 99 46 49608 2091 18 		 
201212192046 경기도 안양시동안구 64308 51751 125 24135 27290 15 37 101 48 51626 2020 19 		 
201212192050 경기도 안양시동안구 68323 54660 130 25502 28813 15 40 110 50 54530 2909 20 		 
201212192051 경기도 안양시동안구 71985 57385 135 26804 30220 15 41 119 51 57250 2725 21 		 
201212192056 경기도 안양시동안구 76131 60806 143 28811 31610 16 42 131 53 60663 3421 22 		 
201212192058 경기도 안양시동안구 80389 63892 153 30384 33103 16 43 137 56 63739 3086 23 		 
201212192059 경기도 안양시동안구 84137 66942 162 31854 34666 16 45 142 57 66780 3050 24 		 
201212192102 경기도 안양시동안구 87470 69659 172 33212 36007 16 46 148 58 69487 2717 25 		 
201212192104 경기도 안양시동안구 91866 73426 175 34886 38077 17 47 164 60 73251 3767 26 		 
201212192105 경기도 안양시동안구 95392 76304 180 36225 39608 17 47 166 61 76124 2878 27 		 
201212192106 경기도 안양시동안구 100251 79990 190 38056 41440 17 51 170 66 79800 3686 28 		 
201212192110 경기도 안양시동안구 103654 82524 197 39281 42734 17 54 173 68 82327 2534 29 		 
201212192112 경기도 안양시동안구 106387 84801 203 40305 43976 18 54 176 69 84598 2277 30 		 
201212192113 경기도 안양시동안구 109730 87586 208 41402 45643 19 55 189 70 87378 2785 31 		 
201212192115 경기도 안양시동안구 113723 90839 213 42853 47430 19 55 198 71 90626 3253 32 		 
201212192120 경기도 안양시동안구 118083 94265 226 44653 49034 19 56 204 73 94039 3426 33 		 
201212192121 경기도 안양시동안구 120938 96400 230 45738 50075 19 56 207 75 96170 2135 34 		 
201212192122 경기도 안양시동안구 124581 99002 236 46896 51506 19 57 210 78 98766 2602 35 		 
201212192125 경기도 안양시동안구 128772 102353 243 48406 53333 20 57 215 79 102110 3351 36 		 
201212192128 경기도 안양시동안구 131147 104018 246 49168 54225 21 58 218 82 103772 1665 37 		 
201212192130 경기도 안양시동안구 133511 105802 251 49971 55192 23 58 224 83 105551 1784 38 		 
201212192131 경기도 안양시동안구 136195 107871 257 50869 56350 23 59 229 84 107614 2069 39 		 
201212192132 경기도 안양시동안구 140843 111787 270 52990 58116 24 61 239 87 111517 3916 40 		 
201212192134 경기도 안양시동안구 144172 114506 283 54034 59771 25 63 242 88 114223 2719 41 		 
201212192135 경기도 안양시동안구 148589 117950 286 55721 61513 25 65 250 90 117664 3444 42 		 
201212192143 경기도 안양시동안구 152755 121428 295 57483 63213 25 65 256 91 121133 3478 43 		 
201212192144 경기도 안양시동안구 156877 124541 301 58979 64812 26 66 266 91 124240 3113 44 		 
201212192146 경기도 안양시동안구 160296 126834 302 60204 65876 27 66 266 93 126532 2293 45 		 
201212192147 경기도 안양시동안구 167030 133179 378 63229 69068 37 74 282 111 132801 6345 46 		 
201212192148 경기도 안양시동안구 170515 136016 382 64560 70559 37 75 290 113 135634 2837 47 		 
201212192149 경기도 안양시동안구 174009 138688 398 65594 72173 38 75 296 114 138290 2672 48 		 
201212192150 경기도 안양시동안구 176514 140835 404 66881 73020 39 76 299 116 140431 2147 49 		 
201212192152 경기도 안양시동안구 178985 142921 410 68090 73885 39 77 303 117 142511 2086 50 		 
201212192153 경기도 안양시동안구 182219 145372 414 69047 75366 39 78 309 119 144958 2451 51 		 
201212192154 경기도 안양시동안구 186026 148628 422 70527 77127 40 78 313 121 148206 3256 52 		 
201212192155 경기도 안양시동안구 189523 151213 424 71838 78392 40 79 314 126 150789 2585 53 		 
201212192156 경기도 안양시동안구 197652 157717 437 74831 81865 41 81 330 132 157280 6504 54 		 
201212192157 경기도 안양시동안구 199671 159189 445 75401 82751 42 83 334 133 158744 1472 55 		 
201212192158 경기도 안양시동안구 203505 162033 453 76705 84278 43 83 335 136 161580 2844 56 		 
201212192159 경기도 안양시동안구 207292 165202 458 78159 85970 43 86 349 137 164744 3169 57 		 
201212192201 경기도 안양시동안구 212028 169210 463 79898 88218 46 89 356 140 168747 4008 58 		 
201212192202 경기도 안양시동안구 215166 171644 470 81107 89432 46 90 356 143 171174 2434 59 		 
201212192204 경기도 안양시동안구 218986 174877 482 82929 90818 47 90 367 144 174395 3233 60 		 
201212192206 경기도 안양시동안구 222531 177478 491 84197 92136 48 90 371 145 176987 2601 61 		 
201212192208 경기도 안양시동안구 226322 180622 495 85342 94120 48 92 376 149 180127 3144 62 		 
201212192209 경기도 안양시동안구 229447 182992 504 86475 95341 48 92 381 151 182488 2370 63 		 
201212192210 경기도 안양시동안구 232808 185750 511 87579 96974 48 97 389 152 185239 2758 64 		 
201212192217 경기도 안양시동안구 236674 188996 523 89037 98738 48 100 394 156 188473 3246 65 		 
201212192218 경기도 안양시동안구 241026 192469 531 90817 100413 49 100 400 159 191938 3473 66 		 
201212192219 경기도 안양시동안구 244895 195509 538 92009 102247 49 100 405 161 194971 3040 67 		 
201212192220 경기도 안양시동안구 247720 197921 541 93089 103568 49 101 411 162 197380 2412 68 		 
201212192223 경기도 안양시동안구 250708 200493 545 94647 104562 50 103 422 164 199948 2572 69 		 
201212192225 경기도 안양시동안구 253884 202984 551 95755 105925 50 104 434 165 202433 2491 70 		 
201212192227 경기도 안양시동안구 258244 206565 558 97455 107791 50 105 439 167 206007 3581 71 		 
201212192228 경기도 안양시동안구 262964 210241 562 98905 110001 50 105 449 169 209679 3676 72 		 
201212192229 경기도 안양시동안구 266338 213093 565 100106 111637 53 106 456 170 212528 2852 73 		 
201212192230 경기도 안양시동안구 269841 215890 568 101401 113128 53 107 461 172 215322 2797 74 		 
201212192234 경기도 안양시동안구 273607 218918 580 102802 114733 53 110 466 174 218338 3028 75 		 
201212192235 경기도 안양시동안구 276827 221572 583 103793 116384 54 111 471 176 220989 2654 76 		 
