Time AreaA AreaB Total TotalA Invalid VoteA VoteB VoteC VoteD VoteE VoteF TotalB Diff Count
201212191945 경기도 양평군 3262 2278 6 1549 719 0 0 3 1 2272 2278 1 		 
201212191956 경기도 양평군 3983 2824 6 1947 861 1 0 3 6 2818 546 2 		 
201212192004 경기도 양평군 4681 3340 9 2309 1012 1 0 3 6 3331 516 3 		 
201212192016 경기도 양평군 5937 4245 18 2935 1274 2 0 4 12 4227 905 4 		 
201212192019 경기도 양평군 7284 5234 22 3636 1548 2 2 5 19 5212 989 5 		 
201212192023 경기도 양평군 10637 7621 34 5140 2409 3 4 9 22 7587 2387 6 		 
201212192026 경기도 양평군 13792 9921 38 6588 3244 3 4 20 24 9883 2300 7 		 
201212192028 경기도 양평군 14062 10113 43 6699 3316 4 6 21 24 10070 192 8 		 
201212192032 경기도 양평군 15206 10979 47 7322 3549 4 6 25 26 10932 866 9 		 
201212192035 경기도 양평군 17261 12526 51 8396 4014 4 7 26 28 12475 1547 10 		 
201212192038 경기도 양평군 20084 14583 57 9592 4858 4 11 30 31 14526 2057 11 		 
201212192040 경기도 양평군 21232 15445 58 10172 5132 5 11 31 36 15387 862 12 		 
201212192043 경기도 양평군 22226 16146 61 10659 5335 5 12 35 39 16085 701 13 		 
201212192045 경기도 양평군 23792 17222 66 11344 5715 5 13 38 41 17156 1076 14 		 
201212192049 경기도 양평군 26756 19358 73 12719 6459 6 13 41 47 19285 2136 15 		 
201212192051 경기도 양평군 27204 19686 75 12964 6540 6 13 41 47 19611 328 16 		 
201212192053 경기도 양평군 31435 22930 85 14835 7891 9 15 45 50 22845 3244 17 		 
201212192058 경기도 양평군 32390 23617 87 15294 8108 9 15 49 55 23530 687 18 		 
201212192104 경기도 양평군 35031 26079 165 16578 9159 24 28 57 68 25914 2462 19 		 
201212192106 경기도 양평군 36456 27104 168 17319 9436 25 28 58 70 26936 1025 20 		 
201212192108 경기도 양평군 37587 27926 173 17874 9695 25 28 61 70 27753 822 21 		 
201212192110 경기도 양평군 38371 28477 179 18270 9839 26 28 63 72 28298 551 22 		 
201212192112 경기도 양평군 39033 28981 180 18613 9995 26 28 64 75 28801 504 23 		 
201212192114 경기도 양평군 39757 29531 181 19007 10146 26 29 65 77 29350 550 24 		 
201212192116 경기도 양평군 41602 30923 196 19964 10551 28 30 67 87 30727 1392 25 		 
201212192119 경기도 양평군 42424 31514 201 20370 10726 28 30 69 90 31313 591 26 		 
201212192121 경기도 양평군 43018 31955 207 20677 10850 28 30 70 93 31748 441 27 		 
201212192123 경기도 양평군 43933 32609 211 21124 11049 28 30 71 96 32398 654 28 		 
201212192125 경기도 양평군 45167 33558 213 21734 11377 29 33 73 99 33345 949 29 		 
201212192127 경기도 양평군 47660 35396 218 22872 12064 30 35 76 101 35178 1838 30 		 
201212192129 경기도 양평군 49251 36623 225 23648 12495 30 37 80 108 36398 1227 31 		 
201212192130 경기도 양평군 50285 37378 229 24195 12689 30 37 81 117 37149 755 32 		 
201212192133 경기도 양평군 50859 37802 233 24488 12811 30 37 82 121 37569 424 33 		 
201212192135 경기도 양평군 51639 38378 236 24924 12944 30 37 83 124 38142 576 34 		 
201212192137 경기도 양평군 52105 38716 237 25039 13164 30 39 83 124 38479 338 35 		 
201212192138 경기도 양평군 53050 39429 240 25561 13350 30 39 83 126 39189 713 36 		 
201212192140 경기도 양평군 56948 42187 248 27287 14364 30 43 85 130 41939 2758 37 		 
201212192142 경기도 양평군 57764 42770 252 27692 14532 31 43 86 134 42518 583 38 		 
201212192144 경기도 양평군 59742 44207 260 28690 14952 32 44 89 140 43947 1437 39 		 
201212192145 경기도 양평군 60271 44560 262 28938 15054 32 44 89 141 44298 353 40 		 
201212192149 경기도 양평군 61561 45518 267 29560 15380 32 44 91 144 45251 958 41 		 
201212192150 경기도 양평군 63177 46742 270 30428 15723 33 45 93 150 46472 1224 42 		 
201212192152 경기도 양평군 65187 48232 273 31335 16289 33 46 97 159 47959 1490 43 		 
201212192154 경기도 양평군 67017 49530 279 32175 16732 33 46 101 164 49251 1298 44 		 
201212192155 경기도 양평군 68420 50557 283 32890 17038 33 47 102 164 50274 1027 45 		 
201212192157 경기도 양평군 69676 51448 286 33503 17306 35 48 104 166 51162 891 46 		 
201212192159 경기도 양평군 70899 52350 291 34116 17583 36 48 106 170 52059 902 47 		 
201212192201 경기도 양평군 71431 52712 295 34374 17679 36 48 107 173 52417 362 48 		 
201212192202 경기도 양평군 72633 53594 297 34973 17954 37 49 111 173 53297 882 49 		 
201212192203 경기도 양평군 74232 54787 300 35837 18277 37 49 112 175 54487 1193 50 		 
201212192205 경기도 양평군 75280 55546 302 36353 18512 37 49 116 177 55244 759 51 		 
201212192208 경기도 양평군 78057 57621 307 37678 19249 38 50 117 182 57314 2075 52 		 
201212192210 경기도 양평군 80090 59082 312 38684 19695 39 51 117 184 58770 1461 53 		 
201212192211 경기도 양평군 81235 59918 319 39284 19919 39 51 117 189 59599 836 54 		 
201212192213 경기도 양평군 81963 60467 320 39635 20114 39 51 119 189 60147 549 55 		 
201212192214 경기도 양평군 84769 62448 324 40862 20857 39 51 125 190 62124 1981 56 		 
