Time AreaA AreaB Total TotalA Invalid VoteA VoteB VoteC VoteD VoteE VoteF TotalB Diff Count
201212192006 경기도 고양시일산동구 2929 2038 6 896 1127 2 1 4 2 2032 2038 1 		 
201212192009 경기도 고양시일산동구 5626 3936 15 2120 1788 3 1 7 2 3921 1898 2 		 
201212192013 경기도 고양시일산동구 10618 7443 34 3783 3600 7 3 11 5 7409 3507 3 		 
201212192016 경기도 고양시일산동구 14284 10460 39 5040 5350 7 3 13 8 10421 3017 4 		 
201212192018 경기도 고양시일산동구 18236 13404 46 6333 6985 9 4 18 9 13358 2944 5 		 
201212192021 경기도 고양시일산동구 21212 15722 48 7368 8257 9 4 25 11 15674 2318 6 		 
201212192022 경기도 고양시일산동구 24703 18593 56 8923 9552 10 6 33 13 18537 2871 7 		 
201212192024 경기도 고양시일산동구 28839 22110 67 10792 11179 11 8 40 13 22043 3517 8 		 
201212192026 경기도 고양시일산동구 32495 25162 75 12420 12582 13 8 51 13 25087 3052 9 		 
201212192032 경기도 고양시일산동구 35967 27754 81 13721 13859 14 9 55 15 27673 2592 10 		 
201212192034 경기도 고양시일산동구 40041 30649 84 15029 15430 14 14 62 16 30565 2895 11 		 
201212192037 경기도 고양시일산동구 43717 33725 90 16788 16733 15 15 68 16 33635 3076 12 		 
201212192038 경기도 고양시일산동구 47675 36980 97 18242 18510 15 20 77 19 36883 3255 13 		 
201212192041 경기도 고양시일산동구 49958 38680 103 18989 19449 16 22 80 21 38577 1700 14 		 
201212192042 경기도 고양시일산동구 52203 40421 106 19827 20344 16 22 82 24 40315 1741 15 		 
201212192043 경기도 고양시일산동구 55795 42988 112 21232 21490 17 25 88 24 42876 2567 16 		 
201212192045 경기도 고양시일산동구 59482 46077 117 23088 22700 18 28 100 26 45960 3089 17 		 
201212192049 경기도 고양시일산동구 63637 49071 121 24392 24377 18 30 105 28 48950 2994 18 		 
201212192107 경기도 고양시일산동구 67434 51898 130 25762 25815 18 32 109 32 51768 2827 19 		 
201212192109 경기도 고양시일산동구 70664 54482 140 27182 26961 19 32 113 35 54342 2584 20 		 
201212192110 경기도 고양시일산동구 74724 57130 145 28369 28409 19 32 120 36 56985 2648 21 		 
201212192112 경기도 고양시일산동구 79055 60521 152 30057 30092 21 33 128 38 60369 3391 22 		 
201212192113 경기도 고양시일산동구 83169 63586 156 31526 31671 22 35 137 39 63430 3065 23 		 
201212192115 경기도 고양시일산동구 87359 66976 162 33137 33430 23 35 145 44 66814 3390 24 		 
201212192116 경기도 고양시일산동구 91614 70436 171 34956 35045 24 40 154 46 70265 3460 25 		 
201212192118 경기도 고양시일산동구 95136 73022 175 36198 36377 24 42 159 47 72847 2586 26 		 
201212192120 경기도 고양시일산동구 100105 76881 183 38253 38169 24 42 162 48 76698 3859 27 		 
201212192135 경기도 고양시일산동구 104032 80076 187 39887 39719 24 44 165 50 79889 3195 28 		 
201212192137 경기도 고양시일산동구 109000 83979 195 41659 41822 24 46 176 57 83784 3903 29 		 
201212192139 경기도 고양시일산동구 112646 86837 201 42883 43440 25 48 182 58 86636 2858 30 		 
201212192150 경기도 고양시일산동구 116593 89499 219 44524 44428 27 54 184 63 89280 2662 31 		 
201212192152 경기도 고양시일산동구 120405 92237 225 45818 45858 27 54 190 65 92012 2738 32 		 
201212192153 경기도 고양시일산동구 123867 95039 230 47057 47411 27 54 195 65 94809 2802 33 		 
201212192202 경기도 고양시일산동구 128661 97861 231 48061 49222 27 57 195 68 97630 2822 34 		 
201212192205 경기도 고양시일산동구 131708 100320 236 49417 50312 28 58 201 68 100084 2459 35 		 
201212192207 경기도 고양시일산동구 135591 103138 243 50913 51620 29 60 204 69 102895 2818 36 		 
201212192212 경기도 고양시일산동구 139599 105849 252 52533 52684 29 62 220 69 105597 2711 37 		 
201212192213 경기도 고양시일산동구 143606 108950 255 53955 54354 29 63 224 70 108695 3101 38 		 
201212192221 경기도 고양시일산동구 148448 112575 259 55472 56440 29 66 236 73 112316 3625 39 		 
201212192223 경기도 고양시일산동구 150405 113999 266 56018 57309 29 67 237 73 113733 1424 40 		 
201212192230 경기도 고양시일산동구 153957 116799 273 57292 58821 29 69 241 74 116526 2800 41 		 
201212192231 경기도 고양시일산동구 158423 120437 283 59037 60690 29 71 251 76 120154 3638 42 		 
201212192244 경기도 고양시일산동구 162305 123397 290 60539 62123 30 72 263 80 123107 2960 43 		 
201212192250 경기도 고양시일산동구 166696 126559 296 62287 63517 30 73 269 87 126263 3162 44 		 
201212192252 경기도 고양시일산동구 171887 130158 302 63655 65733 30 76 272 90 129856 3599 45 		 
201212192253 경기도 고양시일산동구 177162 134202 313 65368 68043 32 78 277 91 133889 4044 46 		 
201212192254 경기도 고양시일산동구 182396 138165 319 67040 70319 32 80 282 93 137846 3963 47 		 
201212192255 경기도 고양시일산동구 186453 141216 326 68436 71957 32 82 287 96 140890 3051 48 		 
201212192257 경기도 고양시일산동구 190043 143972 334 69895 73233 32 84 294 100 143638 2756 49 		 
201212192259 경기도 고양시일산동구 194069 146999 343 71289 74846 34 87 300 100 146656 3027 50 		 
201212192300 경기도 고양시일산동구 198176 149526 346 72281 76370 34 88 305 102 149180 2527 51 		 
201212192306 경기도 고양시일산동구 203689 154669 425 74615 79056 41 98 314 120 154244 5143 52 		 
201212192309 경기도 고양시일산동구 207466 157666 430 75939 80713 41 99 323 121 157236 2997 53 		 
201212192310 경기도 고양시일산동구 211645 160818 435 77461 82333 41 100 327 121 160383 3152 54 		 
201212192311 경기도 고양시일산동구 215064 163526 439 78801 83687 41 102 333 123 163087 2708 55 		 
201212192312 경기도 고양시일산동구 219923 167095 448 80535 85504 41 104 336 127 166647 3569 56 		 
