Time AreaA AreaB Total TotalA Invalid VoteA VoteB VoteC VoteD VoteE VoteF TotalB Diff Count
201212191940 경기도 광주시 2972 2050 11 1140 896 2 1 0 0 2039 2050 1 		 
201212191944 경기도 광주시 3718 2648 20 1538 1081 3 1 2 3 2628 598 2 		 
201212191946 경기도 광주시 7900 5844 28 3334 2461 4 1 5 11 5816 3196 3 		 
201212191948 경기도 광주시 10129 7382 34 4226 3098 4 1 6 13 7348 1538 4 		 
201212191957 경기도 광주시 14730 10640 45 5928 4632 7 1 11 16 10595 3258 5 		 
201212191959 경기도 광주시 17687 12759 50 7009 5653 8 1 17 21 12709 2119 6 		 
201212192003 경기도 광주시 22668 16793 54 8985 7699 10 1 22 22 16739 4034 7 		 
201212192010 경기도 광주시 25283 18909 60 10009 8783 10 1 24 22 18849 2116 8 		 
201212192013 경기도 광주시 29423 21828 71 11598 10097 10 1 28 23 21757 2919 9 		 
201212192015 경기도 광주시 32503 24052 82 12968 10937 10 1 29 25 23970 2224 10 		 
201212192018 경기도 광주시 36463 27217 92 14686 12364 10 5 32 28 27125 3165 11 		 
201212192021 경기도 광주시 38472 28926 95 15505 13244 10 5 35 32 28831 1709 12 		 
201212192023 경기도 광주시 42688 32161 105 17031 14933 11 6 43 32 32056 3235 13 		 
201212192042 경기도 광주시 45702 34356 114 18073 16074 11 6 45 33 34242 2195 14 		 
201212192044 경기도 광주시 49856 37412 125 19705 17479 11 8 48 36 37287 3056 15 		 
201212192045 경기도 광주시 54430 41047 137 21503 19298 12 10 50 37 40910 3635 16 		 
201212192050 경기도 광주시 58144 43631 149 22888 20477 12 14 52 39 43482 2584 17 		 
201212192052 경기도 광주시 62770 46884 163 24669 21928 12 14 56 42 46721 3253 18 		 
201212192053 경기도 광주시 64106 48012 167 25221 22499 12 14 57 42 47845 1128 19 		 
201212192054 경기도 광주시 67422 50401 177 26734 23354 12 14 62 48 50224 2389 20 		 
201212192055 경기도 광주시 71284 53147 185 28182 24640 12 14 65 49 52962 2746 21 		 
201212192057 경기도 광주시 73623 54754 190 28929 25492 12 15 67 49 54564 1607 22 		 
201212192058 경기도 광주시 74470 55352 193 29320 25692 12 15 70 50 55159 598 23 		 
201212192100 경기도 광주시 76572 56618 196 30060 26209 12 16 72 53 56422 1266 24 		 
201212192103 경기도 광주시 81400 60257 199 31999 27899 12 18 76 54 60058 3639 25 		 
201212192105 경기도 광주시 85898 63645 206 33820 29453 13 19 79 55 63439 3388 26 		 
201212192108 경기도 광주시 90093 66719 210 35366 30972 13 22 80 56 66509 3074 27 		 
201212192148 경기도 광주시 94298 69710 217 36870 32447 13 22 84 57 69493 2991 28 		 
201212192150 경기도 광주시 97498 71890 227 38116 33361 17 25 85 59 71663 2180 29 		 
201212192151 경기도 광주시 101697 74831 240 39643 34753 17 26 89 63 74591 2941 30 		 
201212192158 경기도 광주시 106772 78351 244 41488 36413 19 26 95 66 78107 3520 31 		 
201212192200 경기도 광주시 109716 80681 248 42527 37695 20 27 98 66 80433 2330 32 		 
201212192201 경기도 광주시 112779 82815 257 43854 38481 20 28 105 70 82558 2134 33 		 
201212192203 경기도 광주시 117212 85927 268 45499 39931 20 29 109 71 85659 3112 34 		 
201212192204 경기도 광주시 120348 88160 277 46881 40766 21 29 115 71 87883 2233 35 		 
201212192208 경기도 광주시 124684 91410 286 48468 42413 22 30 118 73 91124 3250 36 		 
201212192210 경기도 광주시 127848 93682 290 49697 43442 23 31 122 77 93392 2272 37 		 
201212192216 경기도 광주시 131075 96320 295 50858 44901 24 32 131 79 96025 2638 38 		 
201212192220 경기도 광주시 135037 99244 315 52574 46083 24 33 135 80 98929 2924 39 		 
201212192229 경기도 광주시 135457 99561 315 52819 46153 24 33 135 82 99246 317 40 		 
201212192231 경기도 광주시 140759 103361 325 54772 47978 25 33 142 86 103036 3800 41 		 
201212192232 경기도 광주시 141027 103557 325 54914 48031 25 33 143 86 103232 196 42 		 
201212192234 경기도 광주시 144424 105978 340 56381 48966 25 33 144 89 105638 2421 43 		 
201212192243 경기도 광주시 150510 110119 350 58424 51045 26 34 146 94 109769 4141 44 		 
201212192246 경기도 광주시 154162 112872 353 59852 52355 26 37 151 98 112519 2753 45 		 
201212192249 경기도 광주시 156553 114629 363 60925 53022 26 39 155 99 114266 1757 46 		 
201212192257 경기도 광주시 160985 118780 464 62967 54981 37 47 161 123 118316 4151 47 		 
201212192258 경기도 광주시 164107 121251 473 64187 56218 37 48 164 124 120778 2471 48 		 
201212192259 경기도 광주시 166599 122855 487 65182 56805 38 49 169 125 122368 1604 49 		 
201212192300 경기도 광주시 171188 126134 496 66894 58354 39 53 170 128 125638 3279 50 		 
201212192301 경기도 광주시 171963 126725 497 67324 58512 39 54 171 128 126228 591 51 		 
201212192302 경기도 광주시 173034 127467 501 67633 58935 39 55 175 129 126966 742 52 		 
201212192303 경기도 광주시 177341 130700 510 69208 60574 39 56 179 134 130190 3233 53 		 
201212192304 경기도 광주시 180414 133012 516 70363 61718 40 57 183 135 132496 2312 54 		 
201212192306 경기도 광주시 183258 134992 530 71460 62579 40 57 188 138 134462 1980 55 		 
201212192307 경기도 광주시 187614 138007 551 73478 63540 43 58 191 146 137456 3015 56 		 
201212192313 경기도 광주시 190310 139920 570 74724 64176 44 61 196 149 139350 1913 57 		 
201212192316 경기도 광주시 193519 142271 572 75991 65253 44 63 198 150 141699 2351 58 		 
201212192319 경기도 광주시 197659 145253 579 77706 66511 44 63 200 150 144674 2982 59 		 
201212192321 경기도 광주시 200440 147380 585 78756 67578 44 63 203 151 146795 2127 60 		 
201212192322 경기도 광주시 203667 149738 590 79939 68743 44 64 205 153 149148 2358 61 		 
201212192324 경기도 광주시 205567 151134 594 80680 69387 44 65 207 157 150540 1396 62 		 
201212192331 경기도 광주시 208406 153295 599 81729 70488 44 65 211 159 152696 2161 63 		 
201212192332 경기도 광주시 211260 155294 607 82844 71360 44 66 212 161 154687 1999 64 		 
201212192340 경기도 광주시 214855 157777 619 84381 72288 45 67 214 163 157158 2483 65 		 
201212200037 경기도 광주시 214855 157795 619 84388 72299 45 67 214 163 157176 18 66 		 
