Time AreaA AreaB Total TotalA Invalid VoteA VoteB VoteC VoteD VoteE VoteF TotalB Diff Count
201212191925 경기도 안성시 1097 807 3 479 319 1 1 4 0 804 807 1 		 
201212191935 경기도 안성시 3068 2245 7 1338 892 1 2 4 1 2238 1438 2 		 
201212191945 경기도 안성시 5327 3803 11 2321 1461 1 2 6 1 3792 1558 3 		 
201212191957 경기도 안성시 6555 4737 16 3003 1705 1 3 7 2 4721 934 4 		 
201212192002 경기도 안성시 8436 6061 22 3751 2270 1 4 9 4 6039 1324 5 		 
201212192005 경기도 안성시 9373 6755 24 4218 2490 2 4 9 8 6731 694 6 		 
201212192008 경기도 안성시 12643 9130 38 5649 3408 2 4 17 12 9092 2375 7 		 
201212192011 경기도 안성시 16390 11882 42 7247 4550 2 5 21 15 11840 2752 8 		 
201212192013 경기도 안성시 18522 13440 47 8101 5248 2 5 22 15 13393 1558 9 		 
201212192015 경기도 안성시 20398 14723 53 8902 5717 3 5 24 19 14670 1283 10 		 
201212192018 경기도 안성시 21027 15208 54 9200 5894 3 6 25 26 15154 485 11 		 
201212192020 경기도 안성시 21863 15825 56 9588 6118 3 6 26 28 15769 617 12 		 
201212192023 경기도 안성시 22617 16367 60 9907 6332 3 6 28 31 16307 542 13 		 
201212192025 경기도 안성시 24350 17526 63 10580 6813 3 7 28 32 17463 1159 14 		 
201212192028 경기도 안성시 25941 18680 70 11277 7254 5 8 31 35 18610 1154 15 		 
201212192031 경기도 안성시 27835 20035 75 12120 7748 6 10 37 39 19960 1355 16 		 
201212192034 경기도 안성시 30004 21776 77 13060 8545 7 10 38 39 21699 1741 17 		 
201212192036 경기도 안성시 32292 23347 80 14057 9105 9 12 42 42 23267 1571 18 		 
201212192038 경기도 안성시 33676 24211 81 14565 9451 9 12 46 47 24130 864 19 		 
201212192040 경기도 안성시 35562 25513 86 15439 9871 9 12 46 50 25427 1302 20 		 
201212192042 경기도 안성시 37089 26616 92 16137 10260 10 12 48 57 26524 1103 21 		 
201212192045 경기도 안성시 38879 27916 101 17013 10671 10 12 49 60 27815 1300 22 		 
201212192047 경기도 안성시 39545 28415 103 17350 10826 11 12 50 63 28312 499 23 		 
201212192056 경기도 안성시 42819 31428 177 18784 12310 14 18 56 69 31251 3013 24 		 
201212192101 경기도 안성시 43599 31999 178 19181 12481 14 18 56 71 31821 571 25 		 
201212192102 경기도 안성시 44100 32344 179 19316 12687 14 18 58 72 32165 345 26 		 
201212192105 경기도 안성시 45642 33430 187 20062 13001 17 19 68 76 33243 1086 27 		 
201212192107 경기도 안성시 46341 33951 190 20437 13140 18 20 68 78 33761 521 28 		 
201212192119 경기도 안성시 51535 37565 203 22410 14758 21 21 72 80 37362 3614 29 		 
201212192123 경기도 안성시 55595 40687 208 24002 16268 22 24 78 85 40479 3122 30 		 
201212192124 경기도 안성시 58477 42815 212 24968 17421 22 26 80 86 42603 2128 31 		 
201212192126 경기도 안성시 59231 43367 214 25362 17574 22 26 82 87 43153 552 32 		 
201212192128 경기도 안성시 60414 44267 218 25934 17888 23 27 86 91 44049 900 33 		 
201212192135 경기도 안성시 62740 46173 226 26963 18754 23 27 87 93 45947 1906 34 		 
201212192136 경기도 안성시 63839 47016 226 27361 19197 23 28 87 94 46790 843 35 		 
201212192138 경기도 안성시 66028 48580 229 28388 19726 23 28 90 96 48351 1564 36 		 
201212192140 경기도 안성시 67450 49640 237 29073 20081 23 28 96 102 49403 1060 37 		 
201212192141 경기도 안성시 72378 53543 245 30678 22363 23 31 100 103 53298 3903 38 		 
201212192143 경기도 안성시 75643 55873 253 32263 23092 24 32 103 106 55620 2330 39 		 
201212192145 경기도 안성시 76905 56732 253 32848 23358 24 32 107 110 56479 859 40 		 
201212192147 경기도 안성시 78851 58142 264 33675 23921 25 32 109 116 57878 1410 41 		 
201212192149 경기도 안성시 79869 58914 266 34227 24128 26 34 112 121 58648 772 42 		 
201212192150 경기도 안성시 83939 61998 272 35647 25781 26 34 115 123 61726 3084 43 		 
201212192152 경기도 안성시 86242 63620 274 36685 26361 26 34 116 124 63346 1622 44 		 
201212192154 경기도 안성시 89609 66132 283 38020 27517 26 37 123 126 65849 2512 45 		 
201212192156 경기도 안성시 92335 68188 288 39233 28349 26 38 127 127 67900 2056 46 		 
201212192158 경기도 안성시 94546 69775 300 40268 28881 26 39 130 131 69475 1587 47 		 
201212192159 경기도 안성시 96469 71183 307 41222 29319 26 40 133 136 70876 1408 48 		 
201212192201 경기도 안성시 98167 72455 314 42072 29724 27 41 135 142 72141 1272 49 		 
201212192202 경기도 안성시 100874 74396 318 43094 30636 28 41 135 144 74078 1941 50 		 
201212192204 경기도 안성시 103603 76216 324 44063 31474 29 42 137 147 75892 1820 51 		 
201212192205 경기도 안성시 104522 76895 331 44537 31671 29 42 137 148 76564 679 52 		 
201212192207 경기도 안성시 109784 79565 340 45962 32899 30 43 140 151 79225 2670 53 		 
201212192209 경기도 안성시 114056 82507 345 47280 34505 30 45 148 154 82162 2942 54 		 
201212192210 경기도 안성시 115746 83720 351 47997 34992 31 45 149 155 83369 1213 55 		 
201212192212 경기도 안성시 120326 86727 357 49586 36398 31 45 152 158 86370 3007 56 		 
201212192213 경기도 안성시 122892 88552 361 50430 37368 32 45 157 159 88191 1825 57 		 
201212192215 경기도 안성시 126907 91623 365 51951 38899 33 46 166 163 91258 3071 58 		 
201212192217 경기도 안성시 130388 94034 372 53015 40232 34 46 170 165 93662 2411 59 		 
201212192218 경기도 안성시 132804 95741 381 54139 40800 34 47 172 168 95360 1707 60 		 
201212192220 경기도 안성시 136877 98518 386 55575 42124 34 49 178 172 98132 2777 61 		 
201212192222 경기도 안성시 139131 100181 390 56303 43050 34 51 181 172 99791 1663 62 		 
201212192223 경기도 안성시 142260 102464 399 57656 43967 35 52 183 172 102065 2283 63 		 
