Time AreaA AreaB Total TotalA Invalid VoteA VoteB VoteC VoteD VoteE VoteF TotalB Diff Count
201212192000 경기도 평택시 2343 1664 5 1046 605 0 0 5 3 1659 1664 1 		 
201212192001 경기도 평택시 6133 4487 18 2954 1492 1 2 10 10 4469 2823 2 		 
201212192015 경기도 평택시 10093 7294 23 4485 2749 2 3 16 16 7271 2807 3 		 
201212192018 경기도 평택시 13866 10148 26 5975 4095 2 5 24 21 10122 2854 4 		 
201212192020 경기도 평택시 14619 10731 31 6373 4272 2 5 24 24 10700 583 5 		 
201212192021 경기도 평택시 18110 13332 35 7697 5538 3 8 26 25 13297 2601 6 		 
201212192024 경기도 평택시 24615 17372 45 10032 7219 3 11 32 30 17327 4040 7 		 
201212192025 경기도 평택시 27763 19373 52 11184 8049 3 13 36 36 19321 2001 8 		 
201212192027 경기도 평택시 31087 21877 55 12435 9286 3 14 43 41 21822 2504 9 		 
201212192030 경기도 평택시 34557 24547 63 13700 10675 4 14 47 44 24484 2670 10 		 
201212192031 경기도 평택시 41987 30330 72 16773 13351 5 19 59 51 30258 5783 11 		 
201212192033 경기도 평택시 47225 34461 82 19162 15060 5 23 72 57 34379 4131 12 		 
201212192034 경기도 평택시 50153 36503 93 20510 15731 5 27 77 60 36410 2042 13 		 
201212192035 경기도 평택시 50855 37028 94 20868 15892 5 28 78 63 36934 525 14 		 
201212192037 경기도 평택시 53689 38905 101 22096 16528 6 30 79 65 38804 1877 15 		 
201212192038 경기도 평택시 58692 42100 111 24295 17498 6 32 85 73 41989 3195 16 		 
201212192039 경기도 평택시 60796 43779 115 25302 18157 6 34 88 77 43664 1679 17 		 
201212192040 경기도 평택시 62643 45022 123 26082 18604 7 34 90 82 44899 1243 18 		 
201212192041 경기도 평택시 65249 46448 129 27041 19062 8 34 90 84 46319 1426 19 		 
201212192042 경기도 평택시 67147 47832 134 28007 19468 11 34 91 87 47698 1384 20 		 
201212192045 경기도 평택시 70333 49773 143 29125 20275 11 35 95 89 49630 1941 21 		 
201212192050 경기도 평택시 70785 50100 148 29337 20384 11 35 96 89 49952 327 22 		 
201212192052 경기도 평택시 74612 52853 157 30831 21624 13 38 99 91 52696 2753 23 		 
201212192053 경기도 평택시 81142 56846 168 33332 23096 15 42 102 91 56678 3993 24 		 
201212192056 경기도 평택시 85048 59561 174 35086 24046 16 43 102 94 59387 2715 25 		 
201212192057 경기도 평택시 87538 61246 177 35942 24869 16 43 102 97 61069 1685 26 		 
201212192058 경기도 평택시 90928 63861 182 37240 26174 17 43 107 98 63679 2615 27 		 
201212192059 경기도 평택시 93635 65607 187 38252 26900 17 44 108 99 65420 1746 28 		 
201212192100 경기도 평택시 97765 68246 195 39757 28017 19 47 109 102 68051 2639 29 		 
201212192101 경기도 평택시 100200 69977 203 40777 28715 19 47 111 105 69774 1731 30 		 
201212192102 경기도 평택시 102093 71206 208 41565 29143 19 49 114 108 70998 1229 31 		 
201212192103 경기도 평택시 106224 74176 220 43076 30574 21 56 120 109 73956 2970 32 		 
201212192104 경기도 평택시 107735 75263 225 43848 30882 21 56 121 110 75038 1087 33 		 
201212192105 경기도 평택시 111576 78242 233 45325 32369 22 57 125 111 78009 2979 34 		 
201212192106 경기도 평택시 114671 80496 236 46558 33382 22 59 128 111 80260 2254 35 		 
201212192107 경기도 평택시 121832 86070 246 49504 35976 24 63 141 116 85824 5574 36 		 
201212192108 경기도 평택시 125253 88403 252 50909 36890 24 64 145 119 88151 2333 37 		 
201212192109 경기도 평택시 127617 90337 257 51905 37811 25 66 152 121 90080 1934 38 		 
201212192110 경기도 평택시 134551 94700 273 54578 39476 26 66 159 122 94427 4363 39 		 
201212192116 경기도 평택시 138444 97685 277 56315 40713 26 67 161 126 97408 2985 40 		 
201212192118 경기도 평택시 145351 102492 287 59127 42678 28 69 171 132 102205 4807 41 		 
201212192119 경기도 평택시 149812 105490 294 60870 43921 28 70 174 133 105196 2998 42 		 
201212192120 경기도 평택시 153729 108452 300 62499 45236 28 72 181 136 108152 2962 43 		 
201212192122 경기도 평택시 155821 109834 302 63402 45707 28 72 185 138 109532 1382 44 		 
201212192123 경기도 평택시 157240 110904 307 64142 46027 29 73 186 140 110597 1070 45 		 
201212192124 경기도 평택시 160087 112760 312 65242 46776 29 74 186 141 112448 1856 46 		 
201212192125 경기도 평택시 162980 114836 324 66580 47482 29 78 191 152 114512 2076 47 		 
201212192126 경기도 평택시 167433 118323 330 68484 49038 32 87 195 157 117993 3487 48 		 
201212192127 경기도 평택시 171023 120999 334 69782 50401 34 88 196 164 120665 2676 49 		 
201212192128 경기도 평택시 175892 124491 347 71473 52174 36 91 202 168 124144 3492 50 		 
201212192129 경기도 평택시 181552 128566 363 74127 53555 40 93 212 176 128203 4075 51 		 
201212192130 경기도 평택시 184535 130775 369 75339 54538 40 94 216 179 130406 2209 52 		 
201212192137 경기도 평택시 190315 134856 380 77777 56161 40 97 222 179 134476 4081 53 		 
201212192138 경기도 평택시 192264 136430 386 78654 56850 40 97 223 180 136044 1574 54 		 
201212192139 경기도 평택시 198367 140785 403 81387 58441 40 99 230 185 140382 4355 55 		 
201212192140 경기도 평택시 203914 144670 407 83778 59915 42 100 238 190 144263 3885 56 		 
201212192141 경기도 평택시 208314 148027 426 85857 61156 46 101 246 195 147601 3357 57 		 
201212192159 경기도 평택시 212422 150852 440 87736 62077 46 102 249 202 150412 2825 58 		 
201212192200 경기도 평택시 215195 153095 443 88931 63114 46 104 253 204 152652 2243 59 		 
201212192202 경기도 평택시 219035 155764 450 89976 64717 47 106 258 210 155314 2669 60 		 
201212192203 경기도 평택시 226169 160773 462 92659 67008 48 112 267 217 160311 5009 61 		 
201212192204 경기도 평택시 232722 165563 481 95216 69200 49 115 278 224 165082 4790 62 		 
201212192205 경기도 평택시 235523 167352 485 96270 69923 49 117 281 227 166867 1789 63 		 
201212192206 경기도 평택시 238868 169534 491 97721 70640 49 117 284 232 169043 2182 64 		 
201212192209 경기도 평택시 240275 170538 497 98388 70965 49 117 286 236 170041 1004 65 		 
201212192211 경기도 평택시 243503 172851 504 99953 71689 49 121 289 246 172347 2313 66 		 
201212192212 경기도 평택시 248186 175167 513 101393 72550 50 122 290 249 174654 2316 67 		 
201212192213 경기도 평택시 251192 177353 516 102648 73473 50 124 292 250 176837 2186 68 		 
201212192214 경기도 평택시 258635 183334 530 105886 76182 52 130 302 252 182804 5981 69 		 
201212192224 경기도 평택시 267049 191249 654 110109 79659 63 147 327 290 190595 7915 70 		 
201212192226 경기도 평택시 270009 193607 664 111057 81044 65 151 334 292 192943 2358 71 		 
201212192229 경기도 평택시 274459 197034 668 112824 82685 66 153 340 298 196366 3427 72 		 
201212192230 경기도 평택시 277118 198917 674 113977 83396 66 154 345 305 198243 1883 73 		 
201212192231 경기도 평택시 279720 200692 681 114987 84144 68 154 349 309 200011 1775 74 		 
201212192239 경기도 평택시 286551 205375 697 117983 85798 70 157 358 312 204678 4683 75 		 
201212192240 경기도 평택시 294160 210572 703 120434 88524 70 161 368 312 209869 5197 76 		 
201212192241 경기도 평택시 295322 211352 707 120765 88961 70 163 373 313 210645 780 77 		 
201212192242 경기도 평택시 297312 212751 714 121521 89589 71 163 377 316 212037 1399 78 		 
201212192243 경기도 평택시 303512 217089 721 124215 91204 74 163 385 327 216368 4338 79 		 
201212192245 경기도 평택시 316232 227041 736 129280 96047 78 169 401 330 226305 9952 80 		 
201212192246 경기도 평택시 319916 230013 746 130512 97762 79 176 406 332 229267 2972 81 		 
201212192247 경기도 평택시 331985 238307 769 134917 101590 82 181 419 349 237538 8294 82 		 
201212192248 경기도 평택시 333774 239544 773 135781 101951 83 181 424 351 238771 1237 83 		 
