Time AreaA AreaB Total TotalA Invalid VoteA VoteB VoteC VoteD VoteE VoteF TotalB Diff Count
201212191957 경기도 성남시중원구 2955 2034 8 988 1034 0 0 3 1 2026 2034 1 		 
201212192007 경기도 성남시중원구 6214 4086 13 1974 2089 1 0 6 3 4073 2052 2 		 
201212192011 경기도 성남시중원구 10258 7228 21 3326 3862 2 1 10 6 7207 3142 3 		 
201212192015 경기도 성남시중원구 12682 9102 26 4241 4811 2 1 13 8 9076 1874 4 		 
201212192019 경기도 성남시중원구 15700 11189 32 5258 5872 2 2 14 9 11157 2087 5 		 
201212192027 경기도 성남시중원구 21431 15038 44 7014 7944 3 2 19 12 14994 3849 6 		 
201212192034 경기도 성남시중원구 24046 16720 54 7830 8793 3 5 19 16 16666 1682 7 		 
201212192044 경기도 성남시중원구 28595 20328 62 9490 10725 3 7 23 18 20266 3608 8 		 
201212192056 경기도 성남시중원구 33478 23600 77 10940 12524 3 7 25 24 23523 3272 9 		 
201212192058 경기도 성남시중원구 37627 27135 90 12704 14270 3 8 33 27 27045 3535 10 		 
201212192100 경기도 성남시중원구 41549 30156 101 14180 15795 4 9 39 28 30055 3021 11 		 
201212192102 경기도 성남시중원구 46772 33566 110 15758 17610 6 10 43 29 33456 3410 12 		 
201212192103 경기도 성남시중원구 50023 35574 115 16773 18593 6 10 45 32 35459 2008 13 		 
201212192105 경기도 성남시중원구 52679 37748 120 17698 19832 6 10 47 35 37628 2174 14 		 
201212192106 경기도 성남시중원구 56523 40810 128 19092 21481 6 10 55 38 40682 3062 15 		 
201212192108 경기도 성남시중원구 60173 43256 131 20215 22786 7 13 61 43 43125 2446 16 		 
201212192110 경기도 성남시중원구 62419 44794 140 20889 23632 8 13 64 48 44654 1538 17 		 
201212192111 경기도 성남시중원구 65320 46971 150 21908 24772 8 15 69 49 46821 2177 18 		 
201212192114 경기도 성남시중원구 69413 49818 157 23293 26212 8 20 73 55 49661 2847 19 		 
201212192120 경기도 성남시중원구 72670 52061 164 24358 27378 8 20 78 55 51897 2243 20 		 
201212192122 경기도 성남시중원구 76351 54858 172 25709 28807 9 20 83 58 54686 2797 21 		 
201212192123 경기도 성남시중원구 81078 58086 184 27288 30427 10 20 93 64 57902 3228 22 		 
201212192124 경기도 성남시중원구 83723 59884 196 28091 31405 10 21 95 66 59688 1798 23 		 
201212192125 경기도 성남시중원구 84824 60756 200 28446 31912 10 23 98 67 60556 872 24 		 
201212192126 경기도 성남시중원구 88449 63292 211 29550 33330 10 24 100 67 63081 2536 25 		 
201212192127 경기도 성남시중원구 91383 65374 213 30477 34477 10 25 102 70 65161 2082 26 		 
201212192128 경기도 성남시중원구 94206 67190 217 31402 35361 10 27 102 71 66973 1816 27 		 
201212192129 경기도 성남시중원구 98604 70097 225 32747 36909 10 28 103 75 69872 2907 28 		 
201212192130 경기도 성남시중원구 101954 72819 228 34001 38364 10 30 111 75 72591 2722 29 		 
201212192132 경기도 성남시중원구 107386 76437 241 35715 40244 12 33 116 76 76196 3618 30 		 
201212192134 경기도 성남시중원구 110502 78922 247 36783 41651 12 33 118 78 78675 2485 31 		 
201212192135 경기도 성남시중원구 112461 80371 248 37438 42440 12 33 119 81 80123 1449 32 		 
201212192136 경기도 성남시중원구 115402 82456 254 38353 43598 12 34 122 83 82202 2085 33 		 
201212192137 경기도 성남시중원구 118406 84810 257 39374 44921 13 35 125 85 84553 2354 34 		 
201212192139 경기도 성남시중원구 121766 87127 267 40425 46166 13 39 129 88 86860 2317 35 		 
201212192140 경기도 성남시중원구 124820 89193 272 41417 47228 14 39 132 91 88921 2066 36 		 
201212192141 경기도 성남시중원구 128437 91814 280 42618 48634 14 40 136 92 91534 2621 37 		 
201212192143 경기도 성남시중원구 133473 95411 285 44267 50562 14 42 145 96 95126 3597 38 		 
201212192144 경기도 성남시중원구 137300 98036 290 45509 51935 15 43 148 96 97746 2625 39 		 
201212192145 경기도 성남시중원구 139288 99448 302 46114 52722 16 43 151 100 99146 1412 40 		 
201212192150 경기도 성남시중원구 141773 101144 307 46969 53551 16 44 154 103 100837 1696 41 		 
201212192151 경기도 성남시중원구 146044 104068 318 48243 55185 16 45 157 104 103750 2924 42 		 
201212192152 경기도 성남시중원구 149874 106602 322 49404 56546 17 47 160 106 106280 2534 43 		 
201212192153 경기도 성남시중원구 153532 109343 331 50670 58007 18 47 163 107 109012 2741 44 		 
201212192154 경기도 성남시중원구 155793 111140 335 51388 59078 18 50 163 108 110805 1797 45 		 
201212192155 경기도 성남시중원구 159211 113285 341 52390 60211 18 52 163 110 112944 2145 46 		 
201212192157 경기도 성남시중원구 162779 115815 344 53526 61597 19 54 163 112 115471 2530 47 		 
201212192158 경기도 성남시중원구 163511 116322 346 53726 61899 19 55 164 113 115976 507 48 		 
201212192200 경기도 성남시중원구 167424 119023 357 54956 63351 19 56 170 114 118666 2701 49 		 
201212192202 경기도 성남시중원구 169918 120756 360 55788 64241 19 58 176 114 120396 1733 50 		 
201212192208 경기도 성남시중원구 174648 124494 365 57519 66236 20 59 180 115 124129 3738 51 		 
201212192209 경기도 성남시중원구 179235 127609 384 58959 67884 22 59 182 119 127225 3115 52 		 
201212192210 경기도 성남시중원구 182883 129850 389 60050 69012 26 62 187 124 129461 2241 53 		 
201212192211 경기도 성남시중원구 187558 132811 408 61398 70597 26 64 190 128 132403 2961 54 		 
201212192212 경기도 성남시중원구 190588 134895 413 62368 71697 26 64 194 133 134482 2084 55 		 
201212192213 경기도 성남시중원구 195013 138378 424 63974 73551 28 67 198 136 137954 3483 56 		 
201212192214 경기도 성남시중원구 198855 141159 432 65292 75000 28 67 201 139 140727 2781 57 		 
201212192220 경기도 성남시중원구 202991 145046 512 67076 76983 35 74 211 155 144534 3887 58 		 
201212192224 경기도 성남시중원구 206445 147567 516 68309 78261 35 74 214 158 147051 2521 59 		 
