Time AreaA AreaB Total TotalA Invalid VoteA VoteB VoteC VoteD VoteE VoteF TotalB Diff Count
201212191917 경기도 양주시 358 270 1 191 77 0 0 1 0 269 270 1 향남읍제4투표구 		 
201212191952 경기도 양주시 1981 1371 8 916 440 1 1 3 2 1363 1101 2 향남읍제11투표구 		 
201212191957 경기도 양주시 4082 2886 12 2001 857 1 1 6 8 2874 1515 3 향남읍제3투표구 			정남면제2투표구 		 
201212192000 경기도 양주시 5673 4043 15 2768 1241 1 2 7 9 4028 1157 4 향남읍제13투표구 		 
201212192008 경기도 양주시 8494 6004 19 3896 2069 1 3 7 9 5985 1961 5 향남읍제7투표구 		 
201212192013 경기도 양주시 9371 6652 25 4338 2266 2 4 7 10 6627 648 6 양감면제1투표구 		 
201212192015 경기도 양주시 13423 9413 36 6043 3304 3 6 10 11 9377 2761 7 장안면제3투표구 		 
201212192017 경기도 양주시 16240 11395 40 7291 4023 5 8 13 15 11355 1982 8   		 
201212192018 경기도 양주시 18371 12843 49 8279 4469 7 8 14 17 12794 1448 9   		 
201212192019 경기도 양주시 20333 14211 55 9087 5018 7 9 16 19 14156 1368 10   		 
201212192026 경기도 양주시 22261 15595 63 10010 5464 7 10 19 22 15532 1384 11   		 
201212192028 경기도 양주시 25350 17781 72 11393 6250 7 13 20 26 17709 2186 12   		 
201212192030 경기도 양주시 27967 19624 76 12375 7099 7 14 21 32 19548 1843 13   		 
201212192032 경기도 양주시 32734 22806 85 14352 8284 8 14 28 35 22721 3182 14   		 
201212192035 경기도 양주시 37109 26012 90 16193 9631 8 17 36 37 25922 3206 15   		 
201212192036 경기도 양주시 39610 27781 97 17366 10212 8 17 43 38 27684 1769 16   		 
201212192040 경기도 양주시 42473 29864 104 18474 11175 9 17 46 39 29760 2083 17   		 
201212192041 경기도 양주시 45211 31945 107 19623 12098 11 17 48 41 31838 2081 18   		 
201212192042 경기도 양주시 46300 32758 113 20176 12350 11 17 48 43 32645 813 19   		 
201212192049 경기도 양주시 48879 34788 116 21017 13530 11 19 52 43 34672 2030 20   		 
201212192053 경기도 양주시 51286 36372 125 22089 14030 11 19 52 46 36247 1584 21   		 
201212192054 경기도 양주시 55044 38956 134 23451 15233 12 20 57 49 38822 2584 22   		 
201212192058 경기도 양주시 58518 41566 141 24815 16461 13 24 62 50 41425 2610 23   		 
201212192059 경기도 양주시 61502 43635 150 26033 17298 13 24 66 51 43485 2069 24   		 
201212192100 경기도 양주시 66148 46848 162 27764 18760 13 24 68 57 46686 3213 25   		 
201212192112 경기도 양주시 68887 48796 170 28825 19633 14 24 69 61 48626 1948 26   		 
201212192113 경기도 양주시 72939 51755 179 30726 20669 16 25 75 65 51576 2959 27   		 
201212192118 경기도 양주시 76046 53951 183 32010 21574 16 26 77 65 53768 2196 28   		 
201212192120 경기도 양주시 80204 57102 188 33590 23132 18 28 81 65 56914 3151 29   		 
201212192122 경기도 양주시 82891 59149 193 34566 24195 18 30 82 65 58956 2047 30   		 
201212192124 경기도 양주시 83493 59558 193 34711 24457 18 32 82 65 59365 409 31   		 
201212192126 경기도 양주시 85037 60736 198 35465 24873 19 32 84 65 60538 1178 32   		 
201212192130 경기도 양주시 88985 63431 205 37059 25954 20 33 90 70 63226 2695 33   		 
201212192131 경기도 양주시 91817 65506 208 38167 26914 20 33 93 71 65298 2075 34   		 
201212192135 경기도 양주시 99934 72097 298 41468 30050 34 42 112 93 71799 6591 35   		 
201212192137 경기도 양주시 104209 74835 307 42901 31336 34 42 117 98 74528 2738 36   		 
201212192147 경기도 양주시 107808 77510 310 44198 32703 35 43 121 100 77200 2675 37   		 
201212192148 경기도 양주시 111736 80378 319 45564 34189 35 43 126 102 80059 2868 38   		 
201212192150 경기도 양주시 112800 81149 321 46090 34428 35 43 127 105 80828 771 39   		 
201212192154 경기도 양주시 116574 83975 326 47454 35878 35 43 130 109 83649 2826 40   		 
201212192155 경기도 양주시 119316 86138 329 48683 36801 35 45 134 111 85809 2163 41   		 
201212192158 경기도 양주시 123232 89087 334 50105 38312 36 47 137 116 88753 2949 42   		 
201212192200 경기도 양주시 131733 95267 353 53045 41517 38 49 144 121 94914 6180 43   		 
201212192202 경기도 양주시 134919 97666 359 54184 42764 38 51 144 126 97307 2399 44   		 
201212192203 경기도 양주시 138645 100462 364 55636 44097 38 52 145 130 100098 2796 45   		 
201212192205 경기도 양주시 143471 103977 370 57420 45808 39 54 152 134 103607 3515 46   		 
201212192207 경기도 양주시 145906 105654 376 58526 46367 39 57 154 135 105278 1677 47   		 
201212192208 경기도 양주시 147247 106605 382 59174 46658 40 59 156 136 106223 951 48   		 
201212192212 경기도 양주시 150818 109211 384 60547 47881 41 60 159 139 108827 2606 49   		 
201212192222 경기도 양주시 154363 111883 387 61889 49201 42 60 165 139 111496 2672 50   		 
