Time AreaA AreaB Total TotalA Invalid VoteA VoteB VoteC VoteD VoteE VoteF TotalB Diff Count
201212191906 경상북도 성주군 240 170 2 94 71 1 1 0 1 168 170 1 		 
201212191930 경상북도 성주군 3144 2335 9 1940 371 3 1 2 9 2326 2165 2 		 
201212191950 경상북도 성주군 5356 4078 27 3417 605 3 4 4 18 4051 1743 3 		 
201212191951 경상북도 성주군 7582 5835 31 4948 820 3 4 7 22 5804 1757 4 		 
201212191956 경상북도 성주군 10098 7819 38 6627 1100 3 6 10 35 7781 1984 5 		 
201212192002 경상북도 성주군 12110 9401 48 8007 1279 3 6 12 46 9353 1582 6 		 
201212192010 경상북도 성주군 14546 11333 53 9685 1524 3 6 12 50 11280 1932 7 		 
201212192011 경상북도 성주군 15586 12159 62 10371 1636 5 7 13 65 12097 826 8 		 
201212192017 경상북도 성주군 17258 13507 76 11533 1797 6 8 13 74 13431 1348 9 		 
201212192021 경상북도 성주군 20099 15737 94 13489 2039 7 8 15 85 15643 2230 10 		 
201212192030 경상북도 성주군 21912 17139 104 14698 2203 8 10 16 100 17035 1402 11 		 
201212192038 경상북도 성주군 24818 19448 115 16697 2494 8 11 17 106 19333 2309 12 		 
201212192039 경상북도 성주군 26552 20841 132 17895 2654 9 12 18 121 20709 1393 13 		 
201212192047 경상북도 성주군 29600 23234 144 19960 2957 9 12 21 131 23090 2393 14 		 
201212192049 경상북도 성주군 31349 24592 147 21107 3150 9 12 23 144 24445 1358 15 		 
201212192050 경상북도 성주군 32362 25412 150 21834 3234 9 12 25 148 25262 820 16 		 
201212192100 경상북도 성주군 34388 26979 156 23247 3374 9 12 25 156 26823 1567 17 		 
201212192106 경상북도 성주군 35902 28354 180 24232 3732 9 13 29 159 28174 1375 18 		 
201212192108 경상북도 성주군 36927 29190 186 24941 3839 11 13 32 168 29004 836 19 		 
201212192111 경상북도 성주군 39274 31019 193 26511 4077 12 13 36 177 30826 1829 20 		 
