Time AreaA AreaB Total TotalA Invalid VoteA VoteB VoteC VoteD VoteE VoteF TotalB Diff Count
201212191944 경상북도 포항시북구 1331 971 9 864 89 0 0 2 7 962 971 1 홍해읍제8투표구 		 
201212191952 경상북도 포항시북구 3399 2595 31 2308 228 1 1 5 21 2564 1624 2 홍해읍제4투표구 		 
201212191953 경상북도 포항시북구 5736 4481 36 3791 619 1 1 6 27 4445 1886 3 홍해읍제12투표구 		 
201212191955 경상북도 포항시북구 8190 6352 38 5261 1012 2 1 8 30 6314 1871 4 홍해읍제9투표구 		 
201212191957 경상북도 포항시북구 12316 9327 46 7780 1450 3 1 11 36 9281 2975 5 개봉제2동제2투표구 		 
201212192002 경상북도 포항시북구 15856 12124 53 9975 2032 6 1 18 39 12071 2797 6   		 
201212192004 경상북도 포항시북구 17564 13443 57 11033 2277 8 2 22 44 13386 1319 7   		 
201212192007 경상북도 포항시북구 19954 15287 59 12645 2501 9 3 22 48 15228 1844 8   		 
201212192008 경상북도 포항시북구 21923 16850 62 13924 2776 9 3 26 50 16788 1563 9   		 
201212192009 경상북도 포항시북구 23359 18024 62 14786 3084 9 6 27 50 17962 1174 10   		 
201212192010 경상북도 포항시북구 27842 21692 66 17440 4084 9 6 35 52 21626 3668 11   		 
201212192013 경상북도 포항시북구 31138 24291 72 19533 4579 9 6 36 56 24219 2599 12   		 
201212192014 경상북도 포항시북구 32675 25506 78 20615 4699 10 6 38 60 25428 1215 13   		 
201212192019 경상북도 포항시북구 35815 28115 84 22651 5262 10 6 39 63 28031 2609 14   		 
201212192020 경상북도 포항시북구 39247 30798 86 24835 5755 10 6 40 66 30712 2683 15   		 
201212192022 경상북도 포항시북구 43085 33710 93 27310 6180 10 6 42 69 33617 2912 16   		 
201212192024 경상북도 포항시북구 48766 38138 100 30839 7061 10 8 46 74 38038 4428 17   		 
201212192025 경상북도 포항시북구 49575 38808 105 31454 7105 11 8 46 79 38703 670 18   		 
201212192032 경상북도 포항시북구 53593 41929 109 34069 7599 12 9 47 84 41820 3121 19   		 
201212192037 경상북도 포항시북구 59902 46559 122 37643 8634 13 11 50 86 46437 4630 20   		 
201212192049 경상북도 포항시북구 63889 49712 130 39877 9538 14 13 53 87 49582 3153 21   		 
201212192052 경상북도 포항시북구 66108 51431 135 41263 9864 14 14 54 87 51296 1719 22   		 
201212192056 경상북도 포항시북구 70986 54753 145 44072 10360 14 14 57 91 54608 3322 23   		 
201212192058 경상북도 포항시북구 73554 56885 149 45727 10826 14 15 60 94 56736 2132 24   		 
201212192059 경상북도 포항시북구 76488 59168 152 47486 11344 14 15 61 96 59016 2283 25   		 
201212192100 경상북도 포항시북구 80644 62464 158 50031 12085 14 15 62 99 62306 3296 26   		 
201212192101 경상북도 포항시북구 84421 65558 160 52358 12842 14 15 67 102 65398 3094 27   		 
201212192104 경상북도 포항시북구 86993 67519 173 54011 13124 14 17 69 111 67346 1961 28   		 
201212192105 경상북도 포항시북구 90337 70256 176 56075 13790 15 17 72 111 70080 2737 29   		 
201212192107 경상북도 포항시북구 93852 73029 176 58241 14387 15 18 76 116 72853 2773 30   		 
201212192111 경상북도 포항시북구 96425 75041 191 60013 14592 15 22 77 131 74850 2012 31   		 
201212192113 경상북도 포항시북구 97947 76243 203 61087 14696 16 23 78 140 76040 1202 32   		 
201212192115 경상북도 포항시북구 102216 79657 206 63756 15431 17 23 81 143 79451 3414 33   		 
201212192116 경상북도 포항시북구 105708 82466 211 66025 15961 17 24 84 144 82255 2809 34   		 
201212192117 경상북도 포항시북구 106285 82930 223 66422 16011 17 24 84 149 82707 464 35   		 
201212192118 경상북도 포항시북구 108196 84290 226 67588 16196 18 24 85 153 84064 1360 36   		 
201212192119 경상북도 포항시북구 111426 86689 232 69613 16559 18 26 85 156 86457 2399 37   		 
201212192120 경상북도 포항시북구 112758 87758 241 70539 16678 20 26 89 165 87517 1069 38   		 
201212192122 경상북도 포항시북구 117637 91138 249 73362 17219 21 26 95 166 90889 3380 39   		 
201212192126 경상북도 포항시북구 118994 92196 255 74253 17375 23 28 96 166 91941 1058 40   		 
201212192129 경상북도 포항시북구 126271 98066 267 78542 18927 23 29 106 172 97799 5870 41   		 
201212192130 경상북도 포항시북구 126832 98519 270 78913 19003 23 29 109 172 98249 453 42   		 
201212192132 경상북도 포항시북구 132982 103308 280 82793 19890 24 30 114 177 103028 4789 43   		 
201212192133 경상북도 포항시북구 135738 105486 286 84626 20220 25 31 119 179 105200 2178 44   		 
201212192134 경상북도 포항시북구 136952 106380 287 85417 20321 25 31 119 180 106093 894 45   		 
201212192135 경상북도 포항시북구 140878 109654 295 87782 21217 26 31 123 180 109359 3274 46   		 
201212192138 경상북도 포항시북구 143670 111647 303 89370 21608 27 32 124 183 111344 1993 47   		 
201212192139 경상북도 포항시북구 145719 113161 308 90638 21843 30 32 126 184 112853 1514 48   		 
201212192145 경상북도 포항시북구 147714 114742 320 92040 21988 30 32 129 203 114422 1581 49   		 
201212192148 경상북도 포항시북구 154415 119808 329 96264 22810 32 34 131 208 119479 5066 50   		 
201212192152 경상북도 포항시북구 157492 122147 336 98305 23096 32 34 131 213 121811 2339 51   		 
201212192157 경상북도 포항시북구 160470 124566 340 100292 23521 32 34 131 216 124226 2419 52   		 
201212192159 경상북도 포항시북구 161174 125129 346 100780 23576 32 34 131 230 124783 563 53   		 
201212192200 경상북도 포항시북구 162166 125891 356 101425 23678 33 35 132 232 125535 762 54   		 
201212192201 경상북도 포항시북구 168567 130994 360 105591 24599 34 37 138 235 130634 5103 55   		 
201212192202 경상북도 포항시북구 170425 132288 364 106735 24743 35 37 139 235 131924 1294 56   		 
201212192204 경상북도 포항시북구 173908 134997 372 108760 25415 35 37 140 238 134625 2709 57   		 
201212192208 경상북도 포항시북구 176910 137283 376 110543 25908 36 38 143 239 136907 2286 58   		 
201212192209 경상북도 포항시북구 180200 139972 379 112601 26533 37 39 144 239 139593 2689 59   		 
201212192210 경상북도 포항시북구 181384 140929 388 113441 26622 37 41 146 254 140541 957 60   		 
201212192212 경상북도 포항시북구 184496 143430 401 115621 26903 40 42 149 274 143029 2501 61   		 
201212192217 경상북도 포항시북구 189879 147820 407 118712 28187 40 45 154 275 147413 4390 62   		 
201212192225 경상북도 포항시북구 193555 150847 410 120982 28936 40 46 157 276 150437 3027 63   		 
201212192235 경상북도 포항시북구 197401 154029 414 123440 29643 40 46 164 282 153615 3182 64   		 
201212192236 경상북도 포항시북구 202913 158298 418 126662 30683 41 46 165 283 157880 4269 65   		 
201212192340 경상북도 포항시북구 211828 166166 568 131547 33470 48 54 177 302 165598 7868 66   		 
