Time AreaA AreaB Total TotalA Invalid VoteA VoteB VoteC VoteD VoteE VoteF TotalB Diff Count
201212191931 경상북도 경주시 3270 2630 7 1860 753 1 2 2 5 2623 2630 1 		 
201212191932 경상북도 경주시 6315 5027 15 3730 1267 1 3 5 6 5012 2397 2 		 
201212191934 경상북도 경주시 9346 7441 23 5545 1850 1 3 7 12 7418 2414 3 		 
201212191935 경상북도 경주시 12723 10223 30 7488 2674 2 6 11 12 10193 2782 4 		 
201212191937 경상북도 경주시 15663 12439 36 9418 2944 3 6 14 18 12403 2216 5 		 
201212191939 경상북도 경주시 18730 14639 45 11036 3510 6 6 15 21 14594 2200 6 		 
201212191941 경상북도 경주시 21402 16732 51 12796 3831 7 6 17 24 16681 2093 7 		 
201212191942 경상북도 경주시 24766 19419 67 15056 4225 9 6 22 34 19352 2687 8 		 
201212191944 경상북도 경주시 28143 22176 77 17225 4792 9 8 26 39 22099 2757 9 		 
201212191945 경상북도 경주시 35050 27872 84 21417 6274 9 10 34 44 27788 5696 10 		 
201212191947 경상북도 경주시 37639 29939 88 23136 6611 10 10 36 48 29851 2067 11 		 
201212191950 경상북도 경주시 40994 32596 94 25195 7190 11 10 40 56 32502 2657 12 		 
201212191951 경상북도 경주시 42252 33598 96 26048 7331 11 11 40 61 33502 1002 13 		 
201212191953 경상북도 경주시 44243 35157 107 27339 7573 12 12 42 72 35050 1559 14 		 
201212191958 경상북도 경주시 46903 37090 109 28953 7886 12 12 45 73 36981 1933 15 		 
201212192001 경상북도 경주시 50174 39639 137 31134 8205 13 12 48 90 39502 2549 16 		 
201212192005 경상북도 경주시 54813 43084 144 33700 9064 14 14 55 93 42940 3445 17 		 
201212192006 경상북도 경주시 58320 45699 158 35761 9584 15 21 59 101 45541 2615 18 		 
201212192007 경상북도 경주시 59674 46747 165 36608 9774 15 21 60 104 46582 1048 19 		 
201212192009 경상북도 경주시 62322 48806 174 38377 10047 16 24 63 105 48632 2059 20 		 
201212192011 경상북도 경주시 63427 49608 177 39062 10159 16 24 64 106 49431 802 21 		 
201212192016 경상북도 경주시 65989 51627 186 40643 10577 16 25 68 112 51441 2019 22 		 
201212192018 경상북도 경주시 69031 54068 192 42513 11130 17 26 76 114 53876 2441 23 		 
201212192019 경상북도 경주시 74835 58706 206 46139 12107 17 27 84 126 58500 4638 24 		 
201212192023 경상북도 경주시 78474 61453 210 48442 12537 19 29 85 131 61243 2747 25 		 
201212192025 경상북도 경주시 80907 63272 213 49977 12813 19 30 87 133 63059 1819 26 		 
201212192026 경상북도 경주시 82699 64695 220 51160 13037 20 30 87 141 64475 1423 27 		 
201212192027 경상북도 경주시 87840 68577 248 54417 13607 21 33 91 160 68329 3882 28 		 
201212192028 경상북도 경주시 90752 70757 251 56212 13986 21 33 92 162 70506 2180 29 		 
201212192029 경상북도 경주시 94314 73734 260 58341 14816 21 35 97 164 73474 2977 30 		 
201212192030 경상북도 경주시 97045 75833 270 59712 15522 21 36 101 171 75563 2099 31 		 
201212192031 경상북도 경주시 100213 78287 277 61696 15976 22 37 102 177 78010 2454 32 		 
201212192033 경상북도 경주시 107560 84255 294 66118 17487 23 40 108 185 83961 5968 33 		 
201212192034 경상북도 경주시 109479 85737 299 67396 17681 24 40 109 188 85438 1482 34 		 
201212192037 경상북도 경주시 112868 88512 304 69446 18388 24 42 118 190 88208 2775 35 		 
201212192038 경상북도 경주시 118638 93178 320 73120 19343 27 47 120 201 92858 4666 36 		 
201212192039 경상북도 경주시 121986 95753 326 75277 19747 28 50 122 203 95427 2575 37 		 
201212192042 경상북도 경주시 124953 98056 339 77254 20055 28 51 124 205 97717 2303 38 		 
201212192045 경상북도 경주시 128610 100899 347 79412 20719 29 53 129 210 100552 2843 39 		 
201212192048 경상북도 경주시 132681 103978 364 81983 21206 29 53 131 212 103614 3079 40 		 
201212192052 경상북도 경주시 135136 105755 369 83332 21625 29 55 131 214 105386 1777 41 		 
201212192055 경상북도 경주시 140576 109841 383 86732 22283 31 56 134 222 109458 4086 42 		 
201212192057 경상북도 경주시 143816 112304 392 88766 22692 31 59 137 227 111912 2463 43 		 
201212192058 경상북도 경주시 147445 115174 408 91138 23161 32 61 143 231 114766 2870 44 		 
201212192059 경상북도 경주시 152692 119369 420 94546 23928 32 63 147 233 118949 4195 45 		 
201212192101 경상북도 경주시 156901 122742 425 97117 24716 32 65 152 235 122317 3373 46 		 
201212192102 경상북도 경주시 160614 125449 438 99436 25077 32 65 155 246 125011 2707 47 		 
201212192103 경상북도 경주시 162727 127019 450 100703 25356 32 67 158 253 126569 1570 48 		 
201212192106 경상북도 경주시 164467 128371 459 101824 25568 34 67 158 261 127912 1352 49 		 
201212192107 경상북도 경주시 166925 130282 469 103475 25806 34 67 161 270 129813 1911 50 		 
201212192108 경상북도 경주시 169287 132190 477 105085 26085 35 67 164 277 131713 1908 51 		 
201212192110 경상북도 경주시 171141 133613 489 106243 26329 35 67 165 285 133124 1423 52 		 
201212192111 경상북도 경주시 173767 135417 500 107810 26544 35 67 166 295 134917 1804 53 		 
201212192112 경상북도 경주시 176920 137808 508 109499 27224 38 71 168 300 137300 2391 54 		 
201212192114 경상북도 경주시 177876 138504 510 110104 27303 39 71 168 309 137994 696 55 		 
201212192118 경상북도 경주시 180487 140551 528 111778 27644 39 74 170 318 140023 2047 56 		 
201212192121 경상북도 경주시 187172 145965 551 115776 29011 39 79 180 329 145414 5414 57 		 
201212192123 경상북도 경주시 194457 151901 569 120136 30541 39 82 189 345 151332 5936 58 		 
201212192126 경상북도 경주시 198063 154643 579 122304 31095 39 83 193 350 154064 2742 59 		 
201212192132 경상북도 경주시 201728 157442 612 124695 31436 39 85 200 375 156830 2799 60 		 
201212192133 경상북도 경주시 204547 159647 634 126433 31851 41 86 206 396 159013 2205 61 		 
201212192134 경상북도 경주시 207481 161908 663 128338 32151 44 87 210 415 161245 2261 62 		 
201212192137 경상북도 경주시 214748 168542 783 132579 34357 59 99 230 435 167759 6634 63 		 
