Time AreaA AreaB Total TotalA Invalid VoteA VoteB VoteC VoteD VoteE VoteF TotalB Diff Count
201212191945 경상남도 창원시진해구 2158 1613 11 1168 428 2 0 2 2 1602 1613 1 		 
201212191951 경상남도 창원시진해구 4941 3692 20 2736 923 4 1 3 5 3672 2079 2 		 
201212191958 경상남도 창원시진해구 8672 6578 29 4818 1710 6 2 3 10 6549 2886 3 		 
201212192000 경상남도 창원시진해구 12412 9449 41 6871 2505 6 2 11 13 9408 2871 4 		 
201212192008 경상남도 창원시진해구 16497 12471 52 8992 3384 8 3 14 18 12419 3022 5 		 
201212192024 경상남도 창원시진해구 19591 14805 66 10680 4011 11 4 15 18 14739 2334 6 		 
201212192033 경상남도 창원시진해구 22888 17352 80 12351 4870 12 4 16 19 17272 2547 7 		 
201212192034 경상남도 창원시진해구 25994 19711 88 13904 5662 12 6 19 20 19623 2359 8 		 
201212192037 경상남도 창원시진해구 30575 23406 97 16228 7011 13 7 25 25 23309 3695 9 		 
201212192044 경상남도 창원시진해구 33440 25500 106 17652 7666 13 8 27 28 25394 2094 10 		 
201212192049 경상남도 창원시진해구 36261 27614 119 19148 8265 14 8 31 29 27495 2114 11 		 
201212192050 경상남도 창원시진해구 39620 30012 127 20748 9050 14 8 31 34 29885 2398 12 		 
201212192055 경상남도 창원시진해구 43375 32773 140 22834 9705 15 11 32 36 32633 2761 13 		 
201212192125 경상남도 창원시진해구 45879 34699 148 24191 10254 17 11 39 39 34551 1926 14 		 
201212192129 경상남도 창원시진해구 50953 38636 170 26625 11723 18 16 42 42 38466 3937 15 		 
201212192130 경상남도 창원시진해구 55067 41790 179 28133 13356 19 17 44 42 41611 3154 16 		 
201212192140 경상남도 창원시진해구 55067 41791 179 28133 13357 19 17 44 42 41612 1 17 		 
201212192150 경상남도 창원시진해구 62895 47887 204 32178 15360 22 20 50 53 47683 6096 18 		 
201212192154 경상남도 창원시진해구 66971 51374 219 34227 16778 22 21 54 53 51155 3487 19 		 
201212192202 경상남도 창원시진해구 70817 54435 225 36156 17900 22 21 57 54 54210 3061 20 		 
201212192205 경상남도 창원시진해구 75774 58309 229 38877 19034 23 21 65 60 58080 3874 21 		 
201212192223 경상남도 창원시진해구 76545 58824 232 39192 19227 24 22 67 60 58592 515 22 		 
201212192225 경상남도 창원시진해구 80144 61721 236 40920 20386 25 25 68 61 61485 2897 23 		 
201212192229 경상남도 창원시진해구 83510 64271 247 42590 21251 25 25 70 63 64024 2550 24 		 
201212192245 경상남도 창원시진해구 86743 66766 254 43914 22407 26 27 73 65 66512 2495 25 		 
201212192254 경상남도 창원시진해구 89886 69079 265 45333 23286 27 27 75 66 68814 2313 26 		 
201212192259 경상남도 창원시진해구 93143 71401 274 46746 24176 30 28 77 70 71127 2322 27 		 
201212192300 경상남도 창원시진해구 94318 72279 282 47435 24352 31 30 77 72 71997 878 28 		 
201212192307 경상남도 창원시진해구 98666 75772 289 49635 25622 35 32 79 80 75483 3493 29 		 
201212192326 경상남도 창원시진해구 105759 82358 394 53722 27942 49 50 98 103 81964 6586 30 		 
201212192327 경상남도 창원시진해구 111659 86933 407 56436 29785 49 52 101 103 86526 4575 31 		 
201212192329 경상남도 창원시진해구 116070 90513 411 58259 31531 50 53 106 103 90102 3580 32 		 
201212192346 경상남도 창원시진해구 120241 93591 425 60068 32777 54 54 107 106 93166 3078 33 		 
201212192351 경상남도 창원시진해구 124093 96828 437 62085 33978 54 56 110 108 96391 3237 34 		 
201212192352 경상남도 창원시진해구 128802 100628 448 64478 35364 55 56 113 114 100180 3800 35 		 
201212192359 경상남도 창원시진해구 131585 102709 472 66064 35822 57 57 118 119 102237 2081 36 		 
201212200017 경상남도 창원시진해구 138512 106830 496 68460 37511 60 57 122 124 106334 4121 37 		 
201212200043 경상남도 창원시진해구 138512 106833 496 68463 37511 60 57 122 124 106337 3 38 		 
201212200048 경상남도 창원시진해구 138512 106832 494 68464 37511 60 57 122 124 106338 -1 39 		 
