Time AreaA AreaB Total TotalA Invalid VoteA VoteB VoteC VoteD VoteE VoteF TotalB Diff Count
201212191923 경상남도 고성군 1423 1027 9 737 264 4 1 2 10 1018 1027 1 		 
201212191928 경상남도 고성군 2970 2214 25 1566 598 4 2 3 16 2189 1187 2 		 
201212191942 경상남도 고성군 6401 4738 51 3177 1466 7 4 5 28 4687 2524 3 		 
201212191956 경상남도 고성군 10589 7721 64 5182 2423 9 5 8 30 7657 2983 4 		 
201212192009 경상남도 고성군 12245 8958 97 6045 2742 14 7 9 44 8861 1237 5 		 
201212192013 경상남도 고성군 13204 9695 104 6556 2951 16 8 12 48 9591 737 6 		 
201212192023 경상남도 고성군 14623 10732 118 7341 3177 18 9 12 57 10614 1037 7 		 
201212192027 경상남도 고성군 16150 11889 133 8210 3429 20 10 15 72 11756 1157 8 		 
201212192035 경상남도 고성군 19146 13949 153 9717 3934 23 11 21 90 13796 2060 9 		 
201212192047 경상남도 고성군 24542 17981 165 12414 5245 27 13 24 93 17816 4032 10 		 
201212192049 경상남도 고성군 25440 18674 181 12906 5409 34 14 26 104 18493 693 11 		 
201212192054 경상남도 고성군 25824 18973 187 13123 5480 34 15 26 108 18786 299 12 		 
201212192055 경상남도 고성군 28095 20614 197 14299 5924 36 15 29 114 20417 1641 13 		 
201212192101 경상남도 고성군 29870 21853 215 15252 6179 39 15 30 123 21638 1239 14 		 
201212192108 경상남도 고성군 31271 22944 250 16046 6429 43 15 31 130 22694 1091 15 		 
201212192113 경상남도 고성군 32922 24463 295 16815 7122 47 18 32 134 24168 1519 16 		 
201212192116 경상남도 고성군 33629 25023 302 17231 7253 47 18 34 138 24721 560 17 		 
201212192119 경상남도 고성군 34640 25780 315 17743 7478 49 18 36 141 25465 757 18 		 
201212192131 경상남도 고성군 35113 26079 316 17937 7581 49 18 36 142 25763 299 19 		 
201212192135 경상남도 고성군 37368 27603 333 18990 8020 50 20 39 151 27270 1524 20 		 
201212192137 경상남도 고성군 38900 28691 346 19821 8251 52 22 41 158 28345 1088 21 		 
201212192140 경상남도 고성군 41348 30560 377 21224 8654 58 24 46 177 30183 1869 22 		 
201212192150 경상남도 고성군 43136 31860 394 22254 8877 64 25 51 195 31466 1300 23 		 
201212192151 경상남도 고성군 44819 33053 410 23116 9178 67 27 52 203 32643 1193 24 		 
201212192159 경상남도 고성군 48227 35555 439 25076 9673 70 27 53 217 35116 2502 25 		 
