Time AreaA AreaB Total TotalA Invalid VoteA VoteB VoteC VoteD VoteE VoteF TotalB Diff Count
201212191853 경상북도 고령군 293 190 3 137 50 0 0 0 0 187 190 1 		 
201212191859 경상북도 고령군 774 568 5 474 88 0 0 0 1 563 378 2 		 
201212191908 경상북도 고령군 2966 2271 7 1913 338 0 0 2 11 2264 1703 3 		 
201212191915 경상북도 고령군 5480 4228 16 3517 669 1 2 5 18 4212 1957 4 		 
201212191919 경상북도 고령군 6447 4981 19 4181 746 2 2 6 25 4962 753 5 		 
201212191920 경상북도 고령군 8137 6286 28 5295 911 4 3 8 37 6258 1305 6 		 
201212191922 경상북도 고령군 8697 6738 31 5687 965 4 3 8 40 6707 452 7 		 
201212191925 경상북도 고령군 9927 7711 36 6517 1095 4 3 9 47 7675 973 8 		 
201212191931 경상북도 고령군 11569 9028 40 7646 1264 5 4 12 57 8988 1317 9 		 
201212191935 경상북도 고령군 14251 10937 51 9238 1557 5 6 13 67 10886 1909 10 		 
201212191936 경상북도 고령군 15174 11683 59 9875 1649 6 8 13 73 11624 746 11 		 
201212191939 경상북도 고령군 15976 12342 60 10456 1718 6 8 14 80 12282 659 12 		 
201212191944 경상북도 고령군 16717 12955 66 10994 1782 6 8 14 85 12889 613 13 		 
201212191946 경상북도 고령군 17397 13482 73 11423 1870 6 8 14 88 13409 527 14 		 
201212191958 경상북도 고령군 18418 14298 84 12142 1941 7 8 15 101 14214 816 15 		 
201212192003 경상북도 고령군 18921 14695 87 12484 1986 8 8 15 107 14608 397 16 		 
201212192005 경상북도 고령군 19984 15547 94 13216 2087 9 9 17 115 15453 852 17 		 
201212192009 경상북도 고령군 21302 16574 101 14129 2178 9 9 18 130 16473 1027 18 		 
201212192011 경상북도 고령군 22614 17762 142 14960 2482 11 14 20 133 17620 1188 19 		 
201212192013 경상북도 고령군 23802 18698 151 15754 2607 11 14 24 137 18547 936 20 		 
201212192016 경상북도 고령군 26089 20475 154 17284 2839 12 15 30 141 20321 1777 21 		 
201212192036 경상북도 고령군 30320 23847 164 20030 3437 14 17 39 146 23683 3372 22 		 
