Time AreaA AreaB Total TotalA Invalid VoteA VoteB VoteC VoteD VoteE VoteF TotalB Diff Count
201212191859 경상북도 청송군 176 120 1 92 27 0 0 0 0 119 120 1 		 
201212191919 경상북도 청송군 1564 1181 6 970 195 0 0 2 8 1175 1061 2 		 
201212191932 경상북도 청송군 2551 1937 14 1606 289 2 1 2 23 1923 756 3 		 
201212191945 경상북도 청송군 3323 2553 16 2109 394 3 2 2 27 2537 616 4 		 
201212191948 경상북도 청송군 4058 3117 18 2592 461 4 2 3 37 3099 564 5 		 
201212191949 경상북도 청송군 4909 3800 20 3162 570 4 2 3 39 3780 683 6 		 
201212191952 경상북도 청송군 5464 4257 23 3563 620 4 2 4 41 4234 457 7 		 
201212192004 경상북도 청송군 6424 5014 27 4192 732 5 2 5 51 4987 757 8 		 
201212192014 경상북도 청송군 7387 5757 29 4776 880 6 2 5 59 5728 743 9 		 
201212192017 경상북도 청송군 8328 6598 55 5290 1167 10 3 6 67 6543 841 10 		 
201212192019 경상북도 청송군 10156 8046 65 6550 1336 11 4 7 73 7981 1448 11 		 
201212192021 경상북도 청송군 11786 9311 70 7606 1531 12 5 10 77 9241 1265 12 		 
201212192023 경상북도 청송군 13623 10690 76 8719 1778 13 5 10 89 10614 1379 13 		 
201212192030 경상북도 청송군 14273 11232 80 9153 1874 13 5 13 94 11152 542 14 		 
201212192033 경상북도 청송군 16215 12693 86 10389 2090 13 5 13 97 12607 1461 15 		 
201212192035 경상북도 청송군 18117 14150 94 11638 2277 13 5 15 108 14056 1457 16 		 
201212192038 경상북도 청송군 19533 15258 100 12509 2500 13 5 18 113 15158 1108 17 		 
201212192040 경상북도 청송군 20200 15797 103 12961 2578 14 6 18 117 15694 539 18 		 
201212192047 경상북도 청송군 21182 16549 111 13594 2675 14 8 18 129 16438 752 19 		 
201212192049 경상북도 청송군 22319 17419 114 14322 2804 14 8 19 138 17305 870 20 		 
201212192054 경상북도 청송군 23445 18310 121 15054 2946 16 8 19 146 18189 891 21 		 
