Time AreaA AreaB Total TotalA Invalid VoteA VoteB VoteC VoteD VoteE VoteF TotalB Diff Count
201212191916 경상남도 밀양시 562 354 4 194 155 1 0 0 0 350 354 1 		 
201212191956 경상남도 밀양시 2513 1832 15 1160 647 1 2 4 3 1817 1478 2 		 
201212192016 경상남도 밀양시 3318 2458 24 1591 821 4 2 7 9 2434 626 3 		 
201212192024 경상남도 밀양시 6716 4911 27 3244 1612 4 3 8 13 4884 2453 4 		 
201212192026 경상남도 밀양시 9866 7278 36 4888 2308 8 4 10 24 7242 2367 5 		 
201212192027 경상남도 밀양시 13618 10001 55 6743 3148 11 4 12 28 9946 2723 6 		 
201212192037 경상남도 밀양시 14269 10498 56 7145 3239 11 4 12 31 10442 497 7 		 
201212192043 경상남도 밀양시 16438 12074 63 8264 3686 11 4 12 34 12011 1576 8 		 
201212192050 경상남도 밀양시 19595 14371 77 9930 4282 13 6 16 47 14294 2297 9 		 
201212192051 경상남도 밀양시 23024 16961 83 11641 5147 16 7 18 49 16878 2590 10 		 
201212192100 경상남도 밀양시 25555 18890 107 13011 5668 17 8 21 58 18783 1929 11 		 
201212192104 경상남도 밀양시 27271 20187 118 13938 6018 18 9 22 64 20069 1297 12 		 
201212192113 경상남도 밀양시 28929 21433 142 14829 6336 21 9 25 71 21291 1246 13 		 
201212192116 경상남도 밀양시 31758 23617 151 16319 7014 21 9 28 75 23466 2184 14 		 
201212192139 경상남도 밀양시 33380 24896 170 17203 7381 24 9 32 77 24726 1279 15 		 
201212192142 경상남도 밀양시 35650 26464 187 18278 7851 25 10 34 79 26277 1568 16 		 
201212192159 경상남도 밀양시 36949 27423 199 18956 8114 25 11 34 84 27224 959 17 		 
201212192205 경상남도 밀양시 39791 29541 207 20469 8704 26 11 38 86 29334 2118 18 		 
201212192207 경상남도 밀양시 42097 31135 226 21575 9164 27 12 40 91 30909 1594 19 		 
201212192219 경상남도 밀양시 44270 32791 257 22830 9514 31 13 44 102 32534 1656 20 		 
201212192225 경상남도 밀양시 45506 33751 270 23539 9744 33 13 46 106 33481 960 21 		 
201212192229 경상남도 밀양시 50411 37692 283 25955 11242 33 14 54 111 37409 3941 22 		 
201212192233 경상남도 밀양시 51732 38665 295 26673 11473 34 16 55 119 38370 973 23 		 
201212192240 경상남도 밀양시 53985 40403 314 27939 11910 36 17 56 131 40089 1738 24 		 
201212192241 경상남도 밀양시 57194 43333 377 29375 13290 45 31 67 148 42956 2930 25 		 
201212192244 경상남도 밀양시 59216 44874 390 30529 13655 45 32 67 156 44484 1541 26 		 
201212192248 경상남도 밀양시 60336 45733 399 31132 13897 47 32 68 158 45334 859 27 		 
201212192253 경상남도 밀양시 63561 48167 438 32918 14480 49 34 71 177 47729 2434 28 		 
201212192257 경상남도 밀양시 65471 49622 456 33913 14907 51 34 72 189 49166 1455 29 		 
201212192312 경상남도 밀양시 66399 50320 474 34421 15073 51 34 72 195 49846 698 30 		 
201212192314 경상남도 밀양시 69800 52958 487 36073 16040 53 35 73 197 52471 2638 31 		 
201212192318 경상남도 밀양시 71611 54246 501 36987 16392 54 36 73 203 53745 1288 32 		 
201212192320 경상남도 밀양시 73123 55404 526 37778 16724 56 37 74 209 54878 1158 33 		 
201212192322 경상남도 밀양시 74802 56723 549 38739 17047 58 39 76 215 56174 1319 34 		 
201212192323 경상남도 밀양시 77456 58589 556 40169 17470 58 39 78 219 58033 1866 35 		 
201212192324 경상남도 밀양시 78855 59686 565 40949 17769 60 39 82 222 59121 1097 36 		 
201212192332 경상남도 밀양시 81645 61809 594 42477 18321 68 39 85 225 61215 2123 37 		 
201212192343 경상남도 밀양시 84765 64335 601 44099 19212 71 40 85 227 63734 2526 38 		 
201212192344 경상남도 밀양시 86170 65387 614 44886 19458 72 41 85 231 64773 1052 39 		 
201212192350 경상남도 밀양시 88840 67436 652 46424 19915 75 42 89 239 66784 2049 40 		 
201212192352 경상남도 밀양시 91440 69417 664 47709 20591 76 42 92 243 68753 1981 41 		 
