Time AreaA AreaB Total TotalA Invalid VoteA VoteB VoteC VoteD VoteE VoteF TotalB Diff Count
201212191917 경상남도 합천군 501 331 3 210 113 2 1 0 2 328 331 1 		 
201212191943 경상남도 합천군 2052 1481 40 1088 318 6 3 2 24 1441 1150 2 		 
201212191952 경상남도 합천군 5613 4235 51 3178 948 9 3 5 41 4184 2754 3 		 
201212191958 경상남도 합천군 7097 5376 74 4063 1153 10 4 7 65 5302 1141 4 		 
201212192000 경상남도 합천군 9690 7328 94 5484 1648 13 4 12 73 7234 1952 5 		 
201212192008 경상남도 합천군 11520 8683 112 6492 1959 15 6 15 84 8571 1355 6 		 
201212192012 경상남도 합천군 14118 10691 119 7924 2524 16 7 16 85 10572 2008 7 		 
201212192016 경상남도 합천군 14956 11358 133 8475 2613 16 8 19 94 11225 667 8 		 
201212192019 경상남도 합천군 16859 12790 160 9597 2870 17 9 19 118 12630 1432 9 		 
201212192025 경상남도 합천군 18320 13830 187 10434 3016 21 9 21 142 13643 1040 10 		 
201212192033 경상남도 합천군 19986 15101 212 11457 3213 25 10 25 159 14889 1271 11 		 
201212192038 경상남도 합천군 20518 15512 217 11796 3274 26 11 25 163 15295 411 12 		 
201212192039 경상남도 합천군 22034 16680 243 12651 3533 32 11 29 181 16437 1168 13 		 
201212192045 경상남도 합천군 24244 18392 288 13982 3845 34 11 33 199 18104 1712 14 		 
201212192048 경상남도 합천군 25091 19078 301 14543 3945 36 11 34 208 18777 686 15 		 
201212192051 경상남도 합천군 25954 19637 308 14927 4111 37 11 34 209 19329 559 16 		 
201212192059 경상남도 합천군 27110 20489 340 15577 4259 40 11 35 227 20149 852 17 		 
201212192103 경상남도 합천군 29059 21957 352 16692 4591 40 11 35 236 21605 1468 18 		 
201212192123 경상남도 합천군 29612 22366 363 17034 4642 41 11 35 240 22003 409 19 		 
201212192124 경상남도 합천군 33996 25683 425 19594 5266 47 13 46 292 25258 3317 20 		 
201212192125 경상남도 합천군 36470 27530 454 21046 5612 50 13 48 307 27076 1847 21 		 
201212192141 경상남도 합천군 37985 28691 469 21936 5848 52 14 49 323 28222 1161 22 		 
201212192142 경상남도 합천군 39941 30490 527 22993 6513 57 17 55 328 29963 1799 23 		 
201212192148 경상남도 합천군 40420 30875 542 23299 6569 57 17 57 334 30333 385 24 		 
201212192151 경상남도 합천군 42178 32214 579 24252 6888 64 19 61 351 31635 1339 25 		 
201212192155 경상남도 합천군 43981 33586 623 25313 7114 70 20 64 382 32963 1372 26 		 
