Time AreaA AreaB Total TotalA Invalid VoteA VoteB VoteC VoteD VoteE VoteF TotalB Diff Count
201212191851 경상북도 칠곡군 327 230 4 137 88 0 0 0 1 226 230 1 		 
201212191913 경상북도 칠곡군 891 689 8 525 151 0 0 0 5 681 459 2 		 
201212191919 경상북도 칠곡군 1609 1253 11 1010 224 1 0 0 7 1242 564 3 		 
201212191927 경상북도 칠곡군 2580 1992 16 1680 284 2 0 1 9 1976 739 4 		 
201212191931 경상북도 칠곡군 4692 3651 21 3036 575 2 1 5 11 3630 1659 5 		 
201212191940 경상북도 칠곡군 8271 6413 32 5287 1066 2 3 7 16 6381 2762 6 		 
201212191942 경상북도 칠곡군 11337 8772 43 7342 1338 3 3 10 33 8729 2359 7 		 
201212191946 경상북도 칠곡군 15001 11432 53 9568 1754 3 3 12 39 11379 2660 8 		 
201212191950 경상북도 칠곡군 17739 13558 58 11353 2082 4 3 16 42 13500 2126 9 		 
201212191954 경상북도 칠곡군 20022 15226 65 12754 2335 4 4 18 46 15161 1668 10 		 
201212191957 경상북도 칠곡군 21677 16515 70 13900 2464 4 4 19 54 16445 1289 11 		 
201212192000 경상북도 칠곡군 23123 17491 77 14737 2589 5 4 19 60 17414 976 12 		 
201212192009 경상북도 칠곡군 25486 19376 87 16323 2873 5 4 19 65 19289 1885 13 		 
201212192011 경상북도 칠곡군 30122 23104 102 19309 3589 6 6 21 71 23002 3728 14 		 
201212192013 경상북도 칠곡군 32408 24802 104 20705 3883 6 6 24 74 24698 1698 15 		 
201212192018 경상북도 칠곡군 35342 27011 106 22526 4265 6 6 28 74 26905 2209 16 		 
201212192022 경상북도 칠곡군 39564 30484 117 25406 4837 7 6 32 79 30367 3473 17 		 
201212192024 경상북도 칠곡군 40923 31581 119 26395 4940 7 6 32 82 31462 1097 18 		 
201212192026 경상북도 칠곡군 44048 33971 126 28399 5312 8 8 33 85 33845 2390 19 		 
201212192027 경상북도 칠곡군 47044 36387 133 30559 5554 8 10 33 90 36254 2416 20 		 
201212192030 경상북도 칠곡군 50622 38374 138 32019 6074 8 10 33 92 38236 1987 21 		 
201212192057 경상북도 칠곡군 52691 39971 143 33413 6258 8 10 35 104 39828 1597 22 		 
201212192058 경상북도 칠곡군 54604 41473 148 34772 6387 8 10 37 111 41325 1502 23 		 
201212192104 경상북도 칠곡군 57701 44028 153 36780 6924 8 11 40 112 43875 2555 24 		 
201212192105 경상북도 칠곡군 60117 46016 157 38129 7555 8 11 42 114 45859 1988 25 		 
201212192135 경상북도 칠곡군 61556 47176 163 39142 7694 8 11 42 116 47013 1160 26 		 
201212192137 경상북도 칠곡군 64634 49574 166 41238 7987 8 11 45 119 49408 2398 27 		 
201212192139 경상북도 칠곡군 68884 52906 168 43539 9007 8 13 49 122 52738 3332 28 		 
201212192144 경상북도 칠곡군 69296 53212 168 43809 9040 8 13 49 125 53044 306 29 		 
201212192145 경상북도 칠곡군 71757 55450 211 45354 9671 11 18 52 133 55239 2238 30 		 
201212192146 경상북도 칠곡군 73743 56973 221 46680 9850 12 18 54 138 56752 1523 31 		 
201212192153 경상북도 칠곡군 75688 58473 230 47979 10031 12 18 57 146 58243 1500 32 		 
201212192156 경상북도 칠곡군 80458 61949 243 50862 10603 13 18 61 149 61706 3476 33 		 
201212192158 경상북도 칠곡군 83661 64260 247 52756 11014 13 18 61 151 64013 2311 34 		 
201212192200 경상북도 칠곡군 93349 71571 257 57485 13560 14 29 68 158 71314 7311 35 		 
