Time AreaA AreaB Total TotalA Invalid VoteA VoteB VoteC VoteD VoteE VoteF TotalB Diff Count
201212191840 경상북도 안동시 1166 895 2 767 123 0 0 2 1 893 895 1 		 
201212191848 경상북도 안동시 2446 1836 5 1546 275 0 1 4 5 1831 941 2 		 
201212191902 경상북도 안동시 3294 2523 11 2096 398 1 1 7 9 2512 687 3 		 
201212191905 경상북도 안동시 5338 4014 15 3371 602 2 2 7 15 3999 1491 4 		 
201212191909 경상북도 안동시 6929 5237 17 4383 809 2 2 7 17 5220 1223 5 		 
201212191912 경상북도 안동시 9426 7131 24 5992 1082 3 2 8 20 7107 1894 6 		 
201212191916 경상북도 안동시 11013 8403 28 7016 1322 3 2 9 23 8375 1272 7 		 
201212191918 경상북도 안동시 13122 10042 31 8454 1513 3 2 10 29 10011 1639 8 		 
201212191920 경상북도 안동시 15185 11698 36 9644 1971 3 2 10 32 11662 1656 9 		 
201212191925 경상북도 안동시 19886 15475 40 12645 2726 4 3 18 39 15435 3777 10 		 
201212191927 경상북도 안동시 22740 17793 48 14322 3354 4 6 18 41 17745 2318 11 		 
201212191930 경상북도 안동시 25303 19894 49 15847 3925 4 7 18 44 19845 2101 12 		 
201212191931 경상북도 안동시 26548 20845 51 16606 4107 4 7 18 52 20794 951 13 		 
201212191933 경상북도 안동시 27836 21814 58 17379 4289 4 7 19 58 21756 969 14 		 
201212191934 경상북도 안동시 30011 23521 65 18706 4657 5 7 21 60 23456 1707 15 		 
201212191936 경상북도 안동시 33832 26417 69 21116 5115 6 7 26 78 26348 2896 16 		 
201212191937 경상북도 안동시 36506 28692 72 22634 5867 6 7 28 78 28620 2275 17 		 
201212191939 경상북도 안동시 38247 30045 77 23767 6076 6 7 30 82 29968 1353 18 		 
201212191941 경상북도 안동시 40172 31541 80 24994 6335 7 8 32 85 31461 1496 19 		 
201212191942 경상북도 안동시 40674 31879 83 25185 6476 8 9 33 85 31796 338 20 		 
201212191943 경상북도 안동시 42591 33314 89 26324 6756 9 9 35 92 33225 1435 21 		 
201212191944 경상북도 안동시 44372 34588 95 27356 6983 9 9 36 100 34493 1274 22 		 
201212191945 경상북도 안동시 47534 37186 99 29276 7646 9 10 40 106 37087 2598 23 		 
201212191948 경상북도 안동시 49389 38652 109 30558 7797 11 10 41 126 38543 1466 24 		 
201212191949 경상북도 안동시 50584 39603 115 31403 7886 11 11 42 135 39488 951 25 		 
201212191951 경상북도 안동시 52300 40836 128 32446 8054 12 11 43 142 40708 1233 26 		 
201212191952 경상북도 안동시 53878 42049 134 33474 8227 12 11 45 146 41915 1213 27 		 
201212192002 경상북도 안동시 55949 43669 137 34775 8537 12 11 47 150 43532 1620 28 		 
201212192004 경상북도 안동시 57833 45070 141 35906 8794 14 12 50 153 44929 1401 29 		 
201212192005 경상북도 안동시 58265 45414 143 36208 8827 14 12 51 159 45271 344 30 		 
201212192006 경상북도 안동시 60591 47230 150 37687 9156 14 12 52 159 47080 1816 31 		 
201212192009 경상북도 안동시 62205 48468 151 38666 9408 14 12 53 164 48317 1238 32 		 
201212192010 경상북도 안동시 64716 50430 168 40320 9670 18 15 56 183 50262 1962 33 		 
201212192011 경상북도 안동시 66476 51786 173 41357 9979 18 16 58 185 51613 1356 34 		 
201212192012 경상북도 안동시 68154 53084 181 42363 10258 18 17 61 186 52903 1298 35 		 
201212192014 경상북도 안동시 68658 53485 182 42722 10290 19 17 61 194 53303 401 36 		 
201212192015 경상북도 안동시 69989 54520 195 43614 10413 20 17 61 200 54325 1035 37 		 
201212192021 경상북도 안동시 72791 56786 201 45245 11032 21 19 66 202 56585 2266 38 		 
201212192023 경상북도 안동시 74070 57763 212 46050 11183 21 20 66 211 57551 977 39 		 
201212192024 경상북도 안동시 78738 61347 227 49016 11763 23 23 71 224 61120 3584 40 		 
201212192025 경상북도 안동시 79924 62280 232 49794 11904 23 23 72 232 62048 933 41 		 
201212192026 경상북도 안동시 83077 64693 234 51610 12494 23 23 74 235 64459 2413 42 		 
201212192028 경상북도 안동시 84586 65926 234 52580 12751 23 25 75 238 65692 1233 43 		 
201212192034 경상북도 안동시 86909 67787 236 54014 13166 24 25 78 244 67551 1861 44 		 
201212192035 경상북도 안동시 89051 69363 245 55344 13393 24 26 80 251 69118 1576 45 		 
201212192036 경상북도 안동시 90218 70269 249 56085 13541 24 26 83 261 70020 906 46 		 
201212192039 경상북도 안동시 92365 71961 254 57463 13841 26 27 85 265 71707 1692 47 		 
201212192040 경상북도 안동시 94672 73814 262 58826 14319 27 27 85 268 73552 1853 48 		 
201212192042 경상북도 안동시 95274 74278 263 59214 14388 27 28 85 273 74015 464 49 		 
201212192047 경상북도 안동시 96761 75449 274 60209 14534 27 29 92 284 75175 1171 50 		 
201212192048 경상북도 안동시 99434 77557 283 61843 14994 28 29 93 287 77274 2108 51 		 
201212192049 경상북도 안동시 101740 79358 288 63282 15344 28 29 97 290 79070 1801 52 		 
201212192051 경상북도 안동시 102900 80218 295 63972 15504 28 29 97 293 79923 860 53 		 
201212192052 경상북도 안동시 105458 82338 301 65622 15961 30 30 100 294 82037 2120 54 		 
201212192058 경상북도 안동시 107119 83723 306 66556 16400 30 31 102 298 83417 1385 55 		 
201212192059 경상북도 안동시 108491 84822 314 67520 16519 30 31 102 306 84508 1099 56 		 
201212192100 경상북도 안동시 109098 85311 317 67938 16577 30 33 103 313 84994 489 57 		 
201212192101 경상북도 안동시 111050 86883 320 69089 16989 31 34 104 316 86563 1572 58 		 
201212192103 경상북도 안동시 113777 88913 334 70835 17239 31 34 106 334 88579 2030 59 		 
201212192105 경상북도 안동시 115456 90156 339 71869 17437 31 36 110 334 89817 1243 60 		 
201212192107 경상북도 안동시 117324 91588 356 73074 17617 31 37 114 359 91232 1432 61 		 
201212192108 경상북도 안동시 119244 93020 366 74283 17811 31 37 117 375 92654 1432 62 		 
201212192109 경상북도 안동시 119804 93438 371 74641 17856 32 37 117 384 93067 418 63 		 
201212192110 경상북도 안동시 122376 95445 374 76262 18233 32 38 119 387 95071 2007 64 		 
201212192111 경상북도 안동시 123755 96510 383 77162 18376 33 38 121 397 96127 1065 65 		 
201212192117 경상북도 안동시 125643 97927 392 78342 18584 34 39 123 413 97535 1417 66 		 
201212192119 경상북도 안동시 127794 99635 396 79623 19001 35 39 125 416 99239 1708 67 		 
201212192120 경상북도 안동시 128810 100389 400 80258 19100 37 39 129 426 99989 754 68 		 
201212192121 경상북도 안동시 130796 101917 416 81558 19294 39 39 134 437 101501 1528 69 		 
201212192208 경상북도 안동시 136671 107233 642 84799 21028 67 55 156 486 106591 5316 70 		 
