Time AreaA AreaB Total TotalA Invalid VoteA VoteB VoteC VoteD VoteE VoteF TotalB Diff Count
201212191943 경상남도 창원시마산합포구 507 407 2 316 86 1 0 1 1 405 407 1 		 
201212191958 경상남도 창원시마산합포구 2984 2294 28 1798 450 3 0 2 13 2266 1887 2 		 
201212192019 경상남도 창원시마산합포구 6337 5092 37 3589 1440 4 0 6 16 5055 2798 3 		 
201212192025 경상남도 창원시마산합포구 8127 6443 49 4579 1780 5 1 6 23 6394 1351 4 		 
201212192027 경상남도 창원시마산합포구 10857 8450 75 6135 2187 6 2 6 39 8375 2007 5 		 
201212192031 경상남도 창원시마산합포구 14463 11066 85 8168 2755 6 2 10 40 10981 2616 6 		 
201212192034 경상남도 창원시마산합포구 17902 13898 89 9903 3845 6 3 12 40 13809 2832 7 		 
201212192040 경상남도 창원시마산합포구 21249 16522 96 11736 4621 8 4 15 42 16426 2624 8 		 
201212192042 경상남도 창원시마산합포구 22391 17418 102 12418 4824 9 7 15 43 17316 896 9 		 
201212192046 경상남도 창원시마산합포구 24738 19376 106 13779 5409 9 8 19 46 19270 1958 10 		 
201212192100 경상남도 창원시마산합포구 28558 22222 118 15793 6219 10 9 23 50 22104 2846 11 		 
201212192112 경상남도 창원시마산합포구 31875 24751 142 17577 6925 12 10 27 58 24609 2529 12 		 
201212192114 경상남도 창원시마산합포구 35903 27738 166 19812 7641 15 12 30 62 27572 2987 13 		 
201212192116 경상남도 창원시마산합포구 39091 30183 178 21563 8316 15 12 34 65 30005 2445 14 		 
201212192136 경상남도 창원시마산합포구 42157 32477 185 23229 8932 16 12 36 67 32292 2294 15 		 
201212192140 경상남도 창원시마산합포구 46229 35723 195 25507 9882 16 15 40 68 35528 3246 16 		 
201212192200 경상남도 창원시마산합포구 50398 38936 214 27650 10921 18 15 45 73 38722 3213 17 		 
201212192202 경상남도 창원시마산합포구 54136 41915 224 29520 12012 19 16 47 77 41691 2979 18 		 
201212192207 경상남도 창원시마산합포구 56498 43707 234 30881 12424 19 16 49 84 43473 1792 19 		 
201212192208 경상남도 창원시마산합포구 59066 45629 251 32307 12888 21 16 50 96 45378 1922 20 		 
201212192210 경상남도 창원시마산합포구 59993 46316 257 32852 13020 22 16 50 99 46059 687 21 		 
201212192223 경상남도 창원시마산합포구 61337 47359 266 33660 13240 22 16 52 103 47093 1043 22 		 
201212192225 경상남도 창원시마산합포구 64539 49950 275 35495 13978 23 16 54 109 49675 2591 23 		 
201212192233 경상남도 창원시마산합포구 65862 50968 276 36251 14234 24 17 54 112 50692 1018 24 		 
201212192243 경상남도 창원시마산합포구 69057 53278 286 38018 14755 26 17 56 120 52992 2310 25 		 
201212192245 경상남도 창원시마산합포구 74052 57297 300 40684 16083 29 18 61 122 56997 4019 26 		 
201212192249 경상남도 창원시마산합포구 75515 58417 330 41556 16282 30 19 62 138 58087 1120 27 		 
201212192251 경상남도 창원시마산합포구 80156 62759 418 43803 18227 40 30 74 167 62341 4342 28 		 
201212192252 경상남도 창원시마산합포구 82395 64497 428 45095 18656 41 30 76 171 64069 1738 29 		 
201212192301 경상남도 창원시마산합포구 84224 65767 434 46071 18941 42 30 76 173 65333 1270 30 		 
201212192302 경상남도 창원시마산합포구 86983 67758 444 47371 19618 42 30 78 175 67314 1991 31 		 
201212192303 경상남도 창원시마산합포구 89705 69617 451 48729 20108 42 30 80 177 69166 1859 32 		 
201212192306 경상남도 창원시마산합포구 92893 72109 460 50471 20840 45 32 84 177 71649 2492 33 		 
201212192324 경상남도 창원시마산합포구 96009 74401 463 52082 21512 46 32 85 181 73938 2292 34 		 
201212192325 경상남도 창원시마산합포구 98523 76215 471 53420 21975 46 32 86 185 75744 1814 35 		 
201212192330 경상남도 창원시마산합포구 102140 78981 481 55389 22749 47 35 89 191 78500 2766 36 		 
201212192349 경상남도 창원시마산합포구 105385 81291 491 57172 23259 47 36 92 194 80800 2310 37 		 
201212192357 경상남도 창원시마산합포구 109212 84402 502 59311 24214 48 38 93 196 83900 3111 38 		 
201212192358 경상남도 창원시마산합포구 112317 86857 516 61055 24898 51 41 95 201 86341 2455 39 		 
201212200000 경상남도 창원시마산합포구 115619 89477 527 62776 25781 52 41 98 202 88950 2620 40 		 
201212200002 경상남도 창원시마산합포구 116524 90085 531 63109 26046 54 41 101 203 89554 608 41 		 
201212200003 경상남도 창원시마산합포구 119718 92554 543 64848 26751 58 43 105 206 92011 2469 42 		 
201212200012 경상남도 창원시마산합포구 122399 94461 550 66186 27309 58 43 109 206 93911 1907 43 		 
201212200016 경상남도 창원시마산합포구 126057 97339 558 68031 28327 59 43 113 208 96781 2878 44 		 
201212200025 경상남도 창원시마산합포구 129871 100406 570 70098 29302 63 43 120 210 99836 3067 45 		 
201212200026 경상남도 창원시마산합포구 132609 102670 577 71636 30018 63 43 123 210 102093 2264 46 		 
201212200029 경상남도 창원시마산합포구 136419 105783 585 73860 30893 64 44 124 213 105198 3113 47 		 
201212200034 경상남도 창원시마산합포구 139303 108217 591 75419 31753 66 44 129 215 107626 2434 48 		 
201212200036 경상남도 창원시마산합포구 141550 109814 598 76620 32136 66 46 132 216 109216 1597 49 		 
201212200041 경상남도 창원시마산합포구 145119 112596 603 78549 32972 67 49 138 218 111993 2782 50 		 
201212200048 경상남도 창원시마산합포구 147897 114822 610 80075 33656 69 51 142 219 114212 2226 51 		 
201212200051 경상남도 창원시마산합포구 150914 117030 615 81670 34261 71 51 143 219 116415 2208 52 		 
201212200052 경상남도 창원시마산합포구 153218 118829 628 82970 34740 72 51 144 224 118201 1799 53 		 
