Time AreaA AreaB Total TotalA Invalid VoteA VoteB VoteC VoteD VoteE VoteF TotalB Diff Count
201212191934 경상북도 구미시 923 613 5 378 229 0 0 1 0 608 613 1 		 
201212191953 경상북도 구미시 3136 2381 8 1890 479 1 0 1 2 2373 1768 2 		 
201212192007 경상북도 구미시 5006 3776 13 3045 708 1 0 4 5 3763 1395 3 		 
201212192033 경상북도 구미시 8046 6341 19 5128 1180 1 0 7 6 6322 2565 4 		 
201212192058 경상북도 구미시 10597 8453 23 6820 1592 1 1 9 7 8430 2112 5 		 
201212192101 경상북도 구미시 13395 10753 24 8703 2004 1 3 9 9 10729 2300 6 		 
201212192103 경상북도 구미시 14544 11627 26 9473 2103 1 4 9 11 11601 874 7 		 
201212192109 경상북도 구미시 17023 13635 35 11296 2268 2 4 10 20 13600 2008 8 		 
201212192111 경상북도 구미시 22636 17591 40 14794 2712 5 6 12 22 17551 3956 9 		 
201212192113 경상북도 구미시 25800 20103 47 16882 3127 5 7 13 22 20056 2512 10 		 
201212192115 경상북도 구미시 28094 21815 50 18444 3274 5 7 13 22 21765 1712 11 		 
201212192117 경상북도 구미시 31278 24417 54 20612 3696 7 7 18 23 24363 2602 12 		 
201212192120 경상북도 구미시 34262 26825 59 22671 4040 7 7 18 23 26766 2408 13 		 
201212192124 경상북도 구미시 36927 28879 65 24438 4315 7 8 18 28 28814 2054 14 		 
201212192127 경상북도 구미시 43646 34456 72 28873 5442 7 8 21 33 34384 5577 15 		 
201212192129 경상북도 구미시 47226 37271 75 31230 5892 8 8 21 37 37196 2815 16 		 
201212192132 경상북도 구미시 50215 39662 77 33209 6297 8 9 22 40 39585 2391 17 		 
201212192134 경상북도 구미시 52980 41925 80 35057 6707 8 10 23 40 41845 2263 18 		 
201212192135 경상북도 구미시 54748 43313 80 36281 6867 8 10 24 43 43233 1388 19 		 
201212192139 경상북도 구미시 59823 47346 91 39744 7417 9 11 27 47 47255 4033 20 		 
201212192143 경상북도 구미시 66165 52766 97 44009 8555 9 12 31 53 52669 5420 21 		 
201212192152 경상북도 구미시 71075 55611 99 46147 9251 9 15 34 56 55512 2845 22 		 
201212192200 경상북도 구미시 73139 57269 100 47443 9608 9 15 35 59 57169 1658 23 		 
201212192201 경상북도 구미시 77383 60744 107 50360 10150 11 15 38 63 60637 3475 24 		 
201212192205 경상북도 구미시 81537 63909 110 52469 11190 11 15 45 69 63799 3165 25 		 
201212192206 경상북도 구미시 87933 68822 119 56484 12070 11 17 48 73 68703 4913 26 		 
201212192208 경상북도 구미시 95011 74504 144 61119 13075 11 20 51 84 74360 5682 27 		 
201212192218 경상북도 구미시 99100 76946 147 62951 13679 11 22 52 84 76799 2442 28 		 
201212192219 경상북도 구미시 102395 79674 152 65252 14096 11 24 54 85 79522 2728 29 		 
201212192220 경상북도 구미시 106520 82607 155 67553 14718 11 25 55 90 82452 2933 30 		 
201212192222 경상북도 구미시 109597 85005 160 69383 15278 11 26 55 92 84845 2398 31 		 
201212192223 경상북도 구미시 112393 87473 164 71396 15726 11 27 56 93 87309 2468 32 		 
201212192225 경상북도 구미시 115880 90335 169 73740 16235 13 27 56 95 90166 2862 33 		 
201212192244 경상북도 구미시 119306 92770 174 75739 16664 13 27 56 97 92596 2435 34 		 
201212192250 경상북도 구미시 121062 94183 190 77013 16766 14 28 57 115 93993 1413 35 		 
201212192253 경상북도 구미시 124079 96565 197 79000 17151 14 29 57 117 96368 2382 36 		 
201212192329 경상북도 구미시 127166 99006 220 81183 17366 15 31 59 132 98786 2441 37 		 
201212192335 경상북도 구미시 136949 107937 313 87454 19881 19 41 73 156 107624 8931 38 		 
201212192336 경상북도 구미시 141783 111748 316 90504 20633 19 43 76 157 111432 3811 39 		 
201212192348 경상북도 구미시 144814 114176 324 92612 20936 21 43 80 160 113852 2428 40 		 
201212192351 경상북도 구미시 148895 117580 329 95396 21549 21 44 80 161 117251 3404 41 		 
201212192353 경상북도 구미시 152078 120183 335 97613 21922 21 45 82 165 119848 2603 42 		 
201212192355 경상북도 구미시 156514 123941 344 100688 22582 22 48 85 172 123597 3758 43 		 
201212192357 경상북도 구미시 161837 127409 349 103157 23569 23 49 89 173 127060 3468 44 		 
201212200002 경상북도 구미시 164411 129485 356 105005 23785 23 49 90 177 129129 2076 45 		 
201212200003 경상북도 구미시 168280 132228 373 106428 25072 27 51 92 185 131855 2743 46 		 
201212200006 경상북도 구미시 170857 134342 378 108350 25251 29 51 93 190 133964 2114 47 		 
201212200010 경상북도 구미시 174565 137469 382 110619 26097 30 53 96 192 137087 3127 48 		 
201212200011 경상북도 구미시 178218 139673 384 112339 26577 30 53 97 193 139289 2204 49 		 
201212200013 경상북도 구미시 182662 143374 385 115329 27277 30 55 103 195 142989 3701 50 		 
201212200014 경상북도 구미시 185999 146067 397 117748 27530 30 56 105 201 145670 2693 51 		 
201212200015 경상북도 구미시 193425 152040 407 122708 28528 30 58 105 204 151633 5973 52 		 
201212200017 경상북도 구미시 199582 157202 417 126622 29751 31 60 110 211 156785 5162 53 		 
201212200018 경상북도 구미시 202735 159782 440 128965 29953 32 63 110 219 159342 2580 54 		 
201212200020 경상북도 구미시 204950 161537 447 130545 30107 33 63 111 231 161090 1755 55 		 
201212200021 경상북도 구미시 209175 165131 447 133299 30942 33 63 114 233 164684 3594 56 		 
201212200025 경상북도 구미시 214119 168752 453 135760 32085 33 63 121 237 168299 3621 57 		 
201212200027 경상북도 구미시 216413 170550 460 137391 32223 34 65 123 254 170090 1798 58 		 
201212200028 경상북도 구미시 220602 174051 467 140125 32978 34 65 128 254 173584 3501 59 		 
201212200029 경상북도 구미시 223148 175977 474 141491 33524 34 67 129 258 175503 1926 60 		 
201212200030 경상북도 구미시 225211 177611 478 142904 33738 34 67 129 261 177133 1634 61 		 
201212200031 경상북도 구미시 230887 181763 488 146288 34486 36 67 135 263 181275 4152 62 		 
201212200032 경상북도 구미시 232805 183364 496 147731 34604 37 68 138 290 182868 1601 63 		 
201212200033 경상북도 구미시 234703 184819 498 148888 34892 37 70 141 293 184321 1455 64 		 
201212200035 경상북도 구미시 243011 190965 508 153641 36257 39 76 144 300 190457 6146 65 		 
201212200037 경상북도 구미시 250491 196894 522 158477 37317 41 79 147 311 196372 5929 66 		 
201212200038 경상북도 구미시 253179 199020 527 160385 37518 43 79 150 318 198493 2126 67 		 
201212200039 경상북도 구미시 255922 201261 529 162284 37854 43 80 151 320 200732 2241 68 		 
201212200040 경상북도 구미시 263890 207502 535 167335 39015 43 87 156 331 206967 6241 69 		 
201212200042 경상북도 구미시 267331 210223 536 169553 39505 44 92 158 335 209687 2721 70 		 
201212200043 경상북도 구미시 274865 216116 547 174327 40600 45 95 161 341 215569 5893 71 		 
201212200046 경상북도 구미시 277922 218495 550 176228 41070 45 95 161 346 217945 2379 72 		 
201212200047 경상북도 구미시 280241 220327 556 177815 41305 45 95 163 348 219771 1832 73 		 
201212200049 경상북도 구미시 283423 222994 562 180155 41614 47 96 165 355 222432 2667 74 		 
201212200050 경상북도 구미시 285687 224786 562 181416 42140 48 96 167 357 224224 1792 75 		 
201212200052 경상북도 구미시 294931 231809 571 186351 44205 50 98 175 359 231238 7023 76 		 
201212200053 경상북도 구미시 298447 234508 573 188397 44850 51 98 178 361 233935 2699 77 		 
201212200058 경상북도 구미시 306874 241000 578 193074 46648 51 101 182 366 240422 6492 78 		 
201212200101 경상북도 구미시 312994 245844 584 197062 47485 52 104 185 372 245260 4844 79 		 
