Time AreaA AreaB Total TotalA Invalid VoteA VoteB VoteC VoteD VoteE VoteF TotalB Diff Count
201212192009 경상남도 창녕군 2243 1634 23 1197 393 3 2 1 15 1611 1634 1 		 
201212192022 경상남도 창녕군 4048 2987 53 2261 634 5 2 2 30 2934 1353 2 		 
201212192031 경상남도 창녕군 5454 4088 68 3152 811 9 2 4 42 4020 1101 3 		 
201212192057 경상남도 창녕군 6467 4848 80 3699 1006 9 2 4 48 4768 760 4 		 
201212192059 경상남도 창녕군 9930 7398 106 5556 1653 10 3 8 62 7292 2550 5 		 
201212192101 경상남도 창녕군 11693 8766 134 6565 1962 17 5 9 74 8632 1368 6 		 
201212192105 경상남도 창녕군 15884 11889 156 8738 2871 18 8 16 82 11733 3123 7 		 
201212192111 경상남도 창녕군 17978 13507 173 9974 3221 19 10 17 93 13334 1618 8 		 
201212192137 경상남도 창녕군 22415 16729 205 12313 4060 21 10 20 100 16524 3222 9 		 
201212192138 경상남도 창녕군 23474 17524 224 12942 4192 22 10 21 113 17300 795 10 		 
201212192142 경상남도 창녕군 25200 18863 246 13942 4495 24 10 24 122 18617 1339 11 		 
201212192144 경상남도 창녕군 29180 21769 272 16061 5235 30 10 26 135 21497 2906 12 		 
201212192149 경상남도 창녕군 30936 23399 306 16943 5933 33 13 29 142 23093 1630 13 		 
201212192211 경상남도 창녕군 33296 25217 336 18425 6217 37 13 32 157 24881 1818 14 		 
201212192220 경상남도 창녕군 36805 27845 368 20488 6716 42 16 36 179 27477 2628 15 		 
201212192222 경상남도 창녕군 37196 28117 370 20659 6812 43 16 36 181 27747 272 16 		 
201212192224 경상남도 창녕군 40720 30657 383 22435 7551 45 17 37 189 30274 2540 17 		 
201212192231 경상남도 창녕군 43460 32740 403 23932 8112 45 17 39 192 32337 2083 18 		 
201212192235 경상남도 창녕군 44817 33783 420 24687 8369 45 18 41 203 33363 1043 19 		 
201212192250 경상남도 창녕군 48150 36378 435 26610 9011 46 18 46 212 35943 2595 20 		 
201212192312 경상남도 창녕군 50596 38190 459 27971 9422 46 18 50 224 37731 1812 21 		 
201212192317 경상남도 창녕군 50596 38191 459 27972 9422 46 18 50 224 37732 1 22 		 
201212192323 경상남도 창녕군 53970 40692 492 29793 10046 50 19 54 238 40200 2501 23 		 
