Time AreaA AreaB Total TotalA Invalid VoteA VoteB VoteC VoteD VoteE VoteF TotalB Diff Count
201212191907 경상북도 봉화군 80 47 0 20 27 0 0 0 0 47 47 1 		 
201212191926 경상북도 봉화군 1558 1201 7 976 193 0 0 2 23 1194 1154 2 		 
201212191929 경상북도 봉화군 2636 2062 16 1699 311 0 0 4 32 2046 861 3 		 
201212191936 경상북도 봉화군 4401 3447 24 2828 547 1 1 4 42 3423 1385 4 		 
201212191943 경상북도 봉화군 6438 5044 30 4146 804 3 2 9 50 5014 1597 5 		 
201212191950 경상북도 봉화군 7175 5595 40 4614 865 4 2 12 58 5555 551 6 		 
201212191951 경상북도 봉화군 8621 6717 45 5542 1046 4 2 14 64 6672 1122 7 		 
201212191957 경상북도 봉화군 9811 7632 63 6272 1184 12 2 20 79 7569 915 8 		 
201212192002 경상북도 봉화군 10599 8208 68 6732 1280 13 8 22 85 8140 576 9 		 
201212192008 경상북도 봉화군 12311 9569 82 7873 1450 14 10 24 116 9487 1361 10 		 
201212192011 경상북도 봉화군 12436 9665 85 7951 1464 14 10 24 117 9580 96 11 		 
201212192017 경상북도 봉화군 13041 10149 91 8313 1565 17 15 25 123 10058 484 12 		 
201212192019 경상북도 봉화군 14277 11272 114 9036 1935 18 15 27 127 11158 1123 13 		 
201212192020 경상북도 봉화군 15709 12384 123 9962 2097 18 15 29 140 12261 1112 14 		 
201212192023 경상북도 봉화군 15992 12602 123 10134 2139 18 16 29 143 12479 218 15 		 
201212192033 경상북도 봉화군 16685 13154 137 10543 2250 19 21 29 155 13017 552 16 		 
201212192036 경상북도 봉화군 19619 15432 144 12317 2735 19 23 29 165 15288 2278 17 		 
201212192037 경상북도 봉화군 20962 16449 153 13100 2940 19 24 29 184 16296 1017 18 		 
201212192049 경상북도 봉화군 21438 16838 157 13419 2997 19 24 30 192 16681 389 19 		 
201212192053 경상북도 봉화군 22816 17869 168 14200 3215 20 32 33 201 17701 1031 20 		 
201212192057 경상북도 봉화군 24229 18997 181 15127 3376 25 32 45 211 18816 1128 21 		 
201212192102 경상북도 봉화군 25643 20119 189 16100 3508 28 32 46 216 19930 1122 22 		 
201212192103 경상북도 봉화군 27908 21850 209 17480 3784 35 37 58 247 21641 1731 23 		 
201212192113 경상북도 봉화군 29457 23006 213 18408 3989 37 38 60 261 22793 1156 24 		 
