Time AreaA AreaB Total TotalA Invalid VoteA VoteB VoteC VoteD VoteE VoteF TotalB Diff Count
201212192007 경상남도 김해시 4756 3387 23 1871 1484 1 0 3 5 3364 2130 2 		 
201212192014 경상남도 김해시 11684 8558 42 4619 3865 3 5 10 14 8516 5171 3 		 
201212192016 경상남도 김해시 13436 9840 62 5262 4471 6 6 12 21 9778 1282 4 		 
201212192017 경상남도 김해시 17569 12453 70 6703 5625 8 7 13 27 12383 2613 5 		 
201212192021 경상남도 김해시 21163 15163 83 8355 6662 10 7 15 31 15080 2710 6 		 
201212192022 경상남도 김해시 25125 18075 97 9925 7984 11 8 17 33 17978 2912 7 		 
201212192023 경상남도 김해시 30421 22027 114 11909 9927 13 10 20 34 21913 3952 8 		 
201212192025 경상남도 김해시 33257 24176 126 13152 10816 13 10 22 37 24050 2149 9 		 
201212192026 경상남도 김해시 36654 26531 134 14645 11662 15 12 24 39 26397 2355 10 		 
201212192027 경상남도 김해시 40489 29586 144 15995 13349 16 12 28 42 29442 3055 11 		 
201212192037 경상남도 김해시 41185 30101 144 16326 13529 16 13 29 44 29957 515 12 		 
201212192046 경상남도 김해시 45075 32808 158 17992 14546 20 13 32 47 32650 2707 13 		 
201212192048 경상남도 김해시 47058 34458 162 18926 15258 20 13 32 47 34296 1650 14 		 
201212192050 경상남도 김해시 50332 36834 180 20456 16076 22 13 36 51 36654 2376 15 		 
201212192051 경상남도 김해시 54672 40244 187 22224 17704 23 14 40 52 40057 3410 16 		 
201212192053 경상남도 김해시 59061 43770 199 23879 19555 24 17 42 54 43571 3526 17 		 
201212192059 경상남도 김해시 63783 47550 208 25661 21533 25 19 44 60 47342 3780 18 		 
201212192120 경상남도 김해시 67130 50018 217 26924 22715 27 21 46 68 49801 2468 19 		 
201212192122 경상남도 김해시 69908 51981 232 27939 23638 28 21 48 75 51749 1963 20 		 
201212192123 경상남도 김해시 75213 56177 247 30191 25556 30 22 52 79 55930 4196 21 		 
201212192124 경상남도 김해시 78610 58535 265 31463 26620 30 24 52 81 58270 2358 22 		 
201212192125 경상남도 김해시 80767 60102 287 32334 27278 34 25 53 91 59815 1567 23 		 
201212192126 경상남도 김해시 85530 63639 299 34377 28749 35 25 58 96 63340 3537 24 		 
201212192127 경상남도 김해시 90535 67611 314 36232 30845 35 26 60 99 67297 3972 25 		 
201212192128 경상남도 김해시 94889 71064 327 37880 32627 36 26 64 104 70737 3453 26 		 
201212192132 경상남도 김해시 99765 75030 339 39797 34657 36 27 68 106 74691 3966 27 		 
201212192134 경상남도 김해시 103431 77957 349 41207 36153 37 29 75 107 77608 2927 28 		 
201212192140 경상남도 김해시 106708 80656 355 42361 37686 38 32 76 108 80301 2699 29 		 
201212192141 경상남도 김해시 111669 84147 378 44328 39175 41 33 80 112 83769 3491 30 		 
201212192142 경상남도 김해시 116864 88367 391 46468 41231 42 33 86 116 87976 4220 31 		 
201212192148 경상남도 김해시 121693 91774 411 48281 42796 45 33 91 117 91363 3407 32 		 
201212192152 경상남도 김해시 125793 95127 428 50041 44363 45 34 93 123 94699 3353 33 		 
201212192155 경상남도 김해시 127708 96610 442 50962 44903 48 35 95 125 96168 1483 34 		 
201212192156 경상남도 김해시 131442 99558 456 52462 46323 51 37 103 126 99102 2948 35 		 
201212192159 경상남도 김해시 136180 103242 467 54391 48055 54 38 107 130 102775 3684 36 		 
201212192239 경상남도 김해시 139945 106141 482 55857 49469 54 38 108 133 105659 2899 37 		 
201212192240 경상남도 김해시 143389 108659 507 57394 50411 55 39 110 143 108152 2518 38 		 
201212192241 경상남도 김해시 148785 112646 523 59415 52345 56 39 117 151 112123 3987 39 		 
201212192242 경상남도 김해시 154290 116651 547 61915 53810 60 42 117 160 116104 4005 40 		 
201212192243 경상남도 김해시 158552 120097 557 63673 55477 62 45 120 163 119540 3446 41 		 
201212192244 경상남도 김해시 163572 124219 564 65570 57684 63 46 126 166 123655 4122 42 		 
201212192245 경상남도 김해시 167775 127052 576 67133 58930 64 47 132 170 126476 2833 43 		 
201212192248 경상남도 김해시 172791 130753 591 68875 60870 64 47 135 171 130162 3701 44 		 
201212192251 경상남도 김해시 177472 134205 603 70647 62532 65 47 138 173 133602 3452 45 		 
201212192257 경상남도 김해시 186951 141654 630 74566 66016 69 51 147 175 141024 7449 46 		 
201212192300 경상남도 김해시 190118 143965 645 75849 67013 71 52 151 184 143320 2311 47 		 
201212192308 경상남도 김해시 198398 150246 670 79185 69916 74 55 155 191 149576 6281 48 		 
201212192310 경상남도 김해시 200370 151698 682 80081 70455 75 55 156 194 151016 1452 49 		 
201212192312 경상남도 김해시 202775 153452 715 81150 71084 80 60 159 204 152737 1754 50 		 
201212192317 경상남도 김해시 206656 155914 722 82514 72170 81 60 162 205 155192 2462 51 		 
201212192318 경상남도 김해시 209206 157821 733 83686 72888 83 60 164 207 157088 1907 52 		 
201212192322 경상남도 김해시 213249 160854 751 85114 74466 85 62 166 210 160103 3033 53 		 
201212192327 경상남도 김해시 215575 162625 763 86075 75254 85 62 169 217 161862 1771 54 		 
201212192328 경상남도 김해시 220326 166315 773 87812 77190 86 63 171 220 165542 3690 55 		 
201212192331 경상남도 김해시 229050 173068 799 91285 80425 89 63 179 228 172269 6753 56 		 
201212192332 경상남도 김해시 230495 174080 806 91926 80783 90 63 180 232 173274 1012 57 		 
201212192334 경상남도 김해시 239282 181117 820 95258 84462 91 63 187 236 180297 7037 58 		 
201212192346 경상남도 김해시 243236 184236 829 96850 85973 91 64 189 240 183407 3119 59 		 
201212192352 경상남도 김해시 247132 187259 837 98432 87398 91 65 193 243 186422 3023 60 		 
201212192354 경상남도 김해시 247132 187256 834 98432 87398 91 65 193 243 186422 -3 61 		 
201212192356 경상남도 김해시 244975 185689 812 97561 86740 87 64 192 233 184877 -1567 62 		 
201212192357 경상남도 김해시 248256 188069 820 98695 87973 88 64 193 236 187249 2380 63 		 
201212192358 경상남도 김해시 250413 189636 842 99565 88632 92 65 194 246 188794 1567 64 		 
201212192359 경상남도 김해시 254413 192992 849 101100 90439 92 67 197 248 192143 3356 65 		 
201212200006 경상남도 김해시 259171 196620 881 103343 91777 97 70 199 253 195739 3628 66 		 
201212200008 경상남도 김해시 264179 200504 893 105393 93587 99 70 209 253 199611 3884 67 		 
201212200012 경상남도 김해시 267913 203080 902 106902 94640 100 70 211 255 202178 2576 68 		 
201212200014 경상남도 김해시 271762 206281 908 108338 96394 100 70 215 256 205373 3201 69 		 
201212200017 경상남도 김해시 276998 209929 919 110365 97997 100 71 216 261 209010 3648 70 		 
201212200019 경상남도 김해시 280119 212218 932 111827 98800 102 71 220 266 211286 2289 71 		 
201212200027 경상남도 김해시 285571 216452 951 114026 100803 103 72 228 269 215501 4234 72 		 
201212200028 경상남도 김해시 288044 218214 968 114880 101680 104 72 234 276 217246 1762 73 		 
201212200029 경상남도 김해시 291751 220776 979 116375 102731 104 73 236 278 219797 2562 74 		 
201212200037 경상남도 김해시 295347 223756 987 117863 104206 106 73 241 280 222769 2980 75 		 
201212200038 경상남도 김해시 300277 227120 1002 119669 105737 109 74 244 285 226118 3364 76 		 
201212200039 경상남도 김해시 304135 230192 1007 120947 107520 110 76 245 287 229185 3072 77 		 
201212200042 경상남도 김해시 308925 233793 1018 122757 109290 112 77 249 290 232775 3601 78 		 
201212200043 경상남도 김해시 319105 241320 1060 126652 112862 116 79 257 294 240260 7527 79 		 
201212200058 경상남도 김해시 323408 244859 1069 128324 114714 116 79 259 298 243790 3539 80 		 
201212200102 경상남도 김해시 328098 248441 1082 130021 116580 117 79 262 300 247359 3582 81 		 
201212200115 경상남도 김해시 333259 252265 1100 132193 118202 117 83 264 306 251165 3824 82 		 
201212200117 경상남도 김해시 337548 255397 1110 133821 119690 118 84 267 307 254287 3132 83 		 
201212200132 경상남도 김해시 342363 258685 1116 135384 121398 122 85 271 309 257569 3288 84 		 
201212200138 경상남도 김해시 347066 262261 1133 137249 123082 122 86 274 315 261128 3576 85 		 
201212200141 경상남도 김해시 351645 265615 1146 138919 124744 124 88 274 320 264469 3354 86 		 
201212200148 경상남도 김해시 352993 266522 1155 139321 125236 125 88 276 321 265367 907 87 		 
201212200158 경상남도 김해시 357980 270659 1166 141341 127331 128 88 281 324 269493 4137 88 		 
201212200200 경상남도 김해시 362626 274216 1188 143085 129116 129 91 283 324 273028 3557 89 		 
201212200214 경상남도 김해시 367593 278046 1200 145098 130909 130 91 288 330 276846 3830 90 		 
201212200225 경상남도 김해시 377704 287524 1346 149410 135842 142 112 302 370 286178 9478 91 		 
201212200233 경상남도 김해시 382157 290606 1372 150924 137367 144 112 310 377 289234 3082 92 		 
201212200253 경상남도 김해시 382157 290612 1372 150925 137372 144 112 310 377 289240 6 93 		 
