Time AreaA AreaB Total TotalA Invalid VoteA VoteB VoteC VoteD VoteE VoteF TotalB Diff Count
201212192044 경상남도 진주시 2570 1992 7 1454 528 0 0 2 1 1985 1992 1 		 
201212192046 경상남도 진주시 5353 4204 16 3062 1113 2 1 7 3 4188 2212 2 		 
201212192049 경상남도 진주시 8867 7070 27 5019 1995 3 3 14 9 7043 2866 3 		 
201212192113 경상남도 진주시 13735 10961 40 7444 3424 7 8 19 19 10921 3891 4 		 
201212192114 경상남도 진주시 15779 12540 53 8579 3829 11 9 24 35 12487 1579 5 		 
201212192115 경상남도 진주시 18453 14555 61 10106 4296 12 9 29 42 14494 2015 6 		 
201212192118 경상남도 진주시 22125 17464 71 12102 5183 15 9 35 49 17393 2909 7 		 
201212192121 경상남도 진주시 25489 20152 82 13962 5992 17 11 36 52 20070 2688 8 		 
201212192124 경상남도 진주시 28743 22809 87 15509 7092 18 12 38 53 22722 2657 9 		 
201212192126 경상남도 진주시 32111 25616 102 17333 8047 18 13 50 53 25514 2807 10 		 
201212192127 경상남도 진주시 35148 27957 110 19048 8655 18 14 53 59 27847 2341 11 		 
201212192128 경상남도 진주시 39190 31110 117 21204 9637 19 14 54 65 30993 3153 12 		 
201212192129 경상남도 진주시 42742 33987 131 23201 10494 22 15 55 69 33856 2877 13 		 
201212192130 경상남도 진주시 44444 35309 154 24189 10781 24 15 58 88 35155 1322 14 		 
201212192131 경상남도 진주시 45966 36454 172 24991 11085 27 15 60 104 36282 1145 15 		 
201212192132 경상남도 진주시 48780 38518 189 26578 11526 32 15 62 116 38329 2064 16 		 
201212192133 경상남도 진주시 51751 41066 193 28309 12328 32 15 73 116 40873 2548 17 		 
201212192134 경상남도 진주시 54633 43298 208 29876 12965 34 18 78 119 43090 2232 18 		 
201212192135 경상남도 진주시 57970 46134 227 31737 13905 34 18 86 127 45907 2836 19 		 
201212192138 경상남도 진주시 61628 49007 245 33657 14816 34 22 90 143 48762 2873 20 		 
201212192139 경상남도 진주시 65357 51832 257 35827 15440 37 24 94 153 51575 2825 21 		 
201212192142 경상남도 진주시 68609 54296 264 37557 16162 37 24 95 157 54032 2464 22 		 
201212192147 경상남도 진주시 70207 55552 295 38444 16483 39 24 98 169 55257 1256 23 		 
201212192155 경상남도 진주시 74217 58764 311 40553 17562 40 24 101 173 58453 3212 24 		 
201212192201 경상남도 진주시 77768 61494 334 42576 18235 42 25 106 176 61160 2730 25 		 
201212192202 경상남도 진주시 81838 64665 357 44547 19397 44 27 111 182 64308 3171 26 		 
201212192227 경상남도 진주시 85360 67291 403 46471 20025 47 28 113 204 66888 2626 27 		 
201212192230 경상남도 진주시 89304 70265 427 48508 20927 47 31 116 209 69838 2974 28 		 
201212192237 경상남도 진주시 93538 73565 480 50748 21906 55 33 120 223 73085 3300 29 		 
201212192238 경상남도 진주시 97211 76274 498 52863 22477 58 34 120 224 75776 2709 30 		 
201212192239 경상남도 진주시 99826 78283 512 54357 22956 63 35 122 238 77771 2009 31 		 
201212192241 경상남도 진주시 101442 79547 549 55248 23268 65 37 125 255 78998 1264 32 		 
201212192246 경상남도 진주시 105311 82710 563 57465 24193 66 37 128 258 82147 3163 33 		 
201212192247 경상남도 진주시 109550 86003 578 59358 25569 68 39 133 258 85425 3293 34 		 
201212192248 경상남도 진주시 113244 88851 589 61344 26412 68 40 135 263 88262 2848 35 		 
201212192250 경상남도 진주시 116746 91897 595 63164 27622 68 40 141 267 91302 3046 36 		 
201212192252 경상남도 진주시 119709 94090 609 64758 28198 69 41 146 269 93481 2193 37 		 
201212192256 경상남도 진주시 122398 95998 617 66071 28782 69 41 147 271 95381 1908 38 		 
201212192303 경상남도 진주시 125196 98227 641 67571 29476 71 43 151 274 97586 2229 39 		 
201212192313 경상남도 진주시 126313 99026 644 67979 29850 74 44 155 280 98382 799 40 		 
201212192316 경상남도 진주시 131486 102845 660 70810 30808 76 45 160 286 102185 3819 41 		 
201212192325 경상남도 진주시 135175 105659 669 72750 31666 78 46 163 287 104990 2814 42 		 
201212192326 경상남도 진주시 139527 109279 683 74736 33280 78 46 167 289 108596 3620 43 		 
201212192330 경상남도 진주시 142332 111383 696 76057 34040 79 46 172 293 110687 2104 44 		 
201212192342 경상남도 진주시 145537 113788 702 77756 34731 82 48 175 294 113086 2405 45 		 
201212192344 경상남도 진주시 154181 121707 837 81724 38471 100 60 196 319 120870 7919 46 		 
201212192356 경상남도 진주시 157400 124164 847 83472 39164 102 60 199 320 123317 2457 47 		 
201212200000 경상남도 진주시 160556 126843 859 85129 40169 102 60 202 322 125984 2679 48 		 
201212200003 경상남도 진주시 164251 129753 877 87040 41136 107 61 204 328 128876 2910 49 		 
201212200006 경상남도 진주시 170874 134714 933 90784 42270 112 63 209 343 133781 4961 50 		 
201212200007 경상남도 진주시 176169 138832 960 93911 43217 116 64 211 353 137872 4118 51 		 
201212200011 경상남도 진주시 180161 141808 975 96031 44049 117 66 214 356 140833 2976 52 		 
201212200018 경상남도 진주시 184101 145117 993 98035 45325 119 67 216 362 144124 3309 53 		 
201212200023 경상남도 진주시 187746 148019 1010 99923 46310 120 67 222 367 147009 2902 54 		 
201212200025 경상남도 진주시 192077 151330 1065 102205 47255 122 71 226 386 150265 3311 55 		 
201212200027 경상남도 진주시 194739 153556 1071 103542 48132 122 72 228 389 152485 2226 56 		 
201212200028 경상남도 진주시 196869 155225 1083 104787 48541 122 72 228 392 154142 1669 57 		 
201212200038 경상남도 진주시 201126 158646 1089 107047 49685 124 76 232 393 157557 3421 58 		 
201212200040 경상남도 진주시 205448 162283 1100 109298 51049 126 78 235 397 161183 3637 59 		 
201212200042 경상남도 진주시 209634 165675 1110 111381 52340 127 78 240 399 164565 3392 60 		 
201212200044 경상남도 진주시 212200 167829 1119 112751 53108 127 80 244 400 166710 2154 61 		 
201212200047 경상남도 진주시 215982 170702 1145 114722 53977 127 81 245 405 169557 2873 62 		 
201212200052 경상남도 진주시 219808 173669 1161 116701 54944 128 82 248 405 172508 2967 63 		 
201212200053 경상남도 진주시 222092 175483 1193 118024 55381 130 86 253 416 174290 1814 64 		 
201212200054 경상남도 진주시 224957 177659 1207 119641 55919 132 86 254 420 176452 2176 65 		 
201212200059 경상남도 진주시 227143 179404 1240 120878 56372 134 89 258 433 178164 1745 66 		 
201212200101 경상남도 진주시 231590 183054 1257 123270 57603 136 91 261 436 181797 3650 67 		 
201212200102 경상남도 진주시 235666 186445 1268 125529 58713 136 91 265 443 185177 3391 68 		 
201212200105 경상남도 진주시 239675 189747 1278 127393 60134 137 91 270 444 188469 3302 69 		 
201212200110 경상남도 진주시 244278 193428 1288 129579 61607 138 91 276 449 192140 3681 70 		 
201212200112 경상남도 진주시 247237 195590 1301 131167 62158 142 92 276 454 194289 2162 71 		 
201212200115 경상남도 진주시 250774 198313 1320 132995 63015 145 95 279 464 196993 2723 72 		 
201212200119 경상남도 진주시 254880 201458 1336 135165 63957 147 98 284 471 200122 3145 73 		 
201212200124 경상남도 진주시 258563 204207 1342 137125 64727 150 100 288 475 202865 2749 74 		 
201212200144 경상남도 진주시 261775 206814 1360 138852 65572 150 103 291 486 205454 2607 75 		 
201212200147 경상남도 진주시 261775 206817 1360 138855 65572 150 103 291 486 205457 3 76 		 
201212200151 경상남도 진주시 264401 208886 1395 140404 66038 152 105 294 498 207491 2069 77 		 
