Time AreaA AreaB Total TotalA Invalid VoteA VoteB VoteC VoteD VoteE VoteF TotalB Diff Count
201212191952 경상북도 의성군 3346 2579 12 2114 443 1 1 1 7 2567 2579 1 		 
201212192005 경상북도 의성군 6597 5059 18 4157 862 1 1 1 19 5041 2480 2 		 
201212192009 경상북도 의성군 7370 5691 19 4737 910 1 2 2 20 5672 632 3 		 
201212192013 경상북도 의성군 8847 6833 25 5724 1039 2 2 3 38 6808 1142 4 		 
201212192019 경상북도 의성군 11064 8439 30 7066 1291 2 2 5 43 8409 1606 5 		 
201212192028 경상북도 의성군 13820 10580 43 8905 1561 4 3 8 56 10537 2141 6 		 
201212192031 경상북도 의성군 16623 12678 56 10694 1844 5 3 10 66 12622 2098 7 		 
201212192034 경상북도 의성군 18607 14236 69 12044 2021 5 3 11 83 14167 1558 8 		 
201212192036 경상북도 의성군 20038 15333 75 13006 2139 6 3 12 92 15258 1097 9 		 
201212192039 경상북도 의성군 21921 16815 86 14305 2294 7 3 15 105 16729 1482 10 		 
201212192041 경상북도 의성군 23730 18453 116 15371 2824 9 8 18 107 18337 1638 11 		 
201212192044 경상북도 의성군 25282 19661 121 16435 2952 9 9 18 117 19540 1208 12 		 
201212192045 경상북도 의성군 27544 21407 127 17978 3142 10 9 19 122 21280 1746 13 		 
201212192047 경상북도 의성군 28352 22048 132 18537 3208 11 10 20 130 21916 641 14 		 
201212192052 경상북도 의성군 28982 22483 134 18879 3297 12 11 20 130 22349 435 15 		 
201212192054 경상북도 의성군 30770 23874 147 20122 3419 12 11 22 141 23727 1391 16 		 
201212192055 경상북도 의성군 32537 25279 151 21350 3576 13 12 22 155 25128 1405 17 		 
201212192057 경상북도 의성군 33399 25952 167 21906 3660 13 12 25 169 25785 673 18 		 
201212192059 경상북도 의성군 35313 27455 177 23232 3809 15 12 28 182 27278 1503 19 		 
201212192101 경상북도 의성군 37775 29354 190 24900 4019 15 12 31 187 29164 1899 20 		 
201212192103 경상북도 의성군 40188 31205 201 26534 4207 17 14 34 198 31004 1851 21 		 
201212192104 경상북도 의성군 42062 32679 205 27836 4357 17 14 36 214 32474 1474 22 		 
201212192106 경상북도 의성군 44081 34226 216 29237 4479 18 14 36 226 34010 1547 23 		 
201212192107 경상북도 의성군 45947 35720 228 30592 4597 19 14 36 234 35492 1494 24 		 
201212192109 경상북도 의성군 47786 37109 240 31757 4792 21 14 37 248 36869 1389 25 		 
201212192111 경상북도 의성군 49482 38440 248 32865 4986 23 15 38 265 38192 1331 26 		 
201212192112 경상북도 의성군 51609 40089 262 34294 5167 23 15 44 284 39827 1649 27 		 
