Time AreaA AreaB Total TotalA Invalid VoteA VoteB VoteC VoteD VoteE VoteF TotalB Diff Count
201212192000 경상남도 거제시 914 661 6 422 229 0 1 0 3 655 661 1 		 
201212192017 경상남도 거제시 1916 1435 12 1028 379 0 1 1 14 1423 774 2 		 
201212192018 경상남도 거제시 3262 2437 13 1750 653 0 1 2 18 2424 1002 3 		 
201212192029 경상남도 거제시 6076 4226 25 2806 1369 0 1 4 21 4201 1789 4 		 
201212192033 경상남도 거제시 9005 6272 30 3834 2373 1 3 7 24 6242 2046 5 		 
201212192048 경상남도 거제시 11182 7906 58 5012 2784 3 3 10 36 7848 1634 6 		 
201212192054 경상남도 거제시 13806 9860 65 5980 3756 4 6 12 37 9795 1954 7 		 
201212192109 경상남도 거제시 17868 12726 81 7933 4632 8 8 16 48 12645 2866 8 		 
201212192114 경상남도 거제시 22780 16203 97 9697 6308 11 16 18 56 16106 3477 9 		 
201212192127 경상남도 거제시 25621 18259 112 10850 7189 11 18 21 58 18147 2056 10 		 
201212192132 경상남도 거제시 28877 20624 119 11834 8556 11 22 22 60 20505 2365 11 		 
201212192133 경상남도 거제시 30833 22231 122 12458 9531 11 25 24 60 22109 1607 12 		 
201212192135 경상남도 거제시 33817 24443 153 14081 10074 11 26 27 71 24290 2212 13 		 
201212192137 경상남도 거제시 37386 27417 161 15443 11670 12 28 28 75 27256 2974 14 		 
201212192141 경상남도 거제시 41745 30520 182 17405 12774 13 32 32 82 30338 3103 15 		 
201212192156 경상남도 거제시 42863 31324 189 18043 12920 13 32 33 94 31135 804 16 		 
201212192159 경상남도 거제시 46451 34300 198 19515 14410 13 32 35 97 34102 2976 17 		 
201212192202 경상남도 거제시 49500 36604 251 21152 14999 14 33 38 117 36353 2304 18 		 
201212192203 경상남도 거제시 51145 37844 274 22075 15274 17 33 41 130 37570 1240 19 		 
201212192208 경상남도 거제시 54122 40021 296 23606 15881 18 35 44 141 39725 2177 20 		 
201212192213 경상남도 거제시 57624 42633 321 25340 16716 19 36 49 152 42312 2612 21 		 
201212192224 경상남도 거제시 60751 45229 327 26359 18273 20 41 54 155 44902 2596 22 		 
201212192226 경상남도 거제시 65588 49188 334 28316 20257 21 44 57 159 48854 3959 23 		 
201212192228 경상남도 거제시 69423 51816 344 29681 21498 23 47 59 164 51472 2628 24 		 
201212192315 경상남도 거제시 72536 54062 362 30940 22461 23 47 62 167 53700 2246 25 		 
201212192320 경상남도 거제시 75440 56321 369 32092 23551 24 47 64 174 55952 2259 26 		 
201212192321 경상남도 거제시 77586 57929 373 32848 24396 25 47 65 175 57556 1608 27 		 
201212192323 경상남도 거제시 81675 60761 387 34597 25454 26 50 68 179 60374 2832 28 		 
201212192324 경상남도 거제시 84171 62592 409 35892 25952 29 51 71 188 62183 1831 29 		 
201212192327 경상남도 거제시 87568 64860 470 37161 26871 32 51 73 202 64390 2268 30 		 
201212192339 경상남도 거제시 88248 65333 477 37454 27040 32 51 73 206 64856 473 31 		 
201212192340 경상남도 거제시 90526 66930 482 38128 27952 33 53 75 207 66448 1597 32 		 
201212192342 경상남도 거제시 93996 69359 490 39375 29116 35 53 80 210 68869 2429 33 		 
201212192355 경상남도 거제시 100448 74082 512 41903 31270 36 53 92 216 73570 4723 34 		 
201212192359 경상남도 거제시 103612 76645 525 43169 32548 38 53 94 218 76120 2563 35 		 
201212200003 경상남도 거제시 107075 79267 532 44582 33748 38 54 94 219 78735 2622 36 		 
201212200004 경상남도 거제시 110630 81880 546 45744 35177 38 56 98 221 81334 2613 37 		 
201212200005 경상남도 거제시 113882 84255 552 46905 36382 38 57 100 221 83703 2375 38 		 
201212200007 경상남도 거제시 121406 89737 578 49782 38947 41 58 108 223 89159 5482 39 		 
201212200010 경상남도 거제시 121947 90108 579 49938 39160 41 59 108 223 89529 371 40 		 
201212200015 경상남도 거제시 126478 94270 645 51716 41454 45 63 117 230 93625 4162 41 		 
201212200018 경상남도 거제시 129792 96452 650 52936 42403 45 63 119 236 95802 2182 42 		 
201212200037 경상남도 거제시 133171 98689 667 54059 43490 46 65 122 240 98022 2237 43 		 
201212200039 경상남도 거제시 136945 101494 679 55536 44797 46 67 128 241 100815 2805 44 		 
201212200042 경상남도 거제시 143203 106503 686 58032 47287 48 69 135 246 105817 5009 45 		 
201212200045 경상남도 거제시 145613 108311 692 59121 47992 48 70 139 249 107619 1808 46 		 
201212200047 경상남도 거제시 153694 113964 717 61867 50851 49 74 146 260 113247 5653 47 		 
201212200049 경상남도 거제시 155254 115070 722 62507 51308 49 76 147 261 114348 1106 48 		 
201212200054 경상남도 거제시 157540 116665 727 63493 51908 50 76 147 264 115938 1595 49 		 
201212200106 경상남도 거제시 160743 118926 755 65227 52383 55 79 149 278 118171 2261 50 		 
201212200107 경상남도 거제시 163951 121228 769 66518 53372 55 80 152 282 120459 2302 51 		 
201212200109 경상남도 거제시 166296 122814 773 67570 53897 57 80 154 283 122041 1586 52 		 
201212200115 경상남도 거제시 169708 125342 784 68769 55207 57 82 158 285 124558 2528 53 		 
201212200116 경상남도 거제시 172596 127386 797 69960 56040 60 82 160 287 126589 2044 54 		 
201212200119 경상남도 거제시 176499 130166 810 71757 57003 61 82 165 288 129356 2780 55 		 
