Time AreaA AreaB Total TotalA Invalid VoteA VoteB VoteC VoteD VoteE VoteF TotalB Diff Count
201212191909 경상북도 영양군 58 43 0 31 12 0 0 0 0 43 43 1 		 
201212191942 경상북도 영양군 2139 1655 9 1398 228 1 1 2 16 1646 1612 2 		 
201212191944 경상북도 영양군 3784 2915 24 2378 475 2 1 4 31 2891 1260 3 		 
201212191950 경상북도 영양군 5777 4426 35 3584 752 2 3 5 45 4391 1511 4 		 
201212191956 경상북도 영양군 7343 5626 39 4578 949 2 3 5 50 5587 1200 5 		 
201212192005 경상북도 영양군 9404 7242 45 5882 1242 2 3 8 60 7197 1616 6 		 
201212192010 경상북도 영양군 10496 8091 53 6596 1358 3 3 10 68 8038 849 7 		 
201212192014 경상북도 영양군 11165 8711 74 6953 1584 4 4 14 78 8637 620 8 		 
201212192017 경상북도 영양군 11747 9174 83 7330 1653 6 4 14 84 9091 463 9 		 
201212192018 경상북도 영양군 12216 9535 88 7626 1707 6 4 14 90 9447 361 10 		 
201212192035 경상북도 영양군 13847 10773 101 8560 1976 8 8 18 102 10672 1238 11 		 
201212192038 경상북도 영양군 15914 12321 110 9818 2247 9 8 20 109 12211 1548 12 		 
