Time AreaA AreaB Total TotalA Invalid VoteA VoteB VoteC VoteD VoteE VoteF TotalB Diff Count
201212191919 경상북도 포항시남구 1779 1292 1 1093 193 1 0 3 1 1291 1292 1 		 
201212191924 경상북도 포항시남구 4000 2901 4 2439 453 1 0 3 1 2897 1609 2 		 
201212191926 경상북도 포항시남구 6115 4491 8 3748 724 2 0 7 2 4483 1590 3 		 
201212191927 경상북도 포항시남구 8028 5911 10 4905 982 2 0 10 2 5901 1420 4 		 
201212191928 경상북도 포항시남구 10849 8192 16 6565 1587 4 1 13 6 8176 2281 5 		 
201212191929 경상북도 포항시남구 13798 10447 21 8417 1981 4 2 14 8 10426 2255 6 		 
201212191930 경상북도 포항시남구 16245 12520 25 9781 2678 5 2 18 11 12495 2073 7 		 
201212191933 경상북도 포항시남구 18760 14441 32 11450 2920 5 2 19 13 14409 1921 8 		 
201212191934 경상북도 포항시남구 22100 17132 40 13513 3534 5 2 21 17 17092 2691 9 		 
201212191935 경상북도 포항시남구 22956 17806 42 14098 3616 6 2 21 21 17764 674 10 		 
201212191937 경상북도 포항시남구 24541 19050 44 15144 3808 7 3 21 23 19006 1244 11 		 
201212191951 경상북도 포항시남구 28019 21637 47 17274 4254 7 4 24 27 21590 2587 12 		 
201212191952 경상북도 포항시남구 30224 23307 51 18718 4473 7 4 25 29 23256 1670 13 		 
201212191953 경상북도 포항시남구 32938 25309 57 20354 4823 7 5 31 32 25252 2002 14 		 
201212191954 경상북도 포항시남구 38387 29455 67 23807 5498 7 5 34 37 29388 4146 15 		 
201212191955 경상북도 포항시남구 43896 33561 77 27254 6139 7 7 37 40 33484 4106 16 		 
201212191956 경상북도 포항시남구 46266 35366 80 28757 6437 7 7 38 40 35286 1805 17 		 
201212192001 경상북도 포항시남구 48020 36755 84 29702 6873 7 7 41 41 36671 1389 18 		 
201212192003 경상북도 포항시남구 49579 37984 92 30743 7040 8 8 43 50 37892 1229 19 		 
201212192004 경상북도 포항시남구 53218 40984 97 32960 7814 8 9 46 50 40887 3000 20 		 
201212192005 경상북도 포항시남구 54125 41635 97 33488 7934 9 9 46 52 41538 651 21 		 
201212192006 경상북도 포항시남구 55703 42815 101 34364 8226 9 9 49 57 42714 1180 22 		 
201212192008 경상북도 포항시남구 57928 44299 109 35535 8526 9 9 52 59 44190 1484 23 		 
201212192009 경상북도 포항시남구 60621 46471 116 37107 9117 9 9 52 61 46355 2172 24 		 
201212192011 경상북도 포항시남구 63807 49152 122 38920 9965 9 9 64 63 49030 2681 25 		 
201212192012 경상북도 포항시남구 67665 51836 132 41281 10265 10 10 67 71 51704 2684 26 		 
201212192013 경상북도 포항시남구 70412 53957 136 43084 10570 11 10 70 76 53821 2121 27 		 
201212192014 경상북도 포항시남구 72090 55219 148 44212 10684 11 10 70 84 55071 1262 28 		 
201212192015 경상북도 포항시남구 76386 58511 154 46753 11423 12 11 71 87 58357 3292 29 		 
201212192017 경상북도 포항시남구 80404 61497 157 49054 12097 13 12 73 91 61340 2986 30 		 
201212192018 경상북도 포항시남구 81576 62404 164 49788 12255 13 13 76 95 62240 907 31 		 
201212192019 경상북도 포항시남구 84494 64635 167 51595 12663 15 16 79 100 64468 2231 32 		 
201212192023 경상북도 포항시남구 85171 65162 171 52065 12708 15 17 79 107 64991 527 33 		 
201212192024 경상북도 포항시남구 88419 67564 194 54132 13006 15 17 80 120 67370 2402 34 		 
201212192025 경상북도 포항시남구 91895 70132 209 56389 13285 15 18 82 134 69923 2568 35 		 
201212192026 경상북도 포항시남구 95340 73064 214 58341 14247 15 20 90 137 72850 2932 36 		 
201212192027 경상북도 포항시남구 97898 74932 219 59986 14461 15 20 91 140 74713 1868 37 		 
201212192031 경상북도 포항시남구 101515 77689 220 62335 14865 15 21 92 141 77469 2757 38 		 
201212192033 경상북도 포항시남구 104224 79759 229 64022 15232 16 21 94 145 79530 2070 39 		 
201212192034 경상북도 포항시남구 107053 82041 232 65626 15900 16 24 98 145 81809 2282 40 		 
201212192035 경상북도 포항시남구 110763 84633 243 67937 16162 18 25 98 150 84390 2592 41 		 
201212192036 경상북도 포항시남구 116473 89039 247 71139 17349 20 26 104 154 88792 4406 42 		 
201212192038 경상북도 포항시남구 117845 90105 269 72046 17464 20 26 108 172 89836 1066 43 		 
201212192040 경상북도 포항시남구 119423 91350 273 73008 17737 21 27 110 174 91077 1245 44 		 
201212192041 경상북도 포항시남구 122291 93346 276 74667 18064 21 29 110 179 93070 1996 45 		 
201212192042 경상북도 포항시남구 124616 95174 281 76152 18396 21 29 113 182 94893 1828 46 		 
201212192044 경상북도 포항시남구 127853 97586 284 77992 18961 22 29 115 183 97302 2412 47 		 
201212192046 경상북도 포항시남구 132709 101221 294 81119 19456 22 29 116 185 100927 3635 48 		 
201212192047 경상북도 포항시남구 133823 102058 305 81864 19517 22 29 117 204 101753 837 49 		 
201212192048 경상북도 포항시남구 135549 103365 313 82908 19764 22 30 117 211 103052 1307 50 		 
201212192052 경상북도 포항시남구 138739 105825 320 84882 20234 22 31 121 215 105505 2460 51 		 
201212192057 경상북도 포항시남구 142214 108540 331 87081 20734 22 31 124 217 108209 2715 52 		 
201212192058 경상북도 포항시남구 144095 110001 345 88297 20951 23 33 128 224 109656 1461 53 		 
201212192059 경상북도 포항시남구 147097 112285 350 90165 21355 23 33 132 227 111935 2284 54 		 
201212192101 경상북도 포항시남구 149159 113933 355 91372 21784 23 34 136 229 113578 1648 55 		 
201212192106 경상북도 포항시남구 152925 117102 361 93585 22727 23 35 140 231 116741 3169 56 		 
201212192107 경상북도 포항시남구 155457 119048 365 95286 22958 24 36 144 235 118683 1946 57 		 
201212192110 경상북도 포항시남구 157384 120460 384 96563 23068 24 36 145 240 120076 1412 58 		 
201212192113 경상북도 포항시남구 160933 123455 389 98568 24041 25 38 151 243 123066 2995 59 		 
201212192115 경상북도 포항시남구 163651 125495 399 100315 24316 27 38 155 245 125096 2040 60 		 
201212192116 경상북도 포항시남구 167138 128449 404 102462 25113 27 39 159 245 128045 2954 61 		 
201212192118 경상북도 포항시남구 170038 130494 409 104034 25579 28 39 159 246 130085 2045 62 		 
201212192119 경상북도 포항시남구 172809 132550 415 105640 26011 29 39 162 254 132135 2056 63 		 
201212192120 경상북도 포항시남구 176251 135373 421 107280 27178 29 40 168 257 134952 2823 64 		 
201212192121 경상북도 포항시남구 178958 137614 427 108887 27801 29 42 171 257 137187 2241 65 		 
201212192123 경상북도 포항시남구 186173 144124 508 112933 30138 39 52 178 276 143616 6510 66 		 
201212192125 경상북도 포항시남구 186937 144633 509 113192 30386 39 52 179 276 144124 509 67 		 
201212192126 경상북도 포항시남구 189240 146396 517 114640 30687 39 52 181 280 145879 1763 68 		 
201212192127 경상북도 포항시남구 193210 149103 521 116595 31423 41 52 186 285 148582 2707 69 		 
201212192128 경상북도 포항시남구 196837 152096 524 118784 32214 41 52 192 289 151572 2993 70 		 
201212192130 경상북도 포항시남구 200720 155131 531 121186 32833 43 52 193 293 154600 3035 71 		 
