Time AreaA AreaB Total TotalA Invalid VoteA VoteB VoteC VoteD VoteE VoteF TotalB Diff Count
201212191918 경상남도 함양군 1874 1350 18 970 352 0 1 2 7 1332 1350 1 		 
201212191925 경상남도 함양군 5096 3836 31 2543 1231 2 3 6 20 3805 2486 2 		 
201212191950 경상남도 함양군 7274 5508 50 3823 1588 3 3 7 34 5458 1672 3 		 
201212192001 경상남도 함양군 8867 6735 64 4788 1815 5 4 7 52 6671 1227 4 		 
201212192053 경상남도 함양군 10886 8252 97 5947 2111 10 6 9 72 8155 1517 5 		 
201212192101 경상남도 함양군 12286 9313 112 6711 2367 15 9 11 88 9201 1061 6 		 
201212192113 경상남도 함양군 15067 11586 119 8149 3184 15 9 19 91 11467 2273 7 		 
201212192118 경상남도 함양군 16827 12826 129 9058 3494 18 9 21 97 12697 1240 8 		 
201212192122 경상남도 함양군 17627 13433 133 9527 3618 19 9 23 104 13300 607 9 		 
201212192131 경상남도 함양군 18862 14423 151 10252 3850 20 10 25 115 14272 990 10 		 
201212192136 경상남도 함양군 21069 16138 170 11577 4204 23 11 31 122 15968 1715 11 		 
201212192145 경상남도 함양군 22608 17568 235 12322 4793 30 18 36 134 17333 1430 12 		 
201212192146 경상남도 함양군 22841 17712 235 12421 4838 30 18 36 134 17477 144 13 		 
201212192148 경상남도 함양군 24825 19164 261 13392 5261 32 18 42 158 18903 1452 14 		 
201212192156 경상남도 함양군 27288 21070 274 14771 5765 34 18 45 163 20796 1906 15 		 
201212192205 경상남도 함양군 29141 22488 299 15824 6078 36 20 52 179 22189 1418 16 		 
201212192212 경상남도 함양군 30764 23738 322 16747 6358 36 22 52 201 23416 1250 17 		 
201212192219 경상남도 함양군 31961 24691 342 17426 6592 37 24 55 215 24349 953 18 		 
201212192225 경상남도 함양군 33290 25718 362 18160 6838 39 24 58 237 25356 1027 19 		 
201212192235 경상남도 함양군 34326 26500 375 18736 7014 40 26 59 250 26125 782 20 		 
