Time AreaA AreaB Total TotalA Invalid VoteA VoteB VoteC VoteD VoteE VoteF TotalB Diff Count
201212191944 경상남도 함안군 1097 794 11 594 181 2 0 0 6 783 794 1 		 
201212191955 경상남도 함안군 3608 2691 36 1929 695 7 2 4 18 2655 1897 2 		 
201212192008 경상남도 함안군 7179 5439 48 3725 1627 8 3 10 18 5391 2748 3 		 
201212192018 경상남도 함안군 10338 7815 61 5289 2416 10 3 12 24 7754 2376 4 		 
201212192021 경상남도 함안군 13893 10516 82 7047 3325 12 5 16 29 10434 2701 5 		 
201212192030 경상남도 함안군 18465 13952 100 9440 4329 16 7 21 39 13852 3436 6 		 
201212192036 경상남도 함안군 22104 16719 120 11318 5175 19 8 26 53 16599 2767 7 		 
201212192050 경상남도 함안군 25696 19782 126 12987 6554 21 9 30 55 19656 3063 8 		 
201212192053 경상남도 함안군 26239 20143 127 13237 6658 24 10 31 56 20016 361 9 		 
201212192057 경상남도 함안군 29858 22775 174 15127 7322 33 11 34 74 22601 2632 10 		 
201212192101 경상남도 함안군 31829 24330 194 16349 7616 35 12 36 88 24136 1555 11 		 
201212192105 경상남도 함안군 33691 25844 201 17280 8186 36 13 38 90 25643 1514 12 		 
201212192107 경상남도 함안군 34659 26563 214 17840 8326 37 14 39 93 26349 719 13 		 
201212192113 경상남도 함안군 36299 28081 232 18613 9040 39 15 46 96 27849 1518 14 		 
201212192119 경상남도 함안군 39112 30143 271 20100 9554 46 15 52 105 29872 2062 15 		 
201212192124 경상남도 함안군 39880 30746 286 20548 9680 48 15 55 114 30460 603 16 		 
201212192127 경상남도 함안군 40644 31363 292 21013 9817 48 19 55 119 31071 617 17 		 
201212192129 경상남도 함안군 43377 33450 305 22367 10526 50 20 56 126 33145 2087 18 		 
201212192132 경상남도 함안군 45750 35278 330 23697 10983 51 23 57 137 34948 1828 19 		 
201212192136 경상남도 함안군 48624 37445 340 25160 11671 53 24 58 139 37105 2167 20 		 
201212192141 경상남도 함안군 49985 38488 350 25972 11881 54 24 60 147 38138 1043 21 		 
201212192143 경상남도 함안군 52912 40594 382 27527 12383 54 27 63 158 40212 2106 22 		 
201212192150 경상남도 함안군 53846 41300 391 28055 12539 55 27 67 166 40909 706 23 		 
201212192152 경상남도 함안군 55076 42208 401 28741 12748 56 27 68 167 41807 908 24 		 
