Time AreaA AreaB Total TotalA Invalid VoteA VoteB VoteC VoteD VoteE VoteF TotalB Diff Count
201212191916 경상북도 영덕군 121 85 1 49 34 0 1 0 0 84 85 1 		 
201212191927 경상북도 영덕군 1544 1245 7 1080 146 0 1 4 7 1238 1160 2 		 
201212191930 경상북도 영덕군 3921 3028 11 2549 448 1 1 8 10 3017 1783 3 		 
201212191937 경상북도 영덕군 6254 4859 17 4130 687 2 1 8 14 4842 1831 4 		 
201212191945 경상북도 영덕군 8855 6892 24 5883 960 2 1 8 14 6868 2033 5 		 
201212191950 경상북도 영덕군 9705 7587 29 6496 1024 2 2 8 26 7558 695 6 		 
201212191958 경상북도 영덕군 11547 9012 35 7766 1162 2 3 12 32 8977 1425 7 		 
201212192001 경상북도 영덕군 12186 9541 39 8249 1198 2 3 12 38 9502 529 8 		 
201212192006 경상북도 영덕군 14399 11187 49 9711 1362 2 3 13 47 11138 1646 9 		 
201212192012 경상북도 영덕군 16000 12368 51 10752 1496 2 4 13 50 12317 1181 10 		 
201212192018 경상북도 영덕군 17920 14067 102 11998 1890 5 7 13 52 13965 1699 11 		 
201212192021 경상북도 영덕군 20023 15683 105 13399 2095 8 7 14 55 15578 1616 12 		 
201212192025 경상북도 영덕군 21340 16710 111 14312 2183 9 8 15 72 16599 1027 13 		 
201212192028 경상북도 영덕군 22282 17415 115 14920 2260 9 8 17 86 17300 705 14 		 
201212192031 경상북도 영덕군 22890 17915 120 15343 2325 9 8 17 93 17795 500 15 		 
201212192037 경상북도 영덕군 24562 19248 131 16515 2460 9 9 21 103 19117 1333 16 		 
201212192040 경상북도 영덕군 24852 19474 132 16706 2490 9 9 22 106 19342 226 17 		 
201212192043 경상북도 영덕군 26136 20500 144 17620 2581 9 11 22 113 20356 1026 18 		 
201212192047 경상북도 영덕군 27533 21588 147 18618 2660 10 11 22 120 21441 1088 19 		 
201212192053 경상북도 영덕군 28125 22053 151 19000 2731 11 11 23 126 21902 465 20 		 
201212192055 경상북도 영덕군 29951 23410 157 20154 2920 11 11 23 134 23253 1357 21 		 
201212192058 경상북도 영덕군 32237 25201 173 21766 3077 11 11 23 140 25028 1791 22 		 
201212192102 경상북도 영덕군 33312 26057 178 22525 3159 11 11 23 150 25879 856 23 		 
201212192110 경상북도 영덕군 35215 27535 196 23816 3314 11 12 25 161 27339 1478 24 		 
