Time AreaA AreaB Total TotalA Invalid VoteA VoteB VoteC VoteD VoteE VoteF TotalB Diff Count
201212191952 경상남도 창원시의창구 3440 2662 15 1601 1040 1 0 2 3 2647 2662 1 		 
201212191954 경상남도 창원시의창구 5811 4637 16 2943 1667 1 0 6 4 4621 1975 2 		 
201212191957 경상남도 창원시의창구 8640 7052 23 4360 2652 1 1 9 6 7029 2415 3 		 
201212192000 경상남도 창원시의창구 10932 8885 30 5364 3468 1 3 12 7 8855 1833 4 		 
201212192003 경상남도 창원시의창구 18640 14925 52 8902 5927 4 3 22 15 14873 6040 5 		 
201212192004 경상남도 창원시의창구 22478 17903 61 10640 7149 4 5 25 19 17842 2978 6 		 
201212192005 경상남도 창원시의창구 25340 20203 68 11879 8197 6 6 26 21 20135 2300 7 		 
201212192007 경상남도 창원시의창구 29289 23480 81 13547 9782 6 7 32 25 23399 3277 8 		 
201212192012 경상남도 창원시의창구 33318 26431 98 15366 10887 6 9 39 26 26333 2951 9 		 
201212192033 경상남도 창원시의창구 37077 29048 109 16941 11908 6 11 43 30 28939 2617 10 		 
201212192034 경상남도 창원시의창구 41039 32025 115 18740 13071 6 12 47 34 31910 2977 11 		 
201212192037 경상남도 창원시의창구 46381 36014 131 21134 14638 6 12 54 39 35883 3989 12 		 
201212192043 경상남도 창원시의창구 50030 38700 144 22787 15645 10 12 59 43 38556 2686 13 		 
201212192049 경상남도 창원시의창구 54143 41662 158 24531 16836 12 12 68 45 41504 2962 14 		 
201212192050 경상남도 창원시의창구 59055 45281 181 26616 18330 14 13 75 52 45100 3619 15 		 
201212192054 경상남도 창원시의창구 65099 50010 216 29817 19807 16 15 78 61 49794 4729 16 		 
201212192100 경상남도 창원시의창구 69237 53492 226 31754 21336 16 16 82 62 53266 3482 17 		 
201212192132 경상남도 창원시의창구 72795 56474 236 33589 22460 18 18 88 65 56238 2982 18 		 
201212192134 경상남도 창원시의창구 76497 59202 252 35197 23558 18 19 91 67 58950 2728 19 		 
201212192136 경상남도 창원시의창구 80380 62282 261 37007 24809 19 20 95 71 62021 3080 20 		 
201212192137 경상남도 창원시의창구 84818 65818 286 39152 26167 19 21 97 76 65532 3536 21 		 
201212192138 경상남도 창원시의창구 88954 69018 299 41186 27316 20 21 99 77 68719 3200 22 		 
201212192156 경상남도 창원시의창구 92395 71570 316 42745 28274 21 24 107 83 71254 2552 23 		 
201212192158 경상남도 창원시의창구 96750 74699 326 44763 29362 22 27 110 89 74373 3129 24 		 
201212192201 경상남도 창원시의창구 103079 79477 344 47577 31298 23 28 115 92 79133 4778 25 		 
201212192203 경상남도 창원시의창구 107894 82959 355 49650 32682 25 34 120 93 82604 3482 26 		 
201212192210 경상남도 창원시의창구 110114 84677 367 50680 33349 26 35 125 95 84310 1718 27 		 
201212192212 경상남도 창원시의창구 113017 87005 375 51887 34451 28 35 129 100 86630 2328 28 		 
201212192216 경상남도 창원시의창구 114633 88243 388 52791 34765 31 36 130 102 87855 1238 29 		 
201212192217 경상남도 창원시의창구 118292 91041 405 54479 35852 31 37 131 106 90636 2798 30 		 
201212192225 경상남도 창원시의창구 122430 94608 415 56414 37465 31 37 137 109 94193 3567 31 		 
201212192233 경상남도 창원시의창구 130385 100975 438 60139 40066 33 38 146 115 100537 6367 32 		 
201212192237 경상남도 창원시의창구 131522 101834 448 60801 40237 37 42 147 122 101386 859 33 		 
201212192239 경상남도 창원시의창구 135853 105376 463 62973 41579 37 44 153 127 104913 3542 34 		 
201212192242 경상남도 창원시의창구 140647 108833 473 64972 43014 40 47 158 129 108360 3457 35 		 
201212192250 경상남도 창원시의창구 143510 111007 481 66490 43650 44 49 161 132 110526 2174 36 		 
201212192252 경상남도 창원시의창구 144933 112122 491 67288 43951 46 49 163 134 111631 1115 37 		 
201212192254 경상남도 창원시의창구 148892 114981 500 69044 45035 46 50 168 138 114481 2859 38 		 
201212192304 경상남도 창원시의창구 152431 117558 507 70661 45981 46 50 172 141 117051 2577 39 		 
201212192310 경상남도 창원시의창구 156123 120408 512 72277 47202 46 52 177 142 119896 2850 40 		 
201212192325 경상남도 창원시의창구 157945 121826 518 73210 47668 47 54 178 151 121308 1418 41 		 
201212192330 경상남도 창원시의창구 162401 125140 555 75473 48663 49 59 181 160 124585 3314 42 		 
201212192332 경상남도 창원시의창구 166099 127855 564 77187 49648 49 62 183 162 127291 2715 43 		 
201212192334 경상남도 창원시의창구 170222 131184 575 79335 50805 51 63 188 167 130609 3329 44 		 
201212192336 경상남도 창원시의창구 172508 133006 577 80585 51365 54 67 188 170 132429 1822 45 		 
201212192338 경상남도 창원시의창구 177648 137158 584 83137 52952 56 68 191 170 136574 4152 46 		 
201212192350 경상남도 창원시의창구 181574 140092 591 85065 53946 56 68 192 174 139501 2934 47 		 
201212200005 경상남도 창원시의창구 183697 141869 594 86118 54654 57 71 197 178 141275 1777 48 		 
201212200008 경상남도 창원시의창구 186860 144275 620 87658 55474 65 72 200 186 143655 2406 49 		 
201212200011 경상남도 창원시의창구 187580 144720 623 87858 55712 66 72 201 188 144097 445 50 		 
201212200013 경상남도 창원시의창구 194187 150904 715 90981 58633 75 80 213 207 150189 6184 51 		 
201212200027 경상남도 창원시의창구 196723 152873 730 92242 59321 77 81 214 208 152143 1969 52 		 
201212200037 경상남도 창원시의창구 199932 155302 754 93832 60124 78 83 216 215 154548 2429 53 		 
201212200040 경상남도 창원시의창구 199932 155306 754 93834 60126 78 83 216 215 154552 4 54 		 
