Time AreaA AreaB Total TotalA Invalid VoteA VoteB VoteC VoteD VoteE VoteF TotalB Diff Count
201212191932 경상남도 양산시 750 477 2 202 271 0 1 0 1 475 477 1 		 
201212191951 경상남도 양산시 2977 2220 10 1244 958 0 1 4 3 2210 1743 2 		 
201212192011 경상남도 양산시 5747 4512 18 2487 1993 1 2 6 5 4494 2292 3 		 
201212192014 경상남도 양산시 8080 6347 23 3504 2797 2 3 10 8 6324 1835 4 		 
201212192017 경상남도 양산시 11509 9228 27 4911 4258 2 4 16 10 9201 2881 5 		 
201212192021 경상남도 양산시 13590 10925 35 5859 4996 3 5 16 11 10890 1697 6 		 
201212192024 경상남도 양산시 15833 12863 40 6808 5970 4 7 22 12 12823 1938 7 		 
201212192026 경상남도 양산시 18206 14786 45 7832 6862 5 7 23 12 14741 1923 8 		 
201212192029 경상남도 양산시 20923 17073 49 9062 7908 5 7 27 15 17024 2287 9 		 
201212192037 경상남도 양산시 23979 19339 57 10338 8884 5 9 29 17 19282 2266 10 		 
201212192038 경상남도 양산시 26026 20765 65 11166 9471 5 9 32 17 20700 1426 11 		 
201212192039 경상남도 양산시 29240 22987 78 12677 10161 5 9 35 22 22909 2222 12 		 
201212192040 경상남도 양산시 32685 25864 81 14140 11567 6 9 39 22 25783 2877 13 		 
201212192042 경상남도 양산시 35706 28398 86 15456 12777 6 9 42 22 28312 2534 14 		 
201212192044 경상남도 양산시 38680 30745 89 16734 13837 7 10 42 26 30656 2347 15 		 
201212192045 경상남도 양산시 41245 32815 91 17873 14759 7 11 47 27 32724 2070 16 		 
201212192051 경상남도 양산시 44329 35234 99 19273 15764 8 11 49 30 35135 2419 17 		 
201212192053 경상남도 양산시 50787 39855 120 21981 17632 11 13 59 39 39735 4621 18 		 
201212192059 경상남도 양산시 53870 42140 128 23324 18562 13 13 59 41 42012 2285 19 		 
201212192104 경상남도 양산시 58225 45599 131 25015 20317 14 18 63 41 45468 3459 20 		 
201212192105 경상남도 양산시 60658 47343 139 26190 20872 16 18 64 44 47204 1744 21 		 
201212192109 경상남도 양산시 63432 49300 149 27337 21665 19 19 66 45 49151 1957 22 		 
201212192113 경상남도 양산시 64054 49728 155 27655 21765 19 19 66 49 49573 428 23 		 
201212192119 경상남도 양산시 66300 51347 158 28707 22327 19 19 67 50 51189 1619 24 		 
201212192123 경상남도 양산시 69055 53282 167 29946 23009 21 19 68 52 53115 1935 25 		 
201212192125 경상남도 양산시 72441 55768 180 31445 23978 22 20 70 53 55588 2486 26 		 
201212192129 경상남도 양산시 74866 57589 190 32582 24646 23 22 71 55 57399 1821 27 		 
201212192204 경상남도 양산시 78250 60062 202 34035 25649 24 23 72 57 59860 2473 28 		 
201212192205 경상남도 양산시 81388 62503 206 35410 26706 25 23 75 58 62297 2441 29 		 
201212192209 경상남도 양산시 82564 63433 216 36087 26942 27 23 77 61 63217 930 30 		 
201212192211 경상남도 양산시 84705 65135 218 37136 27592 27 23 77 62 64917 1702 31 		 
201212192219 경상남도 양산시 86988 66746 232 38219 28101 29 23 77 65 66514 1611 32 		 
201212192224 경상남도 양산시 90104 69088 243 39733 28911 30 23 81 67 68845 2342 33 		 
201212192225 경상남도 양산시 93222 71419 253 41361 29590 32 23 82 78 71166 2331 34 		 
201212192228 경상남도 양산시 94765 72542 263 42177 29881 33 24 84 80 72279 1123 35 		 
201212192231 경상남도 양산시 96833 74184 273 43283 30403 34 25 84 82 73911 1642 36 		 
201212192232 경상남도 양산시 99517 76286 275 44585 31199 34 25 85 83 76011 2102 37 		 
201212192234 경상남도 양산시 103376 79182 284 46347 32318 35 26 86 86 78898 2896 38 		 
201212192241 경상남도 양산시 107388 82190 297 48271 33378 37 30 88 89 81893 3008 39 		 
201212192243 경상남도 양산시 110810 84894 302 49689 34653 39 32 89 90 84592 2704 40 		 
201212192245 경상남도 양산시 115640 88940 311 51781 36592 41 33 92 90 88629 4046 41 		 
201212192251 경상남도 양산시 121553 94392 419 54343 39321 53 41 103 112 93973 5452 42 		 
201212192253 경상남도 양산시 122684 95254 419 54931 39591 53 41 104 115 94835 862 43 		 
201212192254 경상남도 양산시 125565 97438 430 56296 40394 53 42 105 118 97008 2184 44 		 
201212192259 경상남도 양산시 128026 99181 440 57534 40881 55 42 109 120 98741 1743 45 		 
201212192301 경상남도 양산시 131486 102061 447 58976 42302 57 42 116 121 101614 2880 46 		 
201212192304 경상남도 양산시 134167 104097 455 60072 43228 57 43 119 123 103642 2036 47 		 
201212192305 경상남도 양산시 136147 105599 460 61066 43725 58 43 121 126 105139 1502 48 		 
201212192311 경상남도 양산시 139328 108054 467 62522 44716 58 43 121 127 107587 2455 49 		 
201212192314 경상남도 양산시 142100 110159 476 63749 45578 60 44 122 130 109683 2105 50 		 
201212192316 경상남도 양산시 144017 111625 486 64742 46037 61 45 122 132 111139 1466 51 		 
201212192318 경상남도 양산시 148309 114960 495 66581 47516 62 45 126 135 114465 3335 52 		 
201212192323 경상남도 양산시 151082 117082 503 67984 48225 62 46 126 136 116579 2122 53 		 
201212192324 경상남도 양산시 153971 119188 517 69234 49062 63 47 126 139 118671 2106 54 		 
201212192331 경상남도 양산시 155453 120282 535 70041 49328 64 47 127 140 119747 1094 55 		 
201212192332 경상남도 양산시 158718 122749 544 71595 50226 65 47 129 143 122205 2467 56 		 
201212192337 경상남도 양산시 161842 125152 560 72957 51238 66 47 134 150 124592 2403 57 		 
201212192345 경상남도 양산시 163063 126132 566 73668 51500 67 47 134 150 125566 980 58 		 
201212192347 경상남도 양산시 167326 129115 576 75518 52617 69 49 135 151 128539 2983 59 		 
201212192349 경상남도 양산시 169893 131025 584 76611 53417 70 51 139 153 130441 1910 60 		 
201212192354 경상남도 양산시 174414 134538 631 78669 54802 76 55 145 160 133907 3513 61 		 
201212192356 경상남도 양산시 178792 137518 651 80544 55875 79 55 151 163 136867 2980 62 		 
201212192359 경상남도 양산시 180824 139095 658 81482 56502 80 55 153 165 138437 1577 63 		 
201212200002 경상남도 양산시 184653 141924 670 83153 57643 82 55 153 168 141254 2829 64 		 
201212200004 경상남도 양산시 189843 145305 680 85225 58928 82 57 155 178 144625 3381 65 		 
201212200015 경상남도 양산시 193310 147978 689 86749 60059 83 57 160 181 147289 2673 66 		 
201212200020 경상남도 양산시 196389 150269 695 88145 60940 87 57 161 184 149574 2291 67 		 
201212200032 경상남도 양산시 199669 152776 705 89673 61897 88 59 166 188 152071 2507 68 		 
201212200035 경상남도 양산시 202418 154818 719 91036 62552 91 61 167 192 154099 2042 69 		 
201212200059 경상남도 양산시 207478 158887 732 93167 64467 91 61 170 199 158155 4069 70 		 
