Time AreaA AreaB Total TotalA Invalid VoteA VoteB VoteC VoteD VoteE VoteF TotalB Diff Count
201212191950 경상남도 하동군 2329 1799 12 1043 735 1 1 4 3 1787 1799 1 		 
201212192000 경상남도 하동군 3418 2639 22 1623 979 1 2 4 8 2617 840 2 		 
201212192004 경상남도 하동군 5770 4460 38 2786 1608 2 4 6 16 4422 1821 3 		 
201212192005 경상남도 하동군 7010 5461 62 3440 1915 5 5 7 27 5399 1001 4 		 
201212192008 경상남도 하동군 9405 7290 83 4585 2566 8 7 10 31 7207 1829 5 		 
201212192011 경상남도 하동군 10238 7978 97 5031 2781 9 8 11 41 7881 688 6 		 
201212192016 경상남도 하동군 12059 9411 122 5950 3241 15 10 16 57 9289 1433 7 		 
201212192017 경상남도 하동군 12839 10060 138 6419 3390 19 11 18 65 9922 649 8 		 
201212192021 경상남도 하동군 14531 11434 171 7377 3744 32 14 19 77 11263 1374 9 		 
201212192043 경상남도 하동군 17680 13849 206 8942 4525 36 19 22 99 13643 2415 10 		 
201212192052 경상남도 하동군 19537 15261 230 9795 5046 37 20 23 110 15031 1412 11 		 
201212192053 경상남도 하동군 20045 15637 237 9980 5222 39 20 25 114 15400 376 12 		 
201212192125 경상남도 하동군 22222 17304 263 11085 5727 43 20 27 139 17041 1667 13 		 
201212192126 경상남도 하동군 23459 18236 278 11723 5994 43 21 28 149 17958 932 14 		 
201212192143 경상남도 하동군 27253 21310 342 13774 6909 49 34 31 171 20968 3074 15 		 
201212192152 경상남도 하동군 28881 22588 370 14699 7199 51 40 36 193 22218 1278 16 		 
201212192210 경상남도 하동군 30580 23985 397 15648 7603 52 40 42 203 23588 1397 17 		 
201212192215 경상남도 하동군 31664 24792 407 16215 7826 52 41 45 206 24385 807 18 		 
201212192237 경상남도 하동군 34831 27241 432 17832 8616 56 43 47 215 26809 2449 19 		 
201212192240 경상남도 하동군 37110 29029 467 18974 9216 57 45 48 222 28562 1788 20 		 
201212192246 경상남도 하동군 40588 31803 560 20451 10401 64 48 53 226 31243 2774 21 		 
201212192251 경상남도 하동군 41492 32508 567 20882 10659 66 49 55 230 31941 705 22 		 
201212192254 경상남도 하동군 43256 33875 589 21750 11114 68 50 56 248 33286 1367 23 		 
201212192300 경상남도 하동군 43515 34056 591 21849 11192 70 50 56 248 33465 181 24 		 
