Time AreaA AreaB Total TotalA Invalid VoteA VoteB VoteC VoteD VoteE VoteF TotalB Diff Count
201212191949 경상북도 영주시 3063 2478 8 1738 727 0 1 2 2 2470 2478 1 		 
201212191950 경상북도 영주시 5174 4046 14 3033 987 0 2 4 6 4032 1568 2 		 
201212191958 경상북도 영주시 6541 5215 15 3855 1329 0 3 6 7 5200 1169 3 		 
201212191959 경상북도 영주시 8050 6330 20 4808 1482 0 3 7 10 6310 1115 4 		 
201212192000 경상북도 영주시 9276 7282 23 5587 1649 0 3 8 12 7259 952 5 		 
201212192002 경상북도 영주시 13313 10493 62 8102 2271 4 6 14 34 10431 3211 6 		 
201212192003 경상북도 영주시 15664 12332 63 9547 2659 4 6 15 38 12269 1839 7 		 
201212192004 경상북도 영주시 18884 14906 66 11454 3315 4 7 19 41 14840 2574 8 		 
201212192005 경상북도 영주시 20501 16126 67 12427 3557 5 7 21 42 16059 1220 9 		 
201212192006 경상북도 영주시 21841 17151 70 13276 3725 6 9 21 44 17081 1025 10 		 
201212192007 경상북도 영주시 23163 18154 71 14072 3927 6 9 23 46 18083 1003 11 		 
201212192008 경상북도 영주시 24758 19414 78 15094 4152 6 9 25 50 19336 1260 12 		 
201212192019 경상북도 영주시 26040 20474 79 15869 4435 6 9 25 51 20395 1060 13 		 
201212192021 경상북도 영주시 28420 22276 85 17377 4715 6 11 26 56 22191 1802 14 		 
201212192022 경상북도 영주시 30352 23889 90 18509 5189 6 11 27 57 23799 1613 15 		 
201212192023 경상북도 영주시 34067 26823 102 20817 5768 8 12 32 84 26721 2934 16 		 
201212192024 경상북도 영주시 36402 28758 105 22136 6372 8 12 34 91 28653 1935 17 		 
201212192025 경상북도 영주시 41275 32595 109 25198 7131 8 14 40 95 32486 3837 18 		 
201212192026 경상북도 영주시 41911 33120 114 25658 7188 8 14 40 98 33006 525 19 		 
201212192027 경상북도 영주시 43157 34082 116 26455 7347 10 14 42 98 33966 962 20 		 
201212192033 경상북도 영주시 45686 36049 124 27910 7844 11 15 45 100 35925 1967 21 		 
201212192034 경상북도 영주시 49361 38901 133 30269 8313 11 16 49 110 38768 2852 22 		 
201212192035 경상북도 영주시 50662 39926 143 31136 8454 12 16 49 116 39783 1025 23 		 
201212192036 경상북도 영주시 54105 42584 162 33304 8906 13 17 51 131 42422 2658 24 		 
201212192038 경상북도 영주시 55034 43314 166 33918 9015 13 17 51 134 43148 730 25 		 
201212192041 경상북도 영주시 57287 45079 171 35249 9437 13 18 53 138 44908 1765 26 		 
201212192042 경상북도 영주시 58134 45781 178 35848 9523 13 18 54 147 45603 702 27 		 
201212192048 경상북도 영주시 63212 49632 191 38784 10409 14 21 57 156 49441 3851 28 		 
201212192053 경상북도 영주시 67401 52903 198 41336 11101 15 24 60 169 52705 3271 29 		 
201212192055 경상북도 영주시 69349 54467 206 42617 11355 15 24 64 186 54261 1564 30 		 
201212192056 경상북도 영주시 71253 55914 213 43845 11561 15 24 64 192 55701 1447 31 		 
201212192101 경상북도 영주시 73640 57642 221 45226 11891 16 26 69 193 57421 1728 32 		 
201212192102 경상북도 영주시 75746 59337 232 46646 12139 18 26 69 207 59105 1695 33 		 
201212192103 경상북도 영주시 77947 60980 236 47935 12477 21 26 71 214 60744 1643 34 		 
201212192106 경상북도 영주시 78722 61610 239 48446 12583 21 27 72 222 61371 630 35 		 
201212192107 경상북도 영주시 84011 65675 259 51441 13615 21 28 75 236 65416 4065 36 		 
201212192108 경상북도 영주시 86382 67494 270 52941 13907 23 28 77 248 67224 1819 37 		 
201212192118 경상북도 영주시 88579 69196 278 54329 14207 23 28 78 253 68918 1702 38 		 
201212192135 경상북도 영주시 88802 69365 280 54399 14301 24 28 80 253 69085 169 39 		 
201212192141 경상북도 영주시 92433 72614 339 56360 15493 32 33 88 269 72275 3249 40 		 
