Time AreaA AreaB Total TotalA Invalid VoteA VoteB VoteC VoteD VoteE VoteF TotalB Diff Count
201212191902 경상북도 예천군 842 686 7 585 86 0 0 0 8 679 686 1 		 
201212191910 경상북도 예천군 3119 2375 12 1974 375 2 0 2 10 2363 1689 2 		 
201212191932 경상북도 예천군 5685 4417 34 3666 671 4 2 6 34 4383 2042 3 		 
201212191933 경상북도 예천군 7313 5708 52 4745 849 5 2 7 48 5656 1291 4 		 
201212191939 경상북도 예천군 9931 7812 69 6511 1151 14 2 9 56 7743 2104 5 		 
201212191954 경상북도 예천군 12579 9946 82 8233 1533 19 6 12 61 9864 2134 6 		 
201212192002 경상북도 예천군 13694 10837 99 8988 1628 24 7 15 76 10738 891 7 		 
201212192016 경상북도 예천군 17021 13468 117 11147 2069 31 7 15 82 13351 2631 8 		 
201212192020 경상북도 예천군 18395 14588 138 12115 2171 44 9 17 94 14450 1120 9 		 
201212192034 경상북도 예천군 20298 16098 166 13414 2318 60 16 18 106 15932 1510 10 		 
201212192035 경상북도 예천군 21646 17177 184 14336 2435 65 17 19 121 16993 1079 11 		 
201212192042 경상북도 예천군 22433 17827 197 14884 2509 65 17 21 134 17630 650 12 		 
201212192049 경상북도 예천군 24515 19672 297 16116 3001 68 23 30 137 19375 1845 13 		 
201212192050 경상북도 예천군 25366 20334 313 16661 3078 83 25 31 143 20021 662 14 		 
201212192059 경상북도 예천군 28074 22385 331 18332 3421 91 25 35 150 22054 2051 15 		 
201212192102 경상북도 예천군 29323 23437 341 19222 3559 93 25 37 160 23096 1052 16 		 
201212192105 경상북도 예천군 29796 23824 344 19553 3607 93 25 37 165 23480 387 17 		 
201212192108 경상북도 예천군 30745 24595 349 20212 3701 93 25 40 175 24246 771 18 		 
201212192118 경상북도 예천군 31651 25334 360 20851 3771 95 25 41 191 24974 739 19 		 
201212192121 경상북도 예천군 33365 26728 372 22072 3917 96 26 42 203 26356 1394 20 		 
201212192123 경상북도 예천군 33561 26870 375 22160 3968 96 26 42 203 26495 142 21 		 
201212192129 경상북도 예천군 35869 28753 386 23782 4193 97 28 45 222 28367 1883 22 		 
201212192131 경상북도 예천군 37957 30422 421 25179 4379 112 47 48 236 30001 1669 23 		 
201212192135 경상북도 예천군 39474 31663 430 26274 4496 112 47 53 251 31233 1241 24 		 
201212192136 경상북도 예천군 40063 32133 432 26662 4564 112 47 55 261 31701 470 25 		 
201212192147 경상북도 예천군 40063 32134 432 26663 4564 112 47 55 261 31702 1 26 		 
