Time AreaA AreaB Total TotalA Invalid VoteA VoteB VoteC VoteD VoteE VoteF TotalB Diff Count
201212191945 경상북도 김천시 1336 1125 9 961 147 0 1 2 5 1116 1125 1 		 
201212191953 경상북도 김천시 3033 2492 17 2126 332 0 1 4 12 2475 1367 2 		 
201212191954 경상북도 김천시 6126 4952 24 4153 753 0 3 4 15 4928 2460 3 		 
201212191956 경상북도 김천시 7442 6030 27 5077 894 0 3 6 23 6003 1078 4 		 
201212191959 경상북도 김천시 9632 7764 33 6588 1108 0 3 7 25 7731 1734 5 		 
201212192001 경상북도 김천시 11532 9324 39 7964 1283 0 3 8 27 9285 1560 6 		 
201212192002 경상북도 김천시 13561 10904 44 9261 1559 0 3 8 29 10860 1580 7 		 
201212192005 경상북도 김천시 15466 12331 46 10508 1733 0 3 9 32 12285 1427 8 		 
201212192007 경상북도 김천시 17760 14089 55 11910 2074 0 5 12 33 14034 1758 9 		 
201212192010 경상북도 김천시 19208 15246 58 12903 2233 0 5 12 35 15188 1157 10 		 
201212192012 경상북도 김천시 21833 17239 64 14517 2594 0 5 19 40 17175 1993 11 		 
201212192014 경상북도 김천시 24150 19071 68 16099 2833 1 5 19 46 19003 1832 12 		 
201212192031 경상북도 김천시 26383 20776 69 17561 3074 1 5 19 47 20707 1705 13 		 
201212192033 경상북도 김천시 29124 23039 75 19326 3558 1 6 20 53 22964 2263 14 		 
201212192036 경상북도 김천시 31897 25219 78 21161 3895 2 6 21 56 25141 2180 15 		 
201212192038 경상북도 김천시 34622 27549 83 22949 4430 3 6 21 57 27466 2330 16 		 
201212192039 경상북도 김천시 39345 31179 91 25740 5243 5 8 31 61 31088 3630 17 		 
201212192044 경상북도 김천시 42029 33392 99 27419 5762 6 9 35 62 33293 2213 18 		 
201212192046 경상북도 김천시 44643 35442 102 29159 6061 8 9 36 67 35340 2050 19 		 
201212192105 경상북도 김천시 45874 36452 108 30020 6199 8 9 36 72 36344 1010 20 		 
201212192107 경상북도 김천시 48302 38360 122 31674 6423 8 11 38 84 38238 1908 21 		 
201212192128 경상북도 김천시 50826 40378 132 33411 6684 8 13 41 89 40246 2018 22 		 
201212192129 경상북도 김천시 52911 42012 148 34808 6889 8 13 44 102 41864 1634 23 		 
201212192131 경상북도 김천시 53576 42463 152 35108 7035 8 13 44 103 42311 451 24 		 
201212192134 경상북도 김천시 56592 44734 155 36982 7422 9 16 46 104 44579 2271 25 		 
201212192135 경상북도 김천시 58369 46100 163 38181 7574 10 16 47 109 45937 1366 26 		 
201212192137 경상북도 김천시 60017 47449 168 39416 7681 10 16 47 111 47281 1349 27 		 
201212192138 경상북도 김천시 61793 48757 195 40550 7808 11 21 53 119 48562 1308 28 		 
201212192140 경상북도 김천시 63346 50058 197 41745 7903 11 21 54 127 49861 1301 29 		 
201212192141 경상북도 김천시 63672 50303 202 41954 7929 11 21 54 132 50101 245 30 		 
201212192143 경상북도 김천시 64965 51349 214 42872 8037 11 21 54 140 51135 1046 31 		 
201212192144 경상북도 김천시 67061 52892 231 44167 8254 11 21 58 150 52661 1543 32 		 
201212192146 경상북도 김천시 70701 55950 241 46522 8938 13 21 62 153 55709 3058 33 		 
201212192147 경상북도 김천시 72609 57516 249 47912 9094 14 21 63 163 57267 1566 34 		 
201212192148 경상북도 김천시 74170 58806 254 49052 9230 14 22 64 170 58552 1290 35 		 
201212192150 경상북도 김천시 77528 61332 267 51153 9635 14 22 66 175 61065 2526 36 		 
201212192151 경상북도 김천시 79940 63143 273 52640 9948 15 23 68 176 62870 1811 37 		 
201212192153 경상북도 김천시 81137 64094 288 53440 10062 16 24 70 194 63806 951 38 		 
201212192154 경상북도 김천시 84657 66872 295 55790 10480 16 25 70 196 66577 2778 39 		 
201212192156 경상북도 김천시 85674 67717 302 56500 10594 16 26 71 208 67415 845 40 		 
201212192157 경상북도 김천시 87109 68798 309 57434 10719 16 26 71 223 68489 1081 41 		 
201212192159 경상북도 김천시 89327 70582 327 58972 10932 16 26 73 236 70255 1784 42 		 
201212192200 경상북도 김천시 93625 73975 337 61758 11517 18 27 75 243 73638 3393 43 		 
201212192201 경상북도 김천시 97224 76742 346 63949 12075 19 30 77 246 76396 2767 44 		 
201212192203 경상북도 김천시 98586 77799 353 64854 12203 20 30 80 259 77446 1057 45 		 
201212192204 경상북도 김천시 100446 79297 369 66175 12350 20 31 81 271 78928 1498 46 		 
201212192205 경상북도 김천시 102938 81328 380 67958 12575 20 31 82 282 80948 2031 47 		 
201212192206 경상북도 김천시 104785 82833 389 69329 12695 20 31 82 287 82444 1505 48 		 
201212192207 경상북도 김천시 106228 83981 397 70345 12806 20 32 86 295 83584 1148 49 		 
201212192214 경상북도 김천시 111030 88157 504 73115 14072 30 41 96 299 87653 4176 50 		 
