Time AreaA AreaB Total TotalA Invalid VoteA VoteB VoteC VoteD VoteE VoteF TotalB Diff Count
201212191842 경상북도 울진군 150 100 0 57 43 0 0 0 0 100 100 1 		 
201212191942 경상북도 울진군 2619 2003 11 1646 330 0 1 2 13 1992 1903 2 		 
201212191947 경상북도 울진군 4738 3691 20 2979 668 0 1 9 14 3671 1688 3 		 
201212191951 경상북도 울진군 7288 5730 27 4480 1191 0 1 11 20 5703 2039 4 		 
201212191953 경상북도 울진군 9809 7652 34 5990 1592 0 1 12 23 7618 1922 5 		 
201212191957 경상북도 울진군 12487 9581 45 7496 1991 0 2 14 33 9536 1929 6 		 
201212192000 경상북도 울진군 13115 10073 56 7885 2076 0 2 16 38 10017 492 7 		 
201212192005 경상북도 울진군 16109 12478 61 9650 2700 0 3 18 46 12417 2405 8 		 
201212192009 경상북도 울진군 19283 14808 72 11524 3131 1 4 20 56 14736 2330 9 		 
201212192013 경상북도 울진군 20460 15732 83 12334 3217 3 4 23 68 15649 924 10 		 
201212192016 경상북도 울진군 22183 17024 87 13505 3326 3 4 24 75 16937 1292 11 		 
201212192018 경상북도 울진군 23314 17891 94 14251 3432 3 4 27 80 17797 867 12 		 
201212192020 경상북도 울진군 24714 18990 103 15223 3538 4 5 28 89 18887 1099 13 		 
201212192023 경상북도 울진군 25294 19457 112 15627 3581 5 5 28 99 19345 467 14 		 
201212192036 경상북도 울진군 27830 21369 121 17307 3794 5 5 31 106 21248 1912 15 		 
201212192039 경상북도 울진군 28099 21584 127 17474 3832 5 5 33 108 21457 215 16 		 
201212192042 경상북도 울진군 30001 23309 166 18573 4410 6 8 36 110 23143 1725 17 		 
201212192045 경상북도 울진군 31378 24363 175 19460 4559 6 9 36 118 24188 1054 18 		 
201212192047 경상북도 울진군 33478 26072 180 20382 5334 6 10 38 122 25892 1709 19 		 
201212192052 경상북도 울진군 35941 27969 205 21981 5573 7 11 43 149 27764 1897 20 		 
201212192057 경상북도 울진군 37961 29540 219 23283 5801 7 12 46 172 29321 1571 21 		 
201212192058 경상북도 울진군 40467 31354 226 24809 6070 8 12 46 183 31128 1814 22 		 
201212192100 경상북도 울진군 42919 33221 236 26387 6341 8 12 49 188 32985 1867 23 		 
