Time AreaA AreaB Total TotalA Invalid VoteA VoteB VoteC VoteD VoteE VoteF TotalB Diff Count
201212191934 경상남도 남해군 1563 1176 8 829 330 1 0 5 3 1168 1176 1 		 
201212191939 경상남도 남해군 3987 2983 17 1930 1019 3 0 6 8 2966 1807 2 		 
201212191945 경상남도 남해군 7316 5537 31 3461 2014 6 0 9 16 5506 2554 3 		 
201212191956 경상남도 남해군 9233 7008 62 4506 2390 11 2 10 27 6946 1471 4 		 
201212192004 경상남도 남해군 11060 8426 80 5477 2800 15 2 13 39 8346 1418 5 		 
201212192008 경상남도 남해군 11930 9090 98 5954 2959 16 3 15 45 8992 664 6 		 
201212192015 경상남도 남해군 13471 10283 118 6630 3450 18 3 16 48 10165 1193 7 		 
201212192039 경상남도 남해군 16566 12587 145 8085 4258 24 4 19 52 12442 2304 8 		 
201212192042 경상남도 남해군 18168 13751 179 8936 4528 27 5 19 57 13572 1164 9 		 
201212192054 경상남도 남해군 20209 15294 211 9913 5044 34 5 21 66 15083 1543 10 		 
201212192104 경상남도 남해군 21959 16879 237 10663 5846 37 6 22 68 16642 1585 11 		 
201212192109 경상남도 남해군 23551 18077 265 11499 6162 41 6 24 80 17812 1198 12 		 
201212192114 경상남도 남해군 25743 19776 293 12647 6659 46 9 29 93 19483 1699 13 		 
201212192123 경상남도 남해군 27734 21265 313 13694 7063 48 11 30 106 20952 1489 14 		 
201212192129 경상남도 남해군 30366 23242 335 15174 7507 51 13 37 125 22907 1977 15 		 
201212192137 경상남도 남해군 33475 25591 363 16964 8015 54 15 37 143 25228 2349 16 		 
201212192148 경상남도 남해군 35737 27251 384 18140 8461 55 15 42 154 26867 1660 17 		 
201212192150 경상남도 남해군 37598 28622 398 19038 8900 62 15 45 164 28224 1371 18 		 
201212192154 경상남도 남해군 38751 29495 423 19719 9053 67 15 46 172 29072 873 19 		 
201212192156 경상남도 남해군 39863 30362 433 20340 9281 70 16 46 176 29929 867 20 		 
201212192159 경상남도 남해군 40175 30584 433 20468 9374 70 16 46 177 30151 222 21 		 
201212192212 경상남도 남해군 41299 31407 439 21100 9548 72 16 50 182 30968 823 22 		 
201212192227 경상남도 남해군 42153 32090 454 21551 9756 75 17 51 186 31636 683 23 		 
