Time AreaA AreaB Total TotalA Invalid VoteA VoteB VoteC VoteD VoteE VoteF TotalB Diff Count
201212191912 경상북도 상주시 381 255 0 179 73 0 1 0 2 255 255 1 		 
201212191922 경상북도 상주시 1533 1147 3 919 220 0 1 1 3 1144 892 2 		 
201212191927 경상북도 상주시 2528 1929 5 1614 300 0 1 1 8 1924 782 3 		 
201212191935 경상북도 상주시 3538 2704 6 2285 399 0 1 2 11 2698 775 4 		 
201212191939 경상북도 상주시 4905 3741 12 3177 526 1 2 2 21 3729 1037 5 		 
201212191943 경상북도 상주시 6049 4677 16 3939 694 2 2 2 22 4661 936 6 		 
201212191946 경상북도 상주시 7385 5683 19 4783 849 2 3 3 24 5664 1006 7 		 
201212191950 경상북도 상주시 8341 6459 27 5487 908 2 3 4 28 6432 776 8 		 
201212191952 경상북도 상주시 9842 7617 32 6453 1091 2 3 5 31 7585 1158 9 		 
201212191954 경상북도 상주시 11383 8797 38 7492 1216 2 4 5 40 8759 1180 10 		 
201212191958 경상북도 상주시 12548 9732 40 8265 1373 3 5 5 41 9692 935 11 		 
201212192001 경상북도 상주시 14187 10970 44 9265 1601 3 5 8 44 10926 1238 12 		 
201212192006 경상북도 상주시 16294 12540 51 10590 1835 3 5 10 46 12489 1570 13 		 
201212192022 경상북도 상주시 18147 14009 62 11901 1969 3 5 11 58 13947 1469 14 		 
201212192025 경상북도 상주시 19652 15216 72 12994 2062 4 5 12 67 15144 1207 15 		 
201212192028 경상북도 상주시 21384 16629 75 14137 2324 4 5 14 70 16554 1413 16 		 
201212192034 경상북도 상주시 23134 17999 80 15319 2503 4 5 15 73 17919 1370 17 		 
201212192040 경상북도 상주시 26127 20387 84 17101 3097 5 6 19 75 20303 2388 18 		 
201212192048 경상북도 상주시 27210 21281 100 17874 3182 5 6 20 94 21181 894 19 		 
201212192051 경상북도 상주시 27966 21855 104 18362 3251 5 7 24 102 21751 574 20 		 
201212192059 경상북도 상주시 29511 23001 117 19369 3363 5 8 25 114 22884 1146 21 		 
201212192104 경상북도 상주시 31165 24288 121 20528 3479 5 9 25 121 24167 1287 22 		 
201212192105 경상북도 상주시 32480 25289 127 21342 3653 5 10 27 125 25162 1001 23 		 
201212192107 경상북도 상주시 32832 25580 130 21607 3672 5 10 27 129 25450 291 24 		 
201212192110 경상북도 상주시 34551 26938 140 22727 3879 5 11 28 148 26798 1358 25 		 
201212192118 경상북도 상주시 36200 28193 151 23787 4053 5 11 29 157 28042 1255 26 		 
201212192121 경상북도 상주시 37540 29296 159 24770 4152 5 13 31 166 29137 1103 27 		 
201212192125 경상북도 상주시 39544 30864 165 26122 4349 5 13 32 178 30699 1568 28 		 
201212192129 경상북도 상주시 40749 31821 174 26972 4437 5 13 33 187 31647 957 29 		 
201212192133 경상북도 상주시 42444 33179 189 28151 4587 5 13 34 200 32990 1358 30 		 
201212192136 경상북도 상주시 44221 34598 198 29411 4722 5 14 35 213 34400 1419 31 		 
201212192151 경상북도 상주시 45512 35660 208 30355 4802 5 15 36 239 35452 1062 32 		 
201212192152 경상북도 상주시 46894 36819 216 31290 4997 9 17 40 250 36603 1159 33 		 
201212192154 경상북도 상주시 47782 37536 219 31914 5077 9 17 40 260 37317 717 34 		 
201212192155 경상북도 상주시 50243 39450 233 33534 5346 13 17 40 267 39217 1914 35 		 
201212192157 경상북도 상주시 52442 41184 235 34963 5646 14 17 42 267 40949 1734 36 		 
201212192158 경상북도 상주시 55282 43467 239 36757 6119 14 20 50 268 43228 2283 37 		 
201212192209 경상북도 상주시 57054 44876 244 37918 6360 14 20 50 270 44632 1409 38 		 
201212192211 경상북도 상주시 59070 46442 246 39254 6580 15 21 50 276 46196 1566 39 		 
201212192213 경상북도 상주시 60352 47442 256 40108 6695 15 25 54 289 47186 1000 40 		 
201212192214 경상북도 상주시 62667 49349 280 41770 6891 16 27 56 309 49069 1907 41 		 
201212192215 경상북도 상주시 63894 50332 281 42604 7036 16 27 58 310 50051 983 42 		 
201212192230 경상북도 상주시 64723 51002 286 43202 7093 17 27 59 318 50716 670 43 		 
201212192232 경상북도 상주시 65417 51579 295 43714 7143 18 27 59 323 51284 577 44 		 
201212192234 경상북도 상주시 66394 52334 305 44373 7217 18 27 61 333 52029 755 45 		 
201212192235 경상북도 상주시 67618 53289 311 45194 7332 18 27 62 345 52978 955 46 		 
201212192236 경상북도 상주시 68505 54022 317 45835 7399 18 27 64 362 53705 733 47 		 
201212192238 경상북도 상주시 70495 55631 325 47204 7621 18 27 67 369 55306 1609 48 		 
201212192239 경상북도 상주시 71215 56207 328 47717 7675 18 27 67 375 55879 576 49 		 
201212192240 경상북도 상주시 72253 57023 330 48447 7753 19 28 67 379 56693 816 50 		 
201212192241 경상북도 상주시 74059 58430 341 49679 7905 19 28 68 390 58089 1407 51 		 
201212192243 경상북도 상주시 75521 59588 342 50616 8123 19 28 69 391 59246 1158 52 		 
201212192244 경상북도 상주시 76797 60666 352 51557 8240 19 28 69 401 60314 1078 53 		 
201212192245 경상북도 상주시 77519 61224 361 51997 8336 20 29 70 411 60863 558 54 		 
201212192247 경상북도 상주시 78476 62033 368 52679 8442 20 30 73 421 61665 809 55 		 
201212192248 경상북도 상주시 79533 62852 372 53322 8611 20 30 73 424 62480 819 56 		 
201212192249 경상북도 상주시 81434 64358 379 54618 8796 20 30 76 439 63979 1506 57 		 
201212192251 경상북도 상주시 83967 66394 387 56229 9205 20 31 80 442 66007 2036 58 		 
201212192309 경상북도 상주시 87996 69898 473 58560 10254 26 34 89 462 69425 3504 59 		 
