Time AreaA AreaB Total TotalA Invalid VoteA VoteB VoteC VoteD VoteE VoteF TotalB Diff Count
201212191951 경상북도 경산시 1878 1493 7 1278 195 0 7 3 3 1486 1493 1 		 
201212191954 경상북도 경산시 3510 2708 23 2328 338 2 9 3 5 2685 1215 2 		 
201212191956 경상북도 경산시 5653 4355 28 3677 623 3 11 6 7 4327 1647 3 		 
201212192011 경상북도 경산시 6797 5254 39 4458 723 3 12 11 8 5215 899 4 		 
201212192013 경상북도 경산시 9079 7023 49 5917 1017 3 14 13 10 6974 1769 5 		 
201212192015 경상북도 경산시 11369 8826 74 7403 1287 14 16 16 16 8752 1803 6 		 
201212192022 경상북도 경산시 13536 10518 90 8838 1505 15 19 19 32 10428 1692 7 		 
201212192026 경상북도 경산시 18014 13951 111 11628 2107 16 25 23 41 13840 3433 8 		 
201212192028 경상북도 경산시 21281 16696 116 13794 2671 17 29 25 44 16580 2745 9 		 
201212192029 경상북도 경산시 23816 18773 121 15399 3130 18 29 31 45 18652 2077 10 		 
201212192030 경상북도 경산시 27505 21771 127 17537 3974 18 29 39 47 21644 2998 11 		 
201212192036 경상북도 경산시 30094 24003 131 19193 4536 18 31 42 52 23872 2232 12 		 
201212192037 경상북도 경산시 33300 26680 138 21326 5067 18 31 46 54 26542 2677 13 		 
201212192038 경상북도 경산시 39139 30919 157 24550 6045 19 31 53 64 30762 4239 14 		 
201212192039 경상북도 경산시 40868 32295 167 25733 6208 22 33 58 74 32128 1376 15 		 
201212192040 경상북도 경산시 42377 33446 181 26692 6364 23 35 62 89 33265 1151 16 		 
201212192041 경상북도 경산시 44528 35054 186 27886 6766 24 38 64 90 34868 1608 17 		 
201212192042 경상북도 경산시 49749 39047 203 30986 7620 26 42 74 96 38844 3993 18 		 
201212192044 경상북도 경산시 50739 39842 209 31685 7702 28 42 76 100 39633 795 19 		 
201212192049 경상북도 경산시 52348 41088 222 32680 7928 30 42 78 108 40866 1246 20 		 
201212192050 경상북도 경산시 56533 44602 236 35360 8737 32 43 85 109 44366 3514 21 		 
201212192052 경상북도 경산시 58740 46330 265 36821 8949 34 48 94 119 46065 1728 22 		 
201212192055 경상북도 경산시 61535 47865 274 37957 9332 36 49 96 121 47591 1535 23 		 
201212192105 경상북도 경산시 65742 50609 282 40023 9992 36 51 100 125 50327 2744 24 		 
201212192107 경상북도 경산시 70201 53965 295 42706 10636 40 54 104 130 53670 3356 25 		 
201212192108 경상북도 경산시 72209 55525 299 43894 10995 40 55 107 135 55226 1560 26 		 
201212192110 경상북도 경산시 75666 58288 310 46022 11606 41 57 113 139 57978 2763 27 		 
201212192112 경상북도 경산시 81664 62991 329 49915 12365 48 60 124 150 62662 4703 28 		 
201212192113 경상북도 경산시 85853 65904 343 52136 13036 50 61 126 152 65561 2913 29 		 
201212192114 경상북도 경산시 87456 67109 354 53149 13203 52 61 133 157 66755 1205 30 		 
201212192130 경상북도 경산시 91316 70066 371 55560 13714 55 64 140 162 69695 2957 31 		 
201212192131 경상북도 경산시 95152 73028 385 57783 14426 56 67 144 167 72643 2962 32 		 
201212192132 경상북도 경산시 98798 75842 420 60113 14842 58 69 151 189 75422 2814 33 		 
201212192134 경상북도 경산시 100150 76940 442 61047 14972 61 70 154 194 76498 1098 34 		 
201212192136 경상북도 경산시 103027 79223 452 62859 15421 61 72 158 200 78771 2283 35 		 
201212192137 경상북도 경산시 105926 81547 455 64623 15966 62 75 164 202 81092 2324 36 		 
201212192145 경상북도 경산시 107813 82926 466 65812 16131 64 76 167 210 82460 1379 37 		 
201212192147 경상북도 경산시 110206 84817 472 67292 16528 65 76 171 213 84345 1891 38 		 
201212192150 경상북도 경산시 112737 86724 482 68854 16851 67 77 173 220 86242 1907 39 		 
201212192151 경상북도 경산시 115584 89029 490 70675 17318 68 78 176 224 88539 2305 40 		 
201212192156 경상북도 경산시 121653 93374 507 74117 18190 71 78 182 229 92867 4345 41 		 
201212192157 경상북도 경산시 123793 95173 510 75539 18557 71 79 182 235 94663 1799 42 		 
201212192204 경상북도 경산시 126587 97516 514 77280 19150 72 80 184 236 97002 2343 43 		 
201212192207 경상북도 경산시 133661 103083 529 81526 20444 77 81 190 236 102554 5567 44 		 
201212192228 경상북도 경산시 138148 106663 540 84231 21298 78 81 196 239 106123 3580 45 		 
201212192229 경상북도 경산시 145063 111912 566 88418 22307 83 89 201 248 111346 5249 46 		 
201212192230 경상북도 경산시 150957 116309 579 91809 23282 87 91 209 252 115730 4397 47 		 
201212192232 경상북도 경산시 155178 119318 627 94250 23753 103 94 216 275 118691 3009 48 		 
201212192233 경상북도 경산시 160892 123740 645 97691 24703 105 99 220 277 123095 4422 49 		 
201212192235 경상북도 경산시 164324 126551 652 99781 25402 108 102 227 279 125899 2811 50 		 
201212192237 경상북도 경산시 167135 128637 664 101456 25789 109 105 230 284 127973 2086 51 		 
201212192238 경상북도 경산시 169493 130449 678 102968 26056 113 108 233 293 129771 1812 52 		 
201212192243 경상북도 경산시 172256 132509 685 104690 26379 114 108 237 296 131824 2060 53 		 
201212192244 경상북도 경산시 175147 134688 685 106371 26868 115 110 243 296 134003 2179 54 		 
201212192252 경상북도 경산시 178288 137072 693 108232 27376 116 111 246 298 136379 2384 55 		 
201212192255 경상북도 경산시 183548 141166 708 111461 28208 118 112 256 303 140458 4094 56 		 
201212192308 경상북도 경산시 186310 143219 716 113091 28613 119 112 259 309 142503 2053 57 		 
201212192341 경상북도 경산시 187069 143713 717 113342 28854 119 112 260 309 142996 494 58 		 
201212192344 경상북도 경산시 190782 146572 725 115641 29396 119 113 266 312 145847 2859 59 		 
201212200007 경상북도 경산시 195908 151375 799 118852 30878 124 120 280 322 150576 4803 60 		 
201212200020 경상북도 경산시 195908 151356 798 118770 30948 122 119 280 319 150558 -19 61 		 
201212200025 경상북도 경산시 195908 151375 799 118852 30878 124 120 280 322 150576 19 62 		 
201212200035 경상북도 경산시 195908 151392 799 118866 30881 124 120 280 322 150593 17 63 		 
201212200053 경상북도 경산시 195908 151391 799 118865 30881 124 120 280 322 150592 -1 64 		 
