Time AreaA AreaB Total TotalA Invalid VoteA VoteB VoteC VoteD VoteE VoteF TotalB Diff Count
201212191911 경상북도 군위군 253 170 4 132 33 0 1 0 0 166 170 1 		 
201212191949 경상북도 군위군 2291 1814 10 1527 268 1 2 2 4 1804 1644 2 		 
201212191956 경상북도 군위군 3578 2900 17 2478 387 1 4 3 10 2883 1086 3 		 
201212191958 경상북도 군위군 4386 3567 22 3080 439 2 4 3 17 3545 667 4 		 
201212192003 경상북도 군위군 5282 4278 24 3713 509 2 4 5 21 4254 711 5 		 
201212192006 경상북도 군위군 7567 6059 31 5220 771 2 5 5 25 6028 1781 6 		 
201212192015 경상북도 군위군 8673 7058 45 5910 1060 2 5 9 27 7013 999 7 		 
201212192018 경상북도 군위군 9234 7481 48 6270 1115 2 5 10 31 7433 423 8 		 
201212192022 경상북도 군위군 9840 7986 50 6724 1160 4 5 10 33 7936 505 9 		 
201212192028 경상북도 군위군 10429 8476 56 7152 1210 4 5 11 38 8420 490 10 		 
201212192031 경상북도 군위군 11049 8973 65 7588 1252 4 5 11 48 8908 497 11 		 
201212192035 경상북도 군위군 12974 10525 76 8969 1407 4 5 12 52 10449 1552 12 		 
201212192054 경상북도 군위군 13925 11300 78 9663 1478 4 5 12 60 11222 775 13 		 
201212192056 경상북도 군위군 16147 13076 87 11198 1692 4 8 14 73 12989 1776 14 		 
201212192104 경상북도 군위군 17173 13920 92 11941 1780 4 8 15 80 13828 844 15 		 
201212192106 경상북도 군위군 17773 14441 100 12398 1831 4 8 17 83 14341 521 16 		 
201212192108 경상북도 군위군 18318 14885 106 12801 1860 4 8 17 89 14779 444 17 		 
201212192110 경상북도 군위군 19692 16015 116 13833 1940 4 8 18 96 15899 1130 18 		 
201212192112 경상북도 군위군 20575 16755 120 14483 2023 4 8 18 99 16635 740 19 		 
201212192118 경상북도 군위군 21881 17848 127 15457 2126 4 9 20 105 17721 1093 20 		 
