Time AreaA AreaB Total TotalA Invalid VoteA VoteB VoteC VoteD VoteE VoteF TotalB Diff Count
201212191927 경상북도 영천시 1233 898 0 788 107 0 0 1 2 898 898 1 		 
201212191940 경상북도 영천시 3393 2533 59 2096 348 5 4 3 18 2474 1635 2 		 
201212191947 경상북도 영천시 5679 4292 62 3547 648 5 5 4 21 4230 1759 3 		 
201212191956 경상북도 영천시 8290 6331 67 5236 986 5 6 5 26 6264 2039 4 		 
201212192008 경상북도 영천시 11598 8942 72 7340 1483 7 6 8 26 8870 2611 5 		 
201212192009 경상북도 영천시 13740 10555 80 8687 1738 7 7 9 27 10475 1613 6 		 
201212192021 경상북도 영천시 16508 12700 86 10457 2101 7 9 12 28 12614 2145 7 		 
201212192022 경상북도 영천시 18688 14341 91 11851 2335 7 9 15 33 14250 1641 8 		 
201212192024 경상북도 영천시 20115 15430 95 12744 2519 7 10 16 39 15335 1089 9 		 
201212192031 경상북도 영천시 21993 16861 117 13987 2676 8 11 17 45 16744 1431 10 		 
201212192034 경상북도 영천시 23325 17927 122 14894 2823 8 11 20 49 17805 1066 11 		 
201212192053 경상북도 영천시 27164 20837 133 17153 3450 10 12 22 57 20704 2910 12 		 
201212192054 경상북도 영천시 29886 22921 138 18887 3787 10 12 26 61 22783 2084 13 		 
201212192056 경상북도 영천시 32068 24620 144 20355 4004 12 12 26 67 24476 1699 14 		 
201212192057 경상북도 영천시 34523 26643 152 21984 4385 12 12 28 70 26491 2023 15 		 
201212192103 경상북도 영천시 36277 28020 173 23177 4532 13 12 32 81 27847 1377 16 		 
201212192107 경상북도 영천시 37733 29104 183 24088 4688 13 12 33 87 28921 1084 17 		 
201212192111 경상북도 영천시 40345 31229 198 25815 5057 13 12 39 95 31031 2125 18 		 
201212192115 경상북도 영천시 41422 32045 202 26514 5162 13 12 39 103 31843 816 19 		 
201212192118 경상북도 영천시 42442 32870 206 27211 5282 13 12 39 107 32664 825 20 		 
201212192121 경상북도 영천시 44594 34468 228 28541 5511 13 13 40 122 34240 1598 21 		 
201212192135 경상북도 영천시 46604 36011 236 29860 5721 13 14 41 126 35775 1543 22 		 
201212192136 경상북도 영천시 47669 36849 247 30565 5832 13 14 42 136 36602 838 23 		 
201212192137 경상북도 영천시 51075 39371 254 32611 6297 13 14 45 137 39117 2522 24 		 
201212192138 경상북도 영천시 53756 41449 271 34345 6614 15 16 48 140 41178 2078 25 		 
201212192139 경상북도 영천시 57169 44195 280 36481 7203 15 18 50 148 43915 2746 26 		 
201212192140 경상북도 영천시 58897 45506 281 37576 7418 15 18 50 148 45225 1311 27 		 
201212192141 경상북도 영천시 62566 48370 287 39795 8047 16 18 55 152 48083 2864 28 		 
201212192143 경상북도 영천시 63722 49253 292 40565 8153 16 18 56 153 48961 883 29 		 
201212192146 경상북도 영천시 67028 51824 299 42610 8662 17 19 60 157 51525 2571 30 		 
201212192152 경상북도 영천시 68349 52850 303 43495 8792 17 19 60 164 52547 1026 31 		 
201212192153 경상북도 영천시 69954 54100 308 44557 8971 18 19 61 166 53792 1250 32 		 
201212192154 경상북도 영천시 72836 56348 319 46470 9279 20 19 62 179 56029 2248 33 		 
201212192156 경상북도 영천시 75750 58603 334 48368 9599 21 19 65 197 58269 2255 34 		 
201212192157 경상북도 영천시 77524 59694 340 49269 9779 21 20 66 199 59354 1091 35 		 
201212192158 경상북도 영천시 77941 59949 343 49432 9864 22 20 67 201 59606 255 36 		 
201212192200 경상북도 영천시 79097 60844 348 50161 10022 22 21 67 203 60496 895 37 		 
201212192201 경상북도 영천시 82045 63560 420 51942 10860 27 25 76 210 63140 2716 38 		 
201212192202 경상북도 영천시 83983 65079 427 53187 11119 27 26 78 215 64652 1519 39 		 
201212192203 경상북도 영천시 84996 65890 436 53858 11241 27 27 80 221 65454 811 40 		 
201212192204 경상북도 영천시 86316 66924 441 54748 11372 27 28 80 228 66483 1034 41 		 
