Time AreaA AreaB Total TotalA Invalid VoteA VoteB VoteC VoteD VoteE VoteF TotalB Diff Count
201212191952 경상남도 거창군 1518 1187 21 927 222 4 1 1 11 1166 1187 1 		 
201212191953 경상남도 거창군 2794 2191 50 1714 385 7 4 2 29 2141 1004 2 		 
201212192007 경상남도 거창군 4091 3179 71 2428 614 16 5 5 40 3108 988 3 		 
201212192017 경상남도 거창군 6517 5225 79 3717 1353 19 6 10 41 5146 2046 4 		 
201212192035 경상남도 거창군 8054 6410 100 4641 1561 23 6 13 66 6310 1185 5 		 
201212192048 경상남도 거창군 11595 9207 163 6915 1991 27 7 20 84 9044 2797 6 		 
201212192058 경상남도 거창군 14765 11673 180 8497 2840 31 10 23 92 11493 2466 7 		 
201212192103 경상남도 거창군 17709 13860 200 10035 3461 32 11 24 97 13660 2187 8 		 
201212192106 경상남도 거창군 20374 15831 210 11518 3930 34 11 26 102 15621 1971 9 		 
201212192108 경상남도 거창군 20794 16121 211 11693 4044 34 11 26 102 15910 290 10 		 
201212192114 경상남도 거창군 22755 17644 240 12867 4342 40 12 27 116 17404 1523 11 		 
201212192119 경상남도 거창군 24280 18849 252 13812 4575 43 12 29 126 18597 1205 12 		 
201212192127 경상남도 거창군 26242 20613 281 14702 5414 43 14 31 128 20332 1764 13 		 
201212192150 경상남도 거창군 28596 22482 336 16143 5749 45 15 38 156 22146 1869 14 		 
201212192151 경상남도 거창군 32181 25248 347 18046 6585 46 15 44 165 24901 2766 15 		 
201212192152 경상남도 거창군 35447 27698 364 19820 7236 47 16 47 168 27334 2450 16 		 
201212192200 경상남도 거창군 37416 29250 389 20982 7577 50 17 54 181 28861 1552 17 		 
201212192209 경상남도 거창군 39242 30676 414 22024 7908 54 17 59 200 30262 1426 18 		 
201212192210 경상남도 거창군 40654 31782 440 22843 8147 56 17 61 218 31342 1106 19 		 
201212192212 경상남도 거창군 42302 32982 451 23711 8451 59 19 61 230 32531 1200 20 		 
201212192227 경상남도 거창군 45941 35622 464 25591 9193 59 19 64 232 35158 2640 21 		 
201212192232 경상남도 거창군 45941 35625 464 25594 9193 59 19 64 232 35161 3 22 		 
201212192236 경상남도 거창군 50112 38798 482 27724 10202 60 21 71 238 38316 3173 23 		 
201212192238 경상남도 거창군 51773 40103 509 28726 10466 61 22 75 244 39594 1305 24 		 
