Time AreaA AreaB Total TotalA Invalid VoteA VoteB VoteC VoteD VoteE VoteF TotalB Diff Count
201212192016 경상남도 창원시마산회원구 579 388 2 162 223 0 0 1 0 386 388 1 		 
201212192019 경상남도 창원시마산회원구 1103 811 7 490 312 0 0 1 1 804 423 2 		 
201212192035 경상남도 창원시마산회원구 4283 3228 25 2265 933 0 1 2 2 3203 2417 3 		 
201212192037 경상남도 창원시마산회원구 8460 6639 33 4438 2154 0 3 7 4 6606 3411 4 		 
201212192053 경상남도 창원시마산회원구 12337 9872 40 6566 3244 2 3 11 6 9832 3233 5 		 
201212192106 경상남도 창원시마산회원구 16252 12879 51 8753 4041 2 3 18 11 12828 3007 6 		 
201212192111 경상남도 창원시마산회원구 20536 16422 59 10930 5394 3 3 20 13 16363 3543 7 		 
201212192112 경상남도 창원시마산회원구 24317 19344 82 13150 6068 4 3 22 15 19262 2922 8 		 
201212192115 경상남도 창원시마산회원구 27806 22037 92 14958 6933 7 5 26 16 21945 2693 9 		 
201212192118 경상남도 창원시마산회원구 30768 24155 101 16547 7445 10 5 28 19 24054 2118 10 		 
201212192122 경상남도 창원시마산회원구 33537 26393 111 17963 8249 12 6 31 21 26282 2238 11 		 
201212192148 경상남도 창원시마산회원구 36527 28749 118 19517 9038 14 6 34 22 28631 2356 12 		 
201212192152 경상남도 창원시마산회원구 39860 31296 132 21385 9694 15 10 36 24 31164 2547 13 		 
201212192158 경상남도 창원시마산회원구 43040 33711 144 22946 10528 18 10 38 27 33567 2415 14 		 
201212192206 경상남도 창원시마산회원구 46562 36516 149 24800 11464 21 11 41 30 36367 2805 15 		 
201212192210 경상남도 창원시마산회원구 50336 39803 158 26799 12734 22 11 45 34 39645 3287 16 		 
201212192211 경상남도 창원시마산회원구 53066 41872 166 28237 13352 23 11 45 38 41706 2069 17 		 
201212192212 경상남도 창원시마산회원구 56226 44225 182 29839 14079 23 11 49 42 44043 2353 18 		 
201212192217 경상남도 창원시마산회원구 59183 46513 190 31465 14726 25 12 50 45 46323 2288 19 		 
201212192221 경상남도 창원시마산회원구 62517 49196 203 33293 15556 26 12 57 49 48993 2683 20 		 
201212192222 경상남도 창원시마산회원구 65364 51357 212 34811 16183 26 12 61 52 51145 2161 21 		 
201212192312 경상남도 창원시마산회원구 68254 53549 222 36293 16877 27 13 62 55 53327 2192 22 		 
201212192320 경상남도 창원시마산회원구 70955 55663 230 37766 17503 28 14 64 58 55433 2114 23 		 
201212192322 경상남도 창원시마산회원구 75832 59869 237 40626 18834 28 14 72 58 59632 4206 24 		 
201212192323 경상남도 창원시마산회원구 79885 62964 251 42627 19903 29 14 76 64 62713 3095 25 		 
201212192337 경상남도 창원시마산회원구 82622 65044 259 44104 20491 30 15 78 67 64785 2080 26 		 
201212192338 경상남도 창원시마산회원구 86008 67563 273 45803 21283 31 15 81 77 67290 2519 27 		 
201212192348 경상남도 창원시마산회원구 90311 70915 286 48056 22361 31 17 82 82 70629 3352 28 		 
201212192354 경상남도 창원시마산회원구 92309 72522 293 49215 22793 32 17 85 87 72229 1607 29 		 
201212192357 경상남도 창원시마산회원구 94591 74299 307 50454 23309 33 18 87 91 73992 1777 30 		 
201212192359 경상남도 창원시마산회원구 97148 76208 322 51810 23839 36 19 88 94 75886 1909 31 		 
201212200000 경상남도 창원시마산회원구 100563 78781 328 53633 24577 37 20 90 96 78453 2573 32 		 
201212200003 경상남도 창원시마산회원구 104123 81639 334 55299 25759 37 22 92 96 81305 2858 33 		 
201212200004 경상남도 창원시마산회원구 106906 83701 339 56713 26395 39 22 95 98 83362 2062 34 		 
201212200006 경상남도 창원시마산회원구 110105 86006 346 58362 27041 39 22 95 101 85660 2305 35 		 
201212200008 경상남도 창원시마산회원구 113247 88343 358 60063 27655 42 23 96 106 87985 2337 36 		 
201212200022 경상남도 창원시마산회원구 115239 89833 369 61130 28062 43 25 96 108 89464 1490 37 		 
201212200025 경상남도 창원시마산회원구 116271 90609 374 61676 28281 44 27 97 110 90235 776 38 		 
201212200027 경상남도 창원시마산회원구 119105 92777 401 63259 28830 47 27 97 116 92376 2168 39 		 
201212200029 경상남도 창원시마산회원구 121648 94766 405 64618 29444 50 30 101 118 94361 1989 40 		 
201212200035 경상남도 창원시마산회원구 126394 98662 411 66944 30998 52 32 103 122 98251 3896 41 		 
201212200040 경상남도 창원시마산회원구 131403 103354 493 69389 33115 59 40 113 145 102861 4692 42 		 
201212200041 경상남도 창원시마산회원구 135171 106209 500 71334 34010 61 42 114 148 105709 2855 43 		 
201212200043 경상남도 창원시마산회원구 138301 108725 509 72976 34865 61 44 120 150 108216 2516 44 		 
201212200044 경상남도 창원시마산회원구 142048 111692 524 74894 35889 64 45 123 153 111168 2967 45 		 
201212200049 경상남도 창원시마산회원구 145735 114584 537 76852 36801 67 46 128 153 114047 2892 46 		 
201212200143 경상남도 창원시마산회원구 150591 118496 551 79210 38330 69 48 132 156 117945 3912 47 		 
201212200154 경상남도 창원시마산회원구 152736 120011 557 80298 38749 70 48 132 157 119454 1515 48 		 
201212200155 경상남도 창원시마산회원구 153395 120551 560 80693 38884 72 48 135 159 119991 540 49 		 
201212200159 경상남도 창원시마산회원구 158230 124476 577 83007 40471 72 48 139 162 123899 3925 50 		 
201212200201 경상남도 창원시마산회원구 160148 125905 586 83941 40950 73 49 140 166 125319 1429 51 		 
201212200206 경상남도 창원시마산회원구 164610 129639 593 86113 42492 74 50 145 172 129046 3734 52 		 
201212200207 경상남도 창원시마산회원구 168858 133012 606 88312 43645 76 51 148 174 132406 3373 53 		 
201212200208 경상남도 창원시마산회원구 172514 135715 615 90140 44500 76 52 153 179 135100 2703 54 		 
201212200209 경상남도 창원시마산회원구 176017 138388 631 91940 45353 76 52 154 182 137757 2673 55 		 
