Time AreaA AreaB Total TotalA Invalid VoteA VoteB VoteC VoteD VoteE VoteF TotalB Diff Count
201212192003 경상남도 사천시 2284 1694 13 1186 488 2 0 0 5 1681 1694 1 		 
201212192009 경상남도 사천시 4481 3477 27 2358 1080 3 0 2 7 3450 1783 2 		 
201212192013 경상남도 사천시 7075 5611 35 3539 2011 5 1 6 14 5576 2134 3 		 
201212192015 경상남도 사천시 10313 7977 46 5105 2786 6 4 8 22 7931 2366 4 		 
201212192024 경상남도 사천시 13539 10514 71 6846 3540 11 6 13 27 10443 2537 5 		 
201212192028 경상남도 사천시 17123 13248 102 8479 4597 12 8 15 35 13146 2734 6 		 
201212192032 경상남도 사천시 21533 16553 117 10435 5924 13 8 18 38 16436 3305 7 		 
201212192033 경상남도 사천시 24257 18636 145 11961 6437 13 10 18 52 18491 2083 8 		 
201212192046 경상남도 사천시 27093 20930 153 13255 7426 13 11 18 54 20777 2294 9 		 
201212192100 경상남도 사천시 29793 22878 165 14575 8031 15 11 19 62 22713 1948 10 		 
201212192104 경상남도 사천시 32870 25349 178 15884 9174 15 11 22 65 25171 2471 11 		 
201212192110 경상남도 사천시 34663 26767 196 17002 9442 16 13 23 75 26571 1418 12 		 
201212192116 경상남도 사천시 38546 29646 221 19018 10269 16 14 25 83 29425 2879 13 		 
201212192121 경상남도 사천시 41159 31583 247 20390 10781 20 15 28 102 31336 1937 14 		 
201212192126 경상남도 사천시 42532 32656 262 21183 11030 22 15 29 115 32394 1073 15 		 
201212192127 경상남도 사천시 43443 33383 271 21726 11195 26 15 30 120 33112 727 16 		 
201212192134 경상남도 사천시 44922 34577 282 22606 11489 28 16 32 124 34295 1194 17 		 
201212192140 경상남도 사천시 48544 37232 330 24589 12074 28 17 36 158 36902 2655 18 		 
201212192145 경상남도 사천시 51285 39222 347 26183 12441 29 18 40 164 38875 1990 19 		 
201212192200 경상남도 사천시 53179 40630 363 27261 12744 29 19 43 171 40267 1408 20 		 
201212192204 경상남도 사천시 55441 42249 376 28560 13042 31 20 44 176 41873 1619 21 		 
201212192207 경상남도 사천시 57005 43417 386 29450 13305 33 20 45 178 43031 1168 22 		 
201212192229 경상남도 사천시 58935 44885 398 30456 13751 35 20 45 180 44487 1468 23 		 
201212192231 경상남도 사천시 59238 45087 400 30627 13777 35 20 45 183 44687 202 24 		 
201212192232 경상남도 사천시 61056 46390 408 31565 14129 35 20 48 185 45982 1303 25 		 
201212192236 경상남도 사천시 61481 46671 409 31728 14244 35 21 49 185 46262 281 26 		 
201212192240 경상남도 사천시 64503 48821 422 33326 14774 37 21 52 189 48399 2150 27 		 
201212192245 경상남도 사천시 66418 50225 438 34455 15028 37 22 52 193 49787 1404 28 		 
201212192255 경상남도 사천시 69151 52321 447 36020 15540 43 23 55 193 51874 2096 29 		 
201212192256 경상남도 사천시 72065 54993 514 37398 16743 47 27 63 201 54479 2672 30 		 
201212192257 경상남도 사천시 75213 57281 529 39089 17316 49 28 64 206 56752 2288 31 		 
201212192307 경상남도 사천시 79765 60716 584 41511 18255 52 30 65 219 60132 3435 32 		 
201212192345 경상남도 사천시 83357 63527 599 43284 19262 54 31 72 225 62928 2811 33 		 
201212192351 경상남도 사천시 87486 66690 622 45498 20168 57 34 75 236 66068 3163 34 		 
201212200011 경상남도 사천시 92267 70371 672 48033 21237 59 35 81 254 69699 3681 35 		 
