Time AreaA AreaB Total TotalA Invalid VoteA VoteB VoteC VoteD VoteE VoteF TotalB Diff Count
201212191923 경상북도 청도군 1067 853 7 724 118 0 0 1 3 846 853 1 		 
201212191930 경상북도 청도군 2068 1660 18 1397 233 0 0 2 10 1642 807 2 		 
201212191934 경상북도 청도군 3575 2854 28 2400 403 0 1 2 20 2826 1194 3 		 
201212191936 경상북도 청도군 4387 3520 30 2935 528 0 3 2 22 3490 666 4 		 
201212191939 경상북도 청도군 5637 4573 34 3816 689 1 3 3 27 4539 1053 5 		 
201212191945 경상북도 청도군 7184 5778 42 4819 875 1 3 6 32 5736 1205 6 		 
201212191946 경상북도 청도군 9289 7404 58 6220 1074 1 3 8 40 7346 1626 7 		 
201212191954 경상북도 청도군 9917 7943 60 6699 1120 3 3 9 49 7883 539 8 		 
201212192001 경상북도 청도군 13111 10405 70 8673 1584 3 4 12 59 10335 2462 9 		 
201212192004 경상북도 청도군 14025 11126 71 9302 1668 3 4 13 65 11055 721 10 		 
201212192012 경상북도 청도군 14831 11782 75 9854 1762 3 5 14 69 11707 656 11 		 
201212192016 경상북도 청도군 15996 12728 82 10662 1882 5 5 14 78 12646 946 12 		 
201212192020 경상북도 청도군 18563 14858 92 12455 2195 7 5 20 84 14766 2130 13 		 
201212192022 경상북도 청도군 18885 15095 93 12622 2264 7 5 20 84 15002 237 14 		 
201212192024 경상북도 청도군 19429 15556 96 13011 2326 7 5 20 91 15460 461 15 		 
201212192028 경상북도 청도군 22190 17767 106 14757 2767 8 7 24 98 17661 2211 16 		 
201212192037 경상북도 청도군 23426 18776 111 15642 2877 10 9 25 102 18665 1009 17 		 
201212192041 경상북도 청도군 24511 19652 121 16366 3010 10 9 27 109 19531 876 18 		 
201212192044 경상북도 청도군 27396 21895 126 18188 3416 10 9 28 118 21769 2243 19 		 
201212192047 경상북도 청도군 28089 22449 130 18671 3479 10 9 28 122 22319 554 20 		 
201212192049 경상북도 청도군 29626 23650 140 19683 3652 13 9 28 125 23510 1201 21 		 
201212192053 경상북도 청도군 30213 24122 147 20071 3722 13 11 28 130 23975 472 22 		 
201212192056 경상북도 청도군 30845 24609 150 20489 3787 13 11 28 131 24459 487 23 		 
201212192058 경상북도 청도군 31631 25224 154 20973 3909 13 12 29 134 25070 615 24 		 
201212192100 경상북도 청도군 32225 25701 160 21396 3954 13 12 29 137 25541 477 25 		 
201212192109 경상북도 청도군 33090 26374 169 21976 4025 13 12 29 150 26205 673 26 		 
201212192112 경상북도 청도군 34258 27289 176 22751 4148 13 13 29 159 27113 915 27 		 
201212192114 경상북도 청도군 36155 28788 187 24039 4338 14 13 29 168 28601 1499 28 		 
201212192137 경상북도 청도군 38961 30946 250 25625 4830 16 16 34 175 30696 2158 29 		 
