Time AreaA AreaB Total TotalA Invalid VoteA VoteB VoteC VoteD VoteE VoteF TotalB Diff Count
201212191903 경상북도 울릉군 17 9 1 4 4 0 0 0 0 8 9 1 		 
201212192001 경상북도 울릉군 2907 1857 7 1556 290 1 0 0 3 1850 1848 2 		 
201212192002 경상북도 울릉군 3479 2209 7 1842 355 1 0 0 4 2202 352 3 		 
201212192006 경상북도 울릉군 3950 2499 7 2090 394 1 0 0 7 2492 290 4 		 
201212192010 경상북도 울릉군 4995 3414 26 2715 660 1 1 2 9 3388 915 5 		 
201212192016 경상북도 울릉군 5797 3950 32 3138 762 2 1 3 12 3918 536 6 		 
201212192019 경상북도 울릉군 6198 4224 32 3369 800 2 1 3 17 4192 274 7 		 
201212192023 경상북도 울릉군 8608 5707 37 4535 1107 2 2 5 19 5670 1483 8 		 
201212192026 경상북도 울릉군 9468 6309 37 5033 1207 2 2 7 21 6272 602 9 		 
