Time AreaA AreaB Total TotalA Invalid VoteA VoteB VoteC VoteD VoteE VoteF TotalB Diff Count
201212192004 경상남도 통영시 3092 2202 14 1699 480 1 0 4 4 2188 2202 1 		 
201212192011 경상남도 통영시 5185 3749 32 2814 881 1 0 6 15 3717 1547 2 		 
201212192012 경상남도 통영시 8261 6055 39 4585 1406 1 0 6 18 6016 2306 3 		 
201212192013 경상남도 통영시 10328 7702 42 5594 2034 1 1 10 20 7660 1647 4 		 
201212192048 경상남도 통영시 12383 9191 52 6739 2364 2 1 11 22 9139 1489 5 		 
201212192049 경상남도 통영시 16309 11969 68 8718 3137 3 1 13 29 11901 2778 6 		 
201212192058 경상남도 통영시 19535 14314 75 10479 3707 6 1 14 32 14239 2345 7 		 
201212192100 경상남도 통영시 22863 16952 82 12142 4664 8 3 17 36 16870 2638 8 		 
201212192111 경상남도 통영시 25188 18618 87 13274 5185 11 3 18 40 18531 1666 9 		 
201212192113 경상남도 통영시 28158 20808 109 14861 5754 12 6 23 43 20699 2190 10 		 
201212192119 경상남도 통영시 30706 22612 122 16096 6303 13 8 23 47 22490 1804 11 		 
201212192129 경상남도 통영시 36410 27052 138 18732 8081 15 9 27 50 26914 4440 12 		 
201212192132 경상남도 통영시 38958 28906 147 20145 8504 16 10 28 56 28759 1854 13 		 
201212192137 경상남도 통영시 42390 31684 156 21916 9496 18 10 31 57 31528 2778 14 		 
201212192145 경상남도 통영시 42712 31910 159 22109 9521 18 11 31 61 31751 226 15 		 
201212192207 경상남도 통영시 45738 34206 173 23609 10297 19 13 33 62 34033 2296 16 		 
201212192217 경상남도 통영시 49266 36751 206 25506 10876 24 16 37 86 36545 2545 17 		 
201212192218 경상남도 통영시 50093 37315 212 25958 10978 24 16 37 90 37103 564 18 		 
201212192219 경상남도 통영시 50379 37520 215 26113 11019 24 16 38 95 37305 205 19 		 
201212192220 경상남도 통영시 50496 37608 219 26178 11037 24 16 38 96 37389 88 20 		 
201212192221 경상남도 통영시 54017 40383 227 28137 11839 24 16 41 99 40156 2775 21 		 
201212192234 경상남도 통영시 54329 40586 229 28235 11942 24 16 41 99 40357 203 22 		 
201212192235 경상남도 통영시 57902 43824 296 29781 13532 29 24 54 108 43528 3238 23 		 
201212192237 경상남도 통영시 58436 44227 304 30091 13612 29 24 54 113 43923 403 24 		 
201212192238 경상남도 통영시 61124 46362 315 31467 14350 29 24 58 119 46047 2135 25 		 
201212192239 경상남도 통영시 61411 46567 318 31655 14364 29 24 58 119 46249 205 26 		 
201212192241 경상남도 통영시 66625 50237 337 33973 15676 31 24 63 133 49900 3670 27 		 
201212192242 경상남도 통영시 66814 50374 339 34076 15703 32 25 63 136 50035 137 28 		 
201212192243 경상남도 통영시 66988 50481 339 34150 15732 32 25 63 140 50142 107 29 		 
201212192244 경상남도 통영시 68527 51649 345 35010 16025 33 25 65 146 51304 1168 30 		 
201212192245 경상남도 통영시 69040 52069 350 35341 16100 34 26 67 151 51719 420 31 		 
201212192251 경상남도 통영시 69208 52204 351 35460 16114 34 26 67 152 51853 135 32 		 
201212192252 경상남도 통영시 71962 54121 363 36783 16683 36 28 71 157 53758 1917 33 		 
201212192253 경상남도 통영시 72450 54501 369 37054 16780 37 29 72 160 54132 380 34 		 
201212192255 경상남도 통영시 76435 57274 388 39147 17422 39 31 77 170 56886 2773 35 		 
201212192257 경상남도 통영시 78274 58585 394 40187 17681 39 31 78 175 58191 1311 36 		 
201212192303 경상남도 통영시 80169 59929 403 41222 17978 40 31 79 176 59526 1344 37 		 
201212192304 경상남도 통영시 83007 61983 417 42735 18500 41 31 79 180 61566 2054 38 		 
201212192305 경상남도 통영시 86068 64096 425 44331 19004 41 31 80 184 63671 2113 39 		 
201212192312 경상남도 통영시 87818 65430 449 45488 19138 41 31 80 203 64981 1334 40 		 
201212192314 경상남도 통영시 89991 67027 455 46543 19668 42 32 82 205 66572 1597 41 		 
201212192318 경상남도 통영시 91892 68467 472 47603 20008 44 32 88 220 67995 1440 42 		 
201212192319 경상남도 통영시 94130 70112 481 48745 20498 45 35 88 220 69631 1645 43 		 
201212192321 경상남도 통영시 97399 72530 505 50455 21165 47 36 92 230 72025 2418 44 		 
201212192324 경상남도 통영시 100578 74767 525 52014 21811 48 39 96 234 74242 2237 45 		 
201212192325 경상남도 통영시 101531 75461 534 52554 21946 50 41 97 239 74927 694 46 		 
201212192331 경상남도 통영시 106247 78955 545 54526 23451 52 41 99 241 78410 3494 47 		 
201212192335 경상남도 통영시 108774 80737 564 55884 23853 52 41 100 243 80173 1782 48 		 
201212192343 경상남도 통영시 110617 82118 580 56873 24216 53 42 101 253 81538 1381 49 		 
