Time AreaA AreaB Total TotalA Invalid VoteA VoteB VoteC VoteD VoteE VoteF TotalB Diff Count
201212191905 경상북도 문경시 211 152 2 87 63 0 0 0 0 150 152 1 		 
201212191921 경상북도 문경시 1689 1311 5 1099 204 0 0 3 0 1306 1159 2 		 
201212191925 경상북도 문경시 3190 2489 9 2105 367 0 0 3 5 2480 1178 3 		 
201212191927 경상북도 문경시 4655 3650 9 3119 511 0 0 4 7 3641 1161 4 		 
201212191943 경상북도 문경시 9027 7090 18 5785 1265 2 2 6 12 7072 3440 5 		 
201212191945 경상북도 문경시 12234 9744 23 7796 1896 2 2 13 12 9721 2654 6 		 
201212191949 경상북도 문경시 12931 10261 29 8182 2011 3 5 13 18 10232 517 7 		 
201212191952 경상북도 문경시 15541 12284 32 9899 2311 3 5 15 19 12252 2023 8 		 
201212191958 경상북도 문경시 17615 13854 37 11235 2537 3 5 17 20 13817 1570 9 		 
201212192000 경상북도 문경시 20062 15754 43 12898 2763 3 5 19 23 15711 1900 10 		 
201212192005 경상북도 문경시 21520 16881 50 13903 2867 4 6 20 31 16831 1127 11 		 
201212192007 경상북도 문경시 24967 19562 56 16168 3264 4 7 23 40 19506 2681 12 		 
201212192012 경상북도 문경시 26525 20811 64 17265 3392 5 7 24 54 20747 1249 13 		 
201212192015 경상북도 문경시 29317 22890 73 19092 3626 6 7 24 62 22817 2079 14 		 
201212192026 경상북도 문경시 30063 23496 78 19620 3689 9 7 24 69 23418 606 15 		 
201212192032 경상북도 문경시 31621 24705 87 20641 3851 9 8 27 82 24618 1209 16 		 
201212192035 경상북도 문경시 34235 26810 103 22468 4087 10 10 29 103 26707 2105 17 		 
201212192040 경상북도 문경시 38512 30131 111 25170 4693 10 10 31 106 30020 3321 18 		 
201212192045 경상북도 문경시 41487 32463 130 27191 4961 12 11 35 123 32333 2332 19 		 
201212192046 경상북도 문경시 42968 33684 135 28253 5107 12 12 35 130 33549 1221 20 		 
201212192048 경상북도 문경시 44466 34883 140 29319 5226 12 14 37 135 34743 1199 21 		 
201212192053 경상북도 문경시 45427 35626 147 29967 5305 12 14 37 144 35479 743 22 		 
201212192055 경상북도 문경시 47648 37414 156 31554 5478 12 14 38 162 37258 1788 23 		 
201212192101 경상북도 문경시 49813 39063 165 32995 5656 12 16 42 177 38898 1649 24 		 
201212192102 경상북도 문경시 51120 40101 175 33873 5799 12 16 45 181 39926 1038 25 		 
201212192104 경상북도 문경시 53877 42291 177 35617 6236 13 18 47 183 42114 2190 26 		 
201212192107 경상북도 문경시 55627 43609 184 36765 6386 14 18 48 194 43425 1318 27 		 
201212192111 경상북도 문경시 57426 45037 191 38012 6547 14 20 49 204 44846 1428 28 		 
201212192115 경상북도 문경시 59814 46917 201 39672 6748 15 20 52 209 46716 1880 29 		 
201212192136 경상북도 문경시 63468 50066 349 41762 7609 24 27 69 226 49717 3149 30 		 
