Time AreaA AreaB Total TotalA Invalid VoteA VoteB VoteC VoteD VoteE VoteF TotalB Diff Count
201212191943 경상남도 산청군 1000 794 27 559 167 9 13 4 15 767 794 1 		 
201212192005 경상남도 산청군 2593 1994 58 1412 445 33 14 5 27 1936 1200 2 		 
201212192019 경상남도 산청군 4670 3596 89 2652 748 38 19 8 42 3507 1602 3 		 
201212192024 경상남도 산청군 6031 4641 109 3460 951 41 20 12 48 4532 1045 4 		 
201212192034 경상남도 산청군 6827 5273 121 3896 1122 44 22 14 54 5152 632 5 		 
201212192039 경상남도 산청군 8422 6511 137 4860 1367 46 23 16 62 6374 1238 6 		 
201212192042 경상남도 산청군 9432 7440 155 5363 1769 47 23 19 64 7285 929 7 		 
201212192045 경상남도 산청군 11351 8925 173 6434 2152 48 23 23 72 8752 1485 8 		 
201212192102 경상남도 산청군 12439 9775 193 7023 2383 51 23 24 78 9582 850 9 		 
201212192125 경상남도 산청군 12690 9929 198 7125 2429 51 23 24 79 9731 154 10 		 
201212192127 경상남도 산청군 14265 11128 209 7981 2750 52 23 26 87 10919 1199 11 		 
201212192131 경상남도 산청군 17546 13653 232 9625 3589 56 25 31 95 13421 2525 12 		 
201212192137 경상남도 산청군 18481 14343 241 10137 3746 57 25 34 103 14102 690 13 		 
201212192140 경상남도 산청군 22656 17507 272 12399 4581 64 25 40 126 17235 3164 14 		 
201212192141 경상남도 산청군 23801 18401 296 13087 4746 68 25 42 137 18105 894 15 		 
201212192203 경상남도 산청군 25123 19391 317 13798 4992 72 25 43 144 19074 990 16 		 
201212192206 경상남도 산청군 27036 20875 353 14888 5321 77 27 48 161 20522 1484 17 		 
201212192213 경상남도 산청군 30993 23738 402 16979 5996 91 30 51 189 23336 2863 18 		 
