Time AreaA AreaB Total TotalA Invalid VoteA VoteB VoteC VoteD VoteE VoteF TotalB Diff Count
201212191931 경상남도 의령군 1696 1214 56 851 281 5 4 5 12 1158 1214 1 		 
201212191941 경상남도 의령군 2775 2046 71 1446 493 6 5 7 18 1975 832 2 		 
201212191957 경상남도 의령군 5940 4439 93 3036 1256 11 5 9 29 4346 2393 3 		 
201212192004 경상남도 의령군 7033 5437 116 3538 1722 12 6 11 32 5321 998 4 		 
201212192016 경상남도 의령군 10986 8379 145 5493 2656 16 7 18 44 8234 2942 5 		 
201212192030 경상남도 의령군 12404 9484 164 6319 2897 18 7 22 57 9320 1105 6 		 
201212192039 경상남도 의령군 13419 10264 192 6852 3099 19 7 25 70 10072 780 7 		 
201212192041 경상남도 의령군 13834 10539 193 7042 3181 20 7 25 71 10346 275 8 		 
201212192051 경상남도 의령군 16684 12677 229 8694 3606 25 8 28 87 12448 2138 9 		 
201212192053 경상남도 의령군 17455 13239 240 9090 3749 28 8 30 94 12999 562 10 		 
201212192055 경상남도 의령군 18226 13830 249 9570 3841 31 9 31 99 13581 591 11 		 
201212192058 경상남도 의령군 20047 15197 274 10571 4158 34 10 32 118 14923 1367 12 		 
201212192100 경상남도 의령군 20878 15785 297 11034 4252 34 10 34 124 15488 588 13 		 
201212192103 경상남도 의령군 21876 16520 311 11616 4366 36 10 37 144 16209 735 14 		 
201212192122 경상남도 의령군 23328 17573 328 12397 4593 43 10 41 161 17245 1053 15 		 
201212192130 경상남도 의령군 24536 18471 355 13094 4740 46 10 42 184 18116 898 16 		 
201212192132 경상남도 의령군 25160 18970 362 13493 4820 50 11 42 192 18608 499 17 		 
201212192136 경상남도 의령군 25763 19431 376 13848 4904 50 11 43 199 19055 461 18 		 
