Time AreaA AreaB Total TotalA Invalid VoteA VoteB VoteC VoteD VoteE VoteF TotalB Diff Count
201212191944 광주광역시 서구 2131 1691 2 134 1552 1 0 1 1 1689 1691 1 		 
201212191948 광주광역시 서구 4454 3555 3 278 3268 1 0 3 2 3552 1864 2 		 
201212191951 광주광역시 서구 7468 5841 10 442 5375 1 0 6 7 5831 2286 3 		 
201212191956 광주광역시 서구 12973 10397 23 864 9487 2 0 10 11 10374 4556 4 		 
201212192000 광주광역시 서구 15278 12317 25 992 11276 2 0 10 12 12292 1920 5 		 
201212192002 광주광역시 서구 18562 15165 29 1182 13924 4 0 13 13 15136 2848 6 		 
201212192004 광주광역시 서구 22915 18714 38 1529 17112 4 2 13 16 18676 3549 7 		 
201212192005 광주광역시 서구 25739 20967 43 1688 19199 4 3 13 17 20924 2253 8 		 
201212192009 광주광역시 서구 30109 24367 48 1919 22358 4 3 16 19 24319 3400 9 		 
201212192010 광주광역시 서구 33968 27632 53 2193 25342 4 3 18 19 27579 3265 10 		 
201212192012 광주광역시 서구 38081 31234 59 2452 28676 4 4 19 20 31175 3602 11 		 
201212192015 광주광역시 서구 42547 35153 64 2676 32359 5 5 24 20 35089 3919 12 		 
201212192041 광주광역시 서구 43278 35683 66 2719 32841 5 5 26 21 35617 530 13 		 
201212192042 광주광역시 서구 46588 38293 72 2919 35241 5 6 28 22 38221 2610 14 		 
201212192100 광주광역시 서구 51778 42305 81 3252 38903 6 6 33 24 42224 4012 15 		 
201212192108 광주광역시 서구 53778 43926 87 3430 40335 6 7 37 24 43839 1621 16 		 
201212192109 광주광역시 서구 57880 46837 93 3628 43039 7 7 38 25 46744 2911 17 		 
201212192110 광주광역시 서구 60450 48919 97 3751 44988 10 7 41 25 48822 2082 18 		 
201212192111 광주광역시 서구 63966 51644 109 3956 47493 10 7 42 27 51535 2725 19 		 
201212192112 광주광역시 서구 66586 53488 119 4085 49193 11 7 43 30 53369 1844 20 		 
201212192115 광주광역시 서구 73717 59398 128 4567 54602 11 7 51 32 59270 5910 21 		 
201212192117 광주광역시 서구 75928 61136 131 4739 56163 12 7 52 32 61005 1738 22 		 
201212192119 광주광역시 서구 80668 64973 136 5042 59682 13 10 56 34 64837 3837 23 		 
201212192120 광주광역시 서구 85173 68342 145 5336 62737 13 12 62 37 68197 3369 24 		 
201212192121 광주광역시 서구 87917 70692 149 5621 64795 13 13 64 37 70543 2350 25 		 
201212192122 광주광역시 서구 92422 74350 157 5966 68095 14 14 65 39 74193 3658 26 		 
201212192123 광주광역시 서구 93769 75445 160 6059 69088 16 14 67 41 75285 1095 27 		 
201212192124 광주광역시 서구 94998 76420 161 6110 70009 16 14 69 41 76259 975 28 		 
201212192126 광주광역시 서구 97408 78159 164 6294 71553 16 14 74 44 77995 1739 29 		 
201212192128 광주광역시 서구 100682 80133 166 6425 73391 16 14 77 44 79967 1974 30 		 
201212192129 광주광역시 서구 101895 81010 169 6498 74189 16 14 80 44 80841 877 31 		 
201212192130 광주광역시 서구 106318 84481 178 6762 77382 16 15 83 45 84303 3471 32 		 
201212192132 광주광역시 서구 110042 87744 180 7154 80241 17 18 89 45 87564 3263 33 		 
201212192134 광주광역시 서구 116814 93582 191 7574 85641 19 19 92 46 93391 5838 34 		 
201212192150 광주광역시 서구 120465 96842 194 7870 88596 20 19 96 47 96648 3260 35 		 
201212192151 광주광역시 서구 123036 98758 201 8000 90368 20 21 99 49 98557 1916 36 		 
201212192152 광주광역시 서구 127512 102527 208 8283 93841 21 22 102 50 102319 3769 37 		 
201212192153 광주광역시 서구 134002 108063 215 8692 98950 21 26 106 53 107848 5536 38 		 
201212192155 광주광역시 서구 141585 114188 226 9120 104626 21 27 113 55 113962 6125 39 		 
201212192157 광주광역시 서구 146171 117781 237 9429 107894 21 29 115 56 117544 3593 40 		 
201212192159 광주광역시 서구 153605 123648 261 9870 113270 23 31 125 68 123387 5867 41 		 
201212192200 광주광역시 서구 156434 125859 263 10001 115348 23 31 125 68 125596 2211 42 		 
201212192201 광주광역시 서구 160646 129359 270 10252 118584 23 33 129 68 129089 3500 43 		 
201212192202 광주광역시 서구 169195 136487 283 10771 125169 24 34 136 70 136204 7128 44 		 
201212192204 광주광역시 서구 178167 143510 294 11239 131702 25 37 140 73 143216 7023 45 		 
201212192205 광주광역시 서구 181946 146756 299 11522 134658 25 37 142 73 146457 3246 46 		 
201212192206 광주광역시 서구 186044 149925 305 11797 137539 25 38 147 74 149620 3169 47 		 
201212192207 광주광역시 서구 192361 155252 315 12323 142318 25 40 154 77 154937 5327 48 		 
201212192208 광주광역시 서구 194744 156966 326 12505 143836 25 40 157 77 156640 1714 49 		 
201212192209 광주광역시 서구 197952 159810 335 12636 146534 25 40 161 79 159475 2844 50 		 
201212192211 광주광역시 서구 206157 166709 351 13211 152830 26 41 167 83 166358 6899 51 		 
201212192213 광주광역시 서구 214741 173387 364 13667 159019 28 44 176 89 173023 6678 52 		 
201212192214 광주광역시 서구 218947 176790 367 13976 162104 29 44 181 89 176423 3403 53 		 
201212192215 광주광역시 서구 222152 179168 369 14166 164289 29 44 182 89 178799 2378 54 		 
201212192217 광주광역시 서구 226540 182953 373 14386 167846 29 44 183 92 182580 3785 55 		 
201212192218 광주광역시 서구 228243 184165 383 14490 168934 29 45 190 94 183782 1212 56 		 
201212192222 광주광역시 서구 236454 191688 494 15450 175328 40 54 208 114 191194 7523 57 		 
201212192236 광주광역시 서구 239898 194600 497 15648 178033 40 56 210 116 194103 2912 58 		 
