Time AreaA AreaB Total TotalA Invalid VoteA VoteB VoteC VoteD VoteE VoteF TotalB Diff Count
201212191943 광주광역시 동구 1743 1261 5 109 1146 0 0 1 0 1256 1261 1 		 
201212191947 광주광역시 동구 3841 3010 14 376 2612 1 0 6 1 2996 1749 2 		 
201212191954 광주광역시 동구 6646 5073 21 528 4510 5 0 8 1 5052 2063 3 		 
201212192005 광주광역시 동구 8974 6772 29 690 6034 8 0 9 2 6743 1699 4 		 
201212192010 광주광역시 동구 11473 8415 33 900 7458 9 0 12 3 8382 1643 5 		 
201212192016 광주광역시 동구 15597 11662 47 1166 10414 14 0 16 5 11615 3247 6 		 
201212192027 광주광역시 동구 17783 13234 52 1339 11803 15 1 17 7 13182 1572 7 		 
201212192035 광주광역시 동구 19481 14610 55 1462 13051 15 1 19 7 14555 1376 8 		 
201212192046 광주광역시 동구 22343 16884 68 1633 15137 16 3 20 7 16816 2274 9 		 
201212192053 광주광역시 동구 25159 18977 104 1829 16982 21 4 24 13 18873 2093 10 		 
201212192058 광주광역시 동구 27885 21031 116 1993 18847 25 4 31 15 20915 2054 11 		 
201212192104 광주광역시 동구 29386 22089 123 2095 19793 26 5 32 15 21966 1058 12 		 
201212192111 광주광역시 동구 31657 23818 130 2263 21338 29 5 35 18 23688 1729 13 		 
201212192149 광주광역시 동구 34301 25937 149 2441 23245 36 5 40 21 25788 2119 14 		 
201212192150 광주광역시 동구 36439 27456 154 2583 24609 41 7 41 21 27302 1519 15 		 
201212192153 광주광역시 동구 38014 28679 166 2710 25687 41 10 43 22 28513 1223 16 		 
201212192157 광주광역시 동구 39743 29780 173 2814 26676 41 11 43 22 29607 1101 17 		 
201212192209 광주광역시 동구 42353 31942 182 3121 28510 44 17 45 23 31760 2162 18 		 
201212192213 광주광역시 동구 44992 33778 190 3287 30167 47 18 45 24 33588 1836 19 		 
201212192221 광주광역시 동구 47033 35295 204 3397 31547 53 20 49 25 35091 1517 20 		 
201212192225 광주광역시 동구 50395 37892 216 3675 33844 55 24 53 25 37676 2597 21 		 
201212192234 광주광역시 동구 50769 38167 217 3714 34079 55 24 53 25 37950 275 22 		 
201212192235 광주광역시 동구 51684 38861 228 3776 34687 60 27 56 27 38633 694 23 		 
201212192236 광주광역시 동구 54296 41267 266 4127 36683 69 27 61 34 41001 2406 24 		 
201212192239 광주광역시 동구 56876 43366 268 4265 38631 73 27 65 37 43098 2099 25 		 
201212192240 광주광역시 동구 61431 46654 285 4542 41614 74 29 72 38 46369 3288 26 		 
201212192244 광주광역시 동구 62925 47736 292 4643 42582 76 29 76 38 47444 1082 27 		 
201212192250 광주광역시 동구 65814 50125 310 4834 44752 81 31 78 39 49815 2389 28 		 
201212192252 광주광역시 동구 67737 51455 315 4965 45942 84 32 78 39 51140 1330 29 		 
201212192303 광주광역시 동구 70440 53485 331 5189 47724 86 33 83 39 53154 2030 30 		 
201212192311 광주광역시 동구 73651 56226 340 5598 50035 89 33 92 39 55886 2741 31 		 
201212192316 광주광역시 동구 74903 57193 342 5676 50914 92 33 94 42 56851 967 32 		 
201212192317 광주광역시 동구 77869 59606 353 5877 53108 93 35 96 44 59253 2413 33 		 
201212192334 광주광역시 동구 80294 61429 357 6027 54768 99 36 97 45 61072 1823 34 		 
201212192354 광주광역시 동구 83499 64104 362 6257 57199 101 36 104 45 63742 2675 35 		 
201212192359 광주광역시 동구 86644 66570 377 6424 59472 105 39 107 46 66193 2466 36 		 
201212200000 광주광역시 동구 88752 68402 383 6693 61023 105 39 112 47 68019 1832 37 		 
