Time AreaA AreaB Total TotalA Invalid VoteA VoteB VoteC VoteD VoteE VoteF TotalB Diff Count
201212191940 광주광역시 북구 2388 1688 2 117 1567 0 0 0 2 1686 1688 1 		 
201212191941 광주광역시 북구 6267 4868 8 307 4545 0 0 6 2 4860 3180 2 		 
201212191944 광주광역시 북구 9209 7397 13 456 6915 0 0 10 3 7384 2529 3 		 
201212191948 광주광역시 북구 12518 10184 17 592 9557 0 1 14 3 10167 2787 4 		 
201212191949 광주광역시 북구 18952 15204 29 945 14202 0 2 21 5 15175 5020 5 		 
201212191951 광주광역시 북구 26080 20762 44 1285 19397 2 3 25 6 20718 5558 6 		 
201212191953 광주광역시 북구 33016 26257 59 1631 24521 2 7 29 8 26198 5495 7 		 
201212191955 광주광역시 북구 37171 29575 63 1810 27652 4 7 30 9 29512 3318 8 		 
201212191956 광주광역시 북구 39869 31640 68 1949 29566 4 9 34 10 31572 2065 9 		 
201212191957 광주광역시 북구 43216 34467 70 2143 32191 4 13 36 10 34397 2827 10 		 
201212192001 광주광역시 북구 48139 38402 79 2393 35864 4 14 38 10 38323 3935 11 		 
201212192003 광주광역시 북구 53246 42709 83 2766 39791 4 15 39 11 42626 4307 12 		 
201212192006 광주광역시 북구 60496 48693 93 3099 45421 4 16 46 14 48600 5984 13 		 
201212192008 광주광역시 북구 64039 51448 99 3310 47950 4 18 50 17 51349 2755 14 		 
201212192011 광주광역시 북구 72240 58402 109 3810 54382 4 21 58 18 58293 6954 15 		 
201212192013 광주광역시 북구 76506 61932 116 4124 57575 4 24 70 19 61816 3530 16 		 
201212192014 광주광역시 북구 85500 69447 124 4709 64486 5 27 75 21 69323 7515 17 		 
201212192016 광주광역시 북구 92019 74548 138 5122 69146 5 32 83 22 74410 5101 18 		 
201212192017 광주광역시 북구 93796 75916 144 5217 70410 5 33 84 23 75772 1368 19 		 
201212192018 광주광역시 북구 98849 80194 151 5526 74366 5 33 90 23 80043 4278 20 		 
201212192020 광주광역시 북구 102282 82902 154 5682 76912 5 33 90 26 82748 2708 21 		 
201212192021 광주광역시 북구 104621 84788 159 5778 78693 5 33 92 28 84629 1886 22 		 
201212192022 광주광역시 북구 107207 86769 164 5920 80522 5 33 97 28 86605 1981 23 		 
201212192024 광주광역시 북구 109531 88609 167 6006 82271 5 34 98 28 88442 1840 24 		 
201212192025 광주광역시 북구 111907 90565 171 6239 83986 6 35 100 28 90394 1956 25 		 
201212192031 광주광역시 북구 118424 95966 177 6590 89025 6 37 103 28 95789 5401 26 		 
201212192037 광주광역시 북구 120999 97891 184 6753 90777 7 37 104 29 97707 1925 27 		 
201212192039 광주광역시 북구 129135 104506 193 7261 96868 8 39 107 30 104313 6615 28 		 
201212192040 광주광역시 북구 129713 104954 197 7307 97262 9 40 109 30 104757 448 29 		 
201212192041 광주광역시 북구 134831 109308 202 7630 101283 10 40 113 30 109106 4354 30 		 
201212192042 광주광역시 북구 138531 112382 211 7831 104133 10 43 121 33 112171 3074 31 		 
201212192043 광주광역시 북구 141331 114708 217 8035 106244 10 45 123 34 114491 2326 32 		 
201212192045 광주광역시 북구 144842 117513 222 8213 108855 10 45 129 39 117291 2805 33 		 
201212192047 광주광역시 북구 149020 120653 235 8489 111688 11 47 138 45 120418 3140 34 		 
201212192050 광주광역시 북구 151567 122600 242 8643 113472 11 48 139 45 122358 1947 35 		 
201212192052 광주광역시 북구 153476 124079 251 8756 114819 11 48 148 46 123828 1479 36 		 
201212192054 광주광역시 북구 156515 126727 255 8907 117307 11 48 152 47 126472 2648 37 		 
201212192055 광주광역시 북구 160225 129911 259 9097 120293 13 48 154 47 129652 3184 38 		 
201212192056 광주광역시 북구 163163 132160 263 9247 122385 13 48 155 49 131897 2249 39 		 
201212192057 광주광역시 북구 169664 137313 275 9588 127173 14 50 162 51 137038 5153 40 		 
201212192059 광주광역시 북구 172124 139189 282 9749 128873 14 51 166 54 138907 1876 41 		 
201212192100 광주광역시 북구 175246 141901 286 9964 131362 14 51 170 54 141615 2712 42 		 
201212192102 광주광역시 북구 178151 144129 292 10104 133441 14 51 172 55 143837 2228 43 		 
201212192104 광주광역시 북구 180477 145957 297 10255 135111 14 51 173 56 145660 1828 44 		 
201212192111 광주광역시 북구 183937 148631 304 10429 137594 15 54 177 58 148327 2674 45 		 
201212192115 광주광역시 북구 187699 151683 311 10581 140483 15 57 177 59 151372 3052 46 		 
201212192119 광주광역시 북구 190214 153692 317 10765 142298 15 57 181 59 153375 2009 47 		 
201212192120 광주광역시 북구 192346 155379 320 10904 143840 15 58 182 60 155059 1687 48 		 
201212192121 광주광역시 북구 195566 157652 328 11110 145888 16 58 188 64 157324 2273 49 		 
201212192122 광주광역시 북구 198787 160406 335 11270 148471 17 58 188 67 160071 2754 50 		 
201212192123 광주광역시 북구 206225 166540 349 11749 154100 19 59 194 70 166191 6134 51 		 
201212192124 광주광역시 북구 209075 168828 360 11926 156196 19 59 198 70 168468 2288 52 		 
201212192125 광주광역시 북구 211758 170969 366 12065 158187 19 60 202 70 170603 2141 53 		 
201212192126 광주광역시 북구 222672 179427 382 12630 166050 20 63 207 75 179045 8458 54 		 
201212192127 광주광역시 북구 227973 183636 389 12979 169892 21 63 212 80 183247 4209 55 		 
201212192128 광주광역시 북구 231808 186750 393 13164 172812 21 63 216 81 186357 3114 56 		 
201212192129 광주광역시 북구 238476 191539 400 13527 177216 23 67 223 83 191139 4789 57 		 
201212192130 광주광역시 북구 242883 195189 400 13852 180534 23 70 227 83 194789 3650 58 		 
201212192131 광주광역시 북구 247971 199194 412 14200 184166 26 72 232 86 198782 4005 59 		 
201212192132 광주광역시 북구 253175 203101 420 14530 187722 27 74 237 91 202681 3907 60 		 
201212192134 광주광역시 북구 256558 205877 423 14754 190263 27 75 241 94 205454 2776 61 		 
201212192138 광주광역시 북구 262055 209980 429 15018 194091 28 76 243 95 209551 4103 62 		 
201212192139 광주광역시 북구 265393 212576 434 15199 196496 28 77 245 97 212142 2596 63 		 
201212192140 광주광역시 북구 268546 214918 446 15380 198634 28 81 252 97 214472 2342 64 		 
201212192141 광주광역시 북구 273812 218795 463 15667 202197 28 81 258 101 218332 3877 65 		 
201212192142 광주광역시 북구 280249 223721 491 16073 206672 28 82 271 104 223230 4926 66 		 
201212192143 광주광역시 북구 285792 228312 497 16357 210962 28 84 278 106 227815 4591 67 		 
201212192144 광주광역시 북구 292162 233512 510 16693 215806 28 84 281 110 233002 5200 68 		 
201212192145 광주광역시 북구 295613 236328 514 16891 218408 30 86 287 112 235814 2816 69 		 
201212192146 광주광역시 북구 303813 243288 530 17313 224920 30 86 295 114 242758 6960 70 		 
201212192147 광주광역시 북구 310717 248588 542 17674 229836 30 90 300 116 248046 5300 71 		 
201212192149 광주광역시 북구 318458 254823 550 18141 235585 31 90 305 121 254273 6235 72 		 
201212192150 광주광역시 북구 321187 256880 554 18277 237495 32 90 309 123 256326 2057 73 		 
201212192151 광주광역시 북구 324953 259874 564 18459 240288 33 92 314 124 259310 2994 74 		 
201212192152 광주광역시 북구 327902 262069 571 18630 242300 33 94 317 124 261498 2195 75 		 
201212192207 광주광역시 북구 332071 265660 573 18919 245587 34 96 325 126 265087 3591 76 		 
201212192215 광주광역시 북구 333101 266372 576 18998 246215 34 96 326 127 265796 712 77 		 
201212192235 광주광역시 북구 344569 276928 714 20378 255181 44 114 344 153 276214 10556 78 		 
