Time AreaA AreaB Total TotalA Invalid VoteA VoteB VoteC VoteD VoteE VoteF TotalB Diff Count
201212191950 광주광역시 광산구 1730 1274 5 117 1147 2 0 1 2 1269 1274 1 		 
201212192010 광주광역시 광산구 3313 2398 13 198 2180 2 0 3 2 2385 1124 2 		 
201212192015 광주광역시 광산구 6663 4970 23 479 4452 2 1 6 7 4947 2572 3 		 
201212192020 광주광역시 광산구 8572 6490 30 659 5780 2 2 9 8 6460 1520 4 		 
201212192024 광주광역시 광산구 10117 7831 36 740 7032 2 3 10 8 7795 1341 5 		 
201212192025 광주광역시 광산구 13445 10750 38 944 9740 2 3 14 9 10712 2919 6 		 
201212192030 광주광역시 광산구 16808 13331 43 1167 12087 2 5 17 10 13288 2581 7 		 
201212192114 광주광역시 광산구 21684 17198 55 1406 15695 2 6 19 15 17143 3867 8 		 
201212192116 광주광역시 광산구 24709 19527 65 1569 17846 2 7 21 17 19462 2329 9 		 
201212192117 광주광역시 광산구 28028 22444 71 1731 20592 2 7 23 18 22373 2917 10 		 
201212192119 광주광역시 광산구 33306 26867 87 1993 24734 2 7 25 19 26780 4423 11 		 
201212192120 광주광역시 광산구 36218 29122 96 2142 26827 2 7 28 20 29026 2255 12 		 
201212192121 광주광역시 광산구 40116 32312 103 2312 29835 2 10 28 22 32209 3190 13 		 
201212192123 광주광역시 광산구 46681 37352 118 2663 34495 3 11 38 24 37234 5040 14 		 
201212192125 광주광역시 광산구 53410 42878 135 3016 39633 4 14 48 28 42743 5526 15 		 
201212192126 광주광역시 광산구 55880 44848 143 3144 41462 4 15 52 28 44705 1970 16 		 
201212192127 광주광역시 광산구 58126 46432 152 3310 42864 4 16 55 31 46280 1584 17 		 
201212192129 광주광역시 광산구 61620 49494 164 3545 45677 4 16 56 32 49330 3062 18 		 
201212192130 광주광역시 광산구 65797 52908 169 3752 48874 5 16 58 34 52739 3414 19 		 
201212192131 광주광역시 광산구 67920 54486 174 3857 50338 5 16 62 34 54312 1578 20 		 
201212192133 광주광역시 광산구 71539 57683 179 4061 53322 5 17 65 34 57504 3197 21 		 
201212192134 광주광역시 광산구 78764 63828 193 4523 58975 5 17 76 39 63635 6145 22 		 
201212192136 광주광역시 광산구 84783 68618 216 4892 63350 8 17 89 46 68402 4790 23 		 
201212192138 광주광역시 광산구 87101 70340 221 4998 64952 9 20 92 48 70119 1722 24 		 
201212192140 광주광역시 광산구 89573 72178 228 5130 66642 10 21 98 49 71950 1838 25 		 
201212192143 광주광역시 광산구 90676 73017 237 5203 67388 10 23 106 50 72780 839 26 		 
201212192145 광주광역시 광산구 95827 76759 242 5465 70854 11 25 109 53 76517 3742 27 		 
201212192147 광주광역시 광산구 100595 80659 249 5693 74515 12 27 110 53 80410 3900 28 		 
201212192149 광주광역시 광산구 101454 81328 264 5742 75111 12 28 115 56 81064 669 29 		 
201212192150 광주광역시 광산구 107185 86034 273 5990 79555 12 29 117 58 85761 4706 30 		 
201212192152 광주광역시 광산구 114278 92118 286 6304 85304 14 32 120 58 91832 6084 31 		 
201212192154 광주광역시 광산구 116684 94019 293 6439 87060 14 33 122 58 93726 1901 32 		 
201212192155 광주광역시 광산구 118935 95965 295 6560 88882 14 33 122 59 95670 1946 33 		 
201212192156 광주광역시 광산구 123249 99616 296 6736 92355 14 33 122 60 99320 3651 34 		 
201212192158 광주광역시 광산구 125845 101882 302 6856 94494 14 33 123 60 101580 2266 35 		 
201212192159 광주광역시 광산구 127528 103137 309 6942 95650 15 33 126 62 102828 1255 36 		 
201212192202 광주광역시 광산구 130413 105293 348 7101 97583 20 33 138 70 104945 2156 37 		 
201212192204 광주광역시 광산구 137327 111113 359 7613 102871 22 33 140 75 110754 5820 38 		 
201212192205 광주광역시 광산구 141408 114594 367 7933 106021 23 33 142 75 114227 3481 39 		 
201212192206 광주광역시 광산구 145035 117471 374 8094 108728 23 33 144 75 117097 2877 40 		 
201212192207 광주광역시 광산구 148150 119673 381 8235 110777 23 34 145 78 119292 2202 41 		 
201212192208 광주광역시 광산구 152703 123014 396 8478 113853 23 36 148 80 122618 3341 42 		 
201212192209 광주광역시 광산구 155413 125227 400 8602 115932 23 36 151 83 124827 2213 43 		 
201212192210 광주광역시 광산구 160744 129152 411 8896 119541 24 36 158 86 128741 3925 44 		 
201212192211 광주광역시 광산구 162183 130260 428 8986 120531 25 36 164 90 129832 1108 45 		 
201212192212 광주광역시 광산구 165070 132299 430 9137 122413 25 37 166 91 131869 2039 46 		 
201212192213 광주광역시 광산구 169140 135545 443 9357 125416 26 37 169 97 135102 3246 47 		 
201212192214 광주광역시 광산구 170432 136485 445 9419 126290 27 37 170 97 136040 940 48 		 
201212192216 광주광역시 광산구 173295 138946 448 9574 128589 27 38 173 97 138498 2461 49 		 
201212192217 광주광역시 광산구 178447 142785 465 9831 132149 27 38 178 97 142320 3839 50 		 
201212192219 광주광역시 광산구 183574 146974 478 10074 136074 27 40 182 99 146496 4189 51 		 
201212192221 광주광역시 광산구 186867 149712 483 10273 138603 28 41 184 100 149229 2738 52 		 
201212192222 광주광역시 광산구 189453 151953 488 10411 140695 28 42 189 100 151465 2241 53 		 
201212192223 광주광역시 광산구 201511 162602 593 11764 149818 41 50 208 128 162009 10649 54 		 
201212192224 광주광역시 광산구 204711 165304 600 11954 152319 41 52 208 130 164704 2702 55 		 
201212192226 광주광역시 광산구 208414 168494 609 12157 155290 41 56 210 131 167885 3190 56 		 
201212192227 광주광역시 광산구 209033 168924 612 12204 155668 41 57 210 132 168312 430 57 		 
201212192228 광주광역시 광산구 212604 171713 620 12411 158237 41 57 213 134 171093 2789 58 		 
201212192229 광주광역시 광산구 215592 174209 624 12523 160611 41 57 216 137 173585 2496 59 		 
201212192230 광주광역시 광산구 221332 178420 645 12784 164529 41 60 222 139 177775 4211 60 		 
201212192231 광주광역시 광산구 224667 181181 652 12989 167073 41 60 224 142 180529 2761 61 		 
201212192232 광주광역시 광산구 226338 182595 656 13088 168383 41 60 225 142 181939 1414 62 		 
201212192233 광주광역시 광산구 229660 185247 660 13269 170846 42 61 226 143 184587 2652 63 		 
201212192235 광주광역시 광산구 232340 187633 665 13383 173109 45 61 226 144 186968 2386 64 		 
201212192237 광주광역시 광산구 236158 190708 667 13601 175957 45 61 230 147 190041 3075 65 		 
201212192238 광주광역시 광산구 239024 193118 672 13730 178229 47 61 232 147 192446 2410 66 		 
201212192239 광주광역시 광산구 247674 200453 685 14157 185109 48 65 237 152 199768 7335 67 		 
201212192240 광주광역시 광산구 254783 206238 698 14537 190490 49 68 241 155 205540 5785 68 		 
201212192241 광주광역시 광산구 261660 211787 705 14968 195588 49 73 248 156 211082 5549 69 		 
201212192252 광주광역시 광산구 266317 215603 708 15199 199166 49 75 250 156 214895 3816 70 		 
201212192253 광주광역시 광산구 269960 218537 714 15384 201895 52 76 256 160 217823 2934 71 		 
201212192307 광주광역시 광산구 272925 220876 721 15548 204061 52 76 256 162 220155 2339 72 		 
