Time AreaA AreaB Total TotalA Invalid VoteA VoteB VoteC VoteD VoteE VoteF TotalB Diff Count
201212192001 광주광역시 남구 2331 1577 10 141 1419 2 0 4 1 1567 1577 1 		 
201212192002 광주광역시 남구 5068 3729 19 329 3368 2 0 9 2 3710 2152 2 		 
201212192007 광주광역시 남구 7824 5699 24 500 5155 2 1 13 4 5675 1970 3 		 
201212192009 광주광역시 남구 10103 7424 29 645 6721 3 3 18 5 7395 1725 4 		 
201212192023 광주광역시 남구 13341 9811 33 830 8915 3 3 20 7 9778 2387 5 		 
201212192027 광주광역시 남구 16605 12251 48 1020 11144 4 3 24 8 12203 2440 6 		 
201212192029 광주광역시 남구 18656 13984 51 1158 12731 4 3 28 9 13933 1733 7 		 
201212192030 광주광역시 남구 22401 16870 64 1401 15355 5 5 29 11 16806 2886 8 		 
201212192033 광주광역시 남구 26361 20186 70 1775 18283 6 5 33 14 20116 3316 9 		 
201212192038 광주광역시 남구 30695 23881 75 2429 21313 6 6 36 16 23806 3695 10 		 
201212192039 광주광역시 남구 31972 24837 75 2523 22174 6 6 36 17 24762 956 11 		 
201212192040 광주광역시 남구 32924 25545 79 2585 22814 7 6 37 17 25466 708 12 		 
201212192041 광주광역시 남구 36084 28102 86 2763 25186 7 6 37 17 28016 2557 13 		 
201212192043 광주광역시 남구 42199 32726 101 3099 29448 9 6 43 20 32625 4624 14 		 
201212192044 광주광역시 남구 46141 35923 119 3335 32382 10 6 48 23 35804 3197 15 		 
201212192053 광주광역시 남구 48972 38104 122 3505 34387 10 7 50 23 37982 2181 16 		 
201212192054 광주광역시 남구 55106 43066 138 3878 38949 11 10 56 24 42928 4962 17 		 
201212192100 광주광역시 남구 58514 45717 152 4106 41351 11 10 61 26 45565 2651 18 		 
201212192101 광주광역시 남구 61953 48547 159 4301 43973 11 11 64 28 48388 2830 19 		 
201212192103 광주광역시 남구 64070 50112 168 4395 45433 11 12 65 28 49944 1565 20 		 
201212192104 광주광역시 남구 65807 51498 180 4484 46708 11 13 72 30 51318 1386 21 		 
201212192105 광주광역시 남구 70145 55012 186 4743 49951 11 13 76 32 54826 3514 22 		 
201212192106 광주광역시 남구 73761 58014 191 4971 52710 12 15 81 34 57823 3002 23 		 
201212192108 광주광역시 남구 76163 59982 196 5102 54541 12 15 81 35 59786 1968 24 		 
201212192110 광주광역시 남구 79549 62773 206 5301 57119 12 15 85 35 62567 2791 25 		 
201212192120 광주광역시 남구 83786 66093 211 5527 60203 12 16 88 36 65882 3320 26 		 
201212192144 광주광역시 남구 86399 68208 223 5691 62133 13 16 93 39 67985 2115 27 		 
201212192145 광주광역시 남구 88716 69975 228 5811 63769 13 16 99 39 69747 1767 28 		 
201212192146 광주광역시 남구 91639 72228 241 6013 65798 14 17 104 41 71987 2253 29 		 
201212192155 광주광역시 남구 93111 73303 244 6097 66783 14 17 106 42 73059 1075 30 		 
201212192156 광주광역시 남구 96813 76324 301 6377 69450 16 20 111 49 76023 3021 31 		 
201212192157 광주광역시 남구 99076 77819 305 6487 70825 17 23 112 50 77514 1495 32 		 
201212192158 광주광역시 남구 102113 80203 313 6655 73026 18 24 116 51 79890 2384 33 		 
201212192159 광주광역시 남구 106205 83404 323 6862 76006 18 24 118 53 83081 3201 34 		 
201212192200 광주광역시 남구 109046 85774 328 7023 78208 18 24 119 54 85446 2370 35 		 
201212192201 광주광역시 남구 113512 89664 336 7380 81727 18 25 123 55 89328 3890 36 		 
201212192202 광주광역시 남구 116551 92009 341 7538 83905 18 25 126 56 91668 2345 37 		 
201212192203 광주광역시 남구 120428 95215 344 7715 86922 19 27 130 58 94871 3206 38 		 
201212192204 광주광역시 남구 127708 101042 359 8273 92160 20 30 142 58 100683 5827 39 		 
201212192206 광주광역시 남구 131763 104505 366 8591 95293 20 30 147 58 104139 3463 40 		 
201212192209 광주광역시 남구 134557 106875 369 8753 97493 20 31 150 59 106506 2370 41 		 
201212192210 광주광역시 남구 137559 109298 380 8875 99779 20 31 152 61 108918 2423 42 		 
201212192212 광주광역시 남구 140106 111279 392 9030 101589 20 31 156 61 110887 1981 43 		 
201212192213 광주광역시 남구 148496 118311 397 9581 108054 20 32 164 63 117914 7032 44 		 
201212192214 광주광역시 남구 152149 121061 404 9834 110536 20 33 167 67 120657 2750 45 		 
201212192215 광주광역시 남구 156772 124918 411 10051 114164 20 34 171 67 124507 3857 46 		 
201212192218 광주광역시 남구 160803 128291 417 10288 117288 20 36 174 68 127874 3373 47 		 
201212192223 광주광역시 남구 161409 128740 418 10338 117684 20 37 174 69 128322 449 48 		 
201212192226 광주광역시 남구 167397 134257 517 11070 122328 26 47 187 82 133740 5517 49 		 
201212192312 광주광역시 남구 171637 137620 525 11307 125439 27 48 191 83 137095 3363 50 		 
201212192314 광주광역시 남구 171637 137610 515 11307 125439 27 48 191 83 137095 -10 51 		 
