Time AreaA AreaB Total TotalA Invalid VoteA VoteB VoteC VoteD VoteE VoteF TotalB Diff Count
201212191953 대구광역시 서구 2827 2116 4 1817 289 0 1 2 3 2112 2116 1 		 
201212191958 대구광역시 서구 6775 5204 7 4390 793 0 3 5 6 5197 3088 2 		 
201212192001 대구광역시 서구 9733 7438 12 6298 1107 1 3 6 11 7426 2234 3 		 
201212192004 대구광역시 서구 10612 8113 14 6885 1192 1 3 6 12 8099 675 4 		 
201212192009 대구광역시 서구 13328 10091 15 8589 1463 1 3 6 14 10076 1978 5 		 
201212192013 대구광역시 서구 16355 12371 23 10582 1737 1 3 7 18 12348 2280 6 		 
201212192020 대구광역시 서구 19517 14690 28 12588 2038 1 4 9 22 14662 2319 7 		 
201212192021 대구광역시 서구 20358 15325 33 13139 2110 1 4 9 29 15292 635 8 		 
201212192022 대구광역시 서구 22309 16583 35 14213 2287 2 5 9 32 16548 1258 9 		 
201212192023 대구광역시 서구 25220 18889 46 16098 2691 3 6 9 36 18843 2306 10 		 
201212192028 대구광역시 서구 28690 21574 51 18384 3080 3 6 12 38 21523 2685 11 		 
201212192030 대구광역시 서구 31965 24018 59 20479 3411 3 6 16 44 23959 2444 12 		 
201212192033 대구광역시 서구 38113 28740 68 24541 4050 5 8 21 47 28672 4722 13 		 
201212192035 대구광역시 서구 41749 31652 72 26934 4560 5 11 23 47 31580 2912 14 		 
201212192039 대구광역시 서구 44666 33864 73 28839 4856 8 12 25 51 33791 2212 15 		 
201212192041 대구광역시 서구 48940 37146 75 31511 5451 11 13 30 55 37071 3282 16 		 
201212192050 대구광역시 서구 52674 40186 78 33949 6043 12 14 31 59 40108 3040 17 		 
201212192051 대구광역시 서구 55810 42667 85 36039 6422 12 14 32 63 42582 2481 18 		 
201212192100 대구광역시 서구 59755 45706 89 38624 6866 12 14 35 66 45617 3039 19 		 
201212192103 대구광역시 서구 63088 48312 95 40880 7202 12 14 35 74 48217 2606 20 		 
201212192105 대구광역시 서구 65843 50379 104 42659 7472 13 15 38 78 50275 2067 21 		 
201212192129 대구광역시 서구 70174 54136 108 45620 8250 15 16 45 82 54028 3757 22 		 
201212192130 대구광역시 서구 73519 56709 110 47787 8641 16 17 49 89 56599 2573 23 		 
201212192131 대구광역시 서구 76874 59284 117 50024 8963 18 19 51 92 59167 2575 24 		 
201212192132 대구광역시 서구 80078 61717 126 52146 9258 19 20 52 96 61591 2433 25 		 
201212192133 대구광역시 서구 82544 63555 129 53719 9514 19 22 53 99 63426 1838 26 		 
201212192139 대구광역시 서구 86040 66160 132 55952 9872 20 22 59 103 66028 2605 27 		 
201212192140 대구광역시 서구 89262 68627 142 58000 10277 20 22 60 106 68485 2467 28 		 
201212192146 대구광역시 서구 93200 71649 147 60570 10708 21 23 69 111 71502 3022 29 		 
201212192153 대구광역시 서구 97422 74865 154 63309 11170 23 24 71 114 74711 3216 30 		 
201212192154 대구광역시 서구 100831 77427 163 65539 11488 23 24 71 119 77264 2562 31 		 
201212192157 대구광역시 서구 104376 80198 167 67760 12028 23 25 76 119 80031 2771 32 		 
201212192200 대구광역시 서구 107927 82950 174 70057 12467 24 26 79 123 82776 2752 33 		 
201212192201 대구광역시 서구 110276 84778 177 71622 12723 24 27 79 126 84601 1828 34 		 
201212192205 대구광역시 서구 113500 87104 179 73593 13067 25 27 83 130 86925 2326 35 		 
201212192206 대구광역시 서구 116842 89705 183 75855 13395 26 28 84 134 89522 2601 36 		 
201212192208 대구광역시 서구 117322 90045 184 76040 13547 26 29 84 135 89861 340 37 		 
201212192210 대구광역시 서구 120765 92737 193 78346 13915 27 29 84 143 92544 2692 38 		 
201212192212 대구광역시 서구 123786 94929 201 80253 14183 27 30 89 146 94728 2192 39 		 
201212192215 대구광역시 서구 126269 96817 204 81827 14483 28 30 99 146 96613 1888 40 		 
201212192218 대구광역시 서구 129321 99223 208 83898 14804 28 32 105 148 99015 2406 41 		 
201212192237 대구광역시 서구 131664 100983 213 85420 15033 28 34 105 150 100770 1760 42 		 
201212192238 대구광역시 서구 135330 103878 217 87865 15472 29 35 108 152 103661 2895 43 		 
201212192240 대구광역시 서구 138399 106318 221 89891 15875 29 37 109 156 106097 2440 44 		 
201212192242 대구광역시 서구 142566 109608 226 92605 16444 29 38 109 157 109382 3290 45 		 
201212192245 대구광역시 서구 145914 112155 228 94828 16752 29 38 112 168 111927 2547 46 		 
201212192247 대구광역시 서구 149389 114708 232 96913 17205 30 39 116 173 114476 2553 47 		 
201212192251 대구광역시 서구 152675 117334 236 99101 17629 30 39 121 178 117098 2626 48 		 
201212192257 대구광역시 서구 156867 121302 305 101849 18748 34 47 127 192 120997 3968 49 		 
201212192259 대구광역시 서구 160678 124156 315 104244 19184 34 50 130 199 123841 2854 50 		 
201212192302 대구광역시 서구 164226 126858 325 106599 19508 35 51 134 206 126533 2702 51 		 
201212192303 대구광역시 서구 166781 128814 331 108259 19795 35 52 134 208 128483 1956 52 		 
201212192304 대구광역시 서구 171003 132181 335 110939 20466 36 54 140 211 131846 3367 53 		 
201212192306 대구광역시 서구 173710 134285 339 112740 20759 37 54 141 215 133946 2104 54 		 
201212192307 대구광역시 서구 176077 136142 340 114308 21041 37 55 142 219 135802 1857 55 		 
201212192309 대구광역시 서구 179895 138858 352 116635 21413 37 56 142 223 138506 2716 56 		 
201212192310 대구광역시 서구 182568 140961 355 118462 21683 37 56 143 225 140606 2103 57 		 
201212192312 대구광역시 서구 185772 143549 361 120625 22092 37 56 152 226 143188 2588 58 		 
