Time AreaA AreaB Total TotalA Invalid VoteA VoteB VoteC VoteD VoteE VoteF TotalB Diff Count
201212191937 대구광역시 달서구 2309 1982 3 1567 404 0 0 5 3 1979 1982 1 		 
201212191941 대구광역시 달서구 5191 4345 5 3476 850 0 0 6 8 4340 2363 2 		 
201212191943 대구광역시 달서구 7776 6437 14 5134 1270 1 2 8 8 6423 2092 3 		 
201212191945 대구광역시 달서구 11958 9965 19 7934 1984 1 4 14 9 9946 3528 4 		 
201212191946 대구광역시 달서구 15702 13122 28 10400 2658 1 6 18 11 13094 3157 5 		 
201212191950 대구광역시 달서구 19086 15632 35 12453 3104 1 7 19 13 15597 2510 6 		 
201212191957 대구광역시 달서구 22581 18315 42 14725 3502 3 7 21 15 18273 2683 7 		 
201212192000 대구광역시 달서구 27155 21722 52 17560 4053 3 9 22 23 21670 3407 8 		 
201212192001 대구광역시 달서구 30134 24030 53 19437 4480 3 10 23 24 23977 2308 9 		 
201212192007 대구광역시 달서구 32512 25853 58 20935 4787 3 13 27 30 25795 1823 10 		 
201212192011 대구광역시 달서구 36098 28556 70 23237 5167 5 14 28 35 28486 2703 11 		 
201212192012 대구광역시 달서구 38911 30749 77 25018 5566 5 15 32 36 30672 2193 12 		 
201212192014 대구광역시 달서구 42003 33127 83 26995 5958 5 15 33 38 33044 2378 13 		 
201212192015 대구광역시 달서구 43519 34141 96 27500 6447 5 16 36 41 34045 1014 14 		 
201212192016 대구광역시 달서구 49632 39091 104 31352 7529 6 17 39 44 38987 4950 15 		 
201212192017 대구광역시 달서구 52380 41064 111 33032 7810 6 18 41 46 40953 1973 16 		 
201212192018 대구광역시 달서구 55009 43213 116 34749 8232 7 18 42 49 43097 2149 17 		 
201212192019 대구광역시 달서구 61980 48924 124 39357 9305 8 19 54 57 48800 5711 18 		 
201212192020 대구광역시 달서구 65523 51521 130 41542 9705 8 21 58 57 51391 2597 19 		 
201212192022 대구광역시 달서구 68118 53564 137 43224 10052 9 21 63 58 53427 2043 20 		 
201212192023 대구광역시 달서구 70755 55795 143 45023 10473 9 21 66 60 55652 2231 21 		 
201212192024 대구광역시 달서구 73603 58037 148 46811 10914 9 23 70 62 57889 2242 22 		 
201212192025 대구광역시 달서구 76535 60437 150 48764 11353 10 24 72 64 60287 2400 23 		 
201212192026 대구광역시 달서구 79675 63004 154 50751 11918 11 24 77 69 62850 2567 24 		 
201212192027 대구광역시 달서구 85291 67763 162 54465 12939 12 29 86 70 67601 4759 25 		 
201212192028 대구광역시 달서구 88175 70219 168 56313 13533 12 29 90 74 70051 2456 26 		 
201212192029 대구광역시 달서구 92121 73571 175 59011 14173 12 30 95 75 73396 3352 27 		 
201212192030 대구광역시 달서구 96053 76982 177 61620 14966 13 30 99 77 76805 3411 28 		 
201212192037 대구광역시 달서구 97839 78517 181 62725 15389 13 31 100 78 78336 1535 29 		 
201212192038 대구광역시 달서구 100974 80998 183 64758 15828 13 31 103 82 80815 2481 30 		 
201212192040 대구광역시 달서구 104356 83814 191 66949 16437 14 32 107 84 83623 2816 31 		 
201212192041 대구광역시 달서구 107498 86251 198 68945 16861 14 32 112 89 86053 2437 32 		 
201212192043 대구광역시 달서구 110745 88823 204 71012 17355 14 33 114 91 88619 2572 33 		 
201212192046 대구광역시 달서구 115490 92698 209 74118 18111 16 33 115 96 92489 3875 34 		 
201212192050 대구광역시 달서구 118895 95259 212 76299 18481 16 34 117 100 95047 2561 35 		 
201212192056 대구광역시 달서구 121685 97716 216 78090 19131 17 37 123 102 97500 2457 36 		 
201212192100 대구광역시 달서구 125755 100819 222 80694 19614 18 39 124 108 100597 3103 37 		 
201212192101 대구광역시 달서구 129032 103560 226 82921 20119 18 41 127 108 103334 2741 38 		 
201212192103 대구광역시 달서구 132663 106733 231 85411 20789 18 42 129 113 106502 3173 39 		 
201212192104 대구광역시 달서구 135258 108606 235 87008 21055 20 42 129 117 108371 1873 40 		 
201212192105 대구광역시 달서구 141494 113777 243 91080 22132 20 45 134 123 113534 5171 41 		 
201212192107 대구광역시 달서구 145349 116922 250 93570 22772 20 46 137 127 116672 3145 42 		 
201212192108 대구광역시 달서구 148892 119787 257 95821 23364 23 46 144 132 119530 2865 43 		 
201212192112 대구광역시 달서구 151289 121865 258 97507 23751 23 48 144 134 121607 2078 44 		 
201212192113 대구광역시 달서구 154678 124550 259 99692 24246 23 50 145 135 124291 2685 45 		 
201212192116 대구광역시 달서구 156908 126307 263 101151 24533 23 51 148 138 126044 1757 46 		 
201212192121 대구광역시 달서구 159941 128562 269 102984 24943 23 53 150 140 128293 2255 47 		 
201212192123 대구광역시 달서구 162209 130441 273 104554 25243 23 54 151 143 130168 1879 48 		 
201212192130 대구광역시 달서구 164884 132691 276 106357 25681 23 54 153 147 132415 2250 49 		 
201212192132 대구광역시 달서구 169356 136539 284 109351 26520 24 55 154 151 136255 3848 50 		 
201212192133 대구광역시 달서구 173238 139834 289 111769 27385 25 55 159 152 139545 3295 51 		 
201212192135 대구광역시 달서구 176528 142324 297 113785 27843 26 57 161 155 142027 2490 52 		 
201212192136 대구광역시 달서구 180481 145751 299 116497 28553 26 57 164 155 145452 3427 53 		 
201212192140 대구광역시 달서구 183092 147993 303 118188 29095 26 58 166 157 147690 2242 54 		 
201212192141 대구광역시 달서구 187410 151584 315 121115 29739 27 58 169 161 151269 3591 55 		 
201212192143 대구광역시 달서구 194116 156991 322 125526 30718 29 59 174 163 156669 5407 56 		 
201212192151 대구광역시 달서구 198074 160173 330 128164 31249 29 59 178 164 159843 3182 57 		 
201212192152 대구광역시 달서구 200796 162490 333 130004 31714 29 59 183 168 162157 2317 58 		 
201212192154 대구광역시 달서구 209549 169457 349 135532 33119 30 63 189 175 169108 6967 59 		 
201212192157 대구광역시 달서구 216618 174883 356 139967 34086 32 65 193 184 174527 5426 60 		 
201212192158 대구광역시 달서구 220172 177565 363 142202 34519 34 65 197 185 177202 2682 61 		 
201212192159 대구광역시 달서구 223432 180008 371 144245 34902 35 65 199 191 179637 2443 62 		 
201212192204 대구광역시 달서구 226370 182208 377 146040 35296 35 66 202 192 181831 2200 63 		 
201212192206 대구광역시 달서구 228624 184110 378 147463 35769 37 68 203 192 183732 1902 64 		 
201212192208 대구광역시 달서구 233233 187845 384 150438 36516 37 68 206 196 187461 3735 65 		 
201212192213 대구광역시 달서구 236763 190845 392 152895 37043 37 68 213 197 190453 3000 66 		 
201212192215 대구광역시 달서구 239734 193435 394 154746 37771 37 71 217 199 193041 2590 67 		 
201212192220 대구광역시 달서구 242564 195678 401 156569 38178 37 71 220 202 195277 2243 68 		 
201212192221 대구광역시 달서구 246484 198821 407 159078 38796 37 72 223 208 198414 3143 69 		 
201212192223 대구광역시 달서구 249841 201496 410 161306 39234 37 72 226 211 201086 2675 70 		 
201212192224 대구광역시 달서구 253428 204352 418 163632 39753 37 72 227 213 203934 2856 71 		 
201212192226 대구광역시 달서구 256945 206910 421 165744 40191 37 73 229 215 206489 2558 72 		 
201212192228 대구광역시 달서구 260251 209481 425 167844 40656 37 73 229 217 209056 2571 73 		 
201212192232 대구광역시 달서구 263066 211841 428 169738 41115 37 75 230 218 211413 2360 74 		 
201212192237 대구광역시 달서구 266049 214104 435 171655 41438 38 80 236 222 213669 2263 75 		 
201212192238 대구광역시 달서구 269078 216442 442 173581 41836 38 82 239 224 216000 2338 76 		 
201212192239 대구광역시 달서구 272038 218930 447 175555 42338 38 83 244 225 218483 2488 77 		 
201212192252 대구광역시 달서구 275830 222113 456 178142 42920 39 83 245 228 221657 3183 78 		 
201212192254 대구광역시 달서구 278927 224727 459 180199 43467 41 84 247 230 224268 2614 79 		 
201212192257 대구광역시 달서구 296085 240489 619 191111 48075 50 104 265 265 239870 15762 80 		 
201212192259 대구광역시 달서구 299785 243443 625 193457 48673 50 105 266 267 242818 2954 81 		 
201212192301 대구광역시 달서구 303913 246660 633 196157 49180 51 105 266 268 246027 3217 82 		 
201212192302 대구광역시 달서구 306850 248943 639 198075 49533 51 105 269 271 248304 2283 83 		 
201212192303 대구광역시 달서구 310000 251373 649 200154 49859 53 107 273 278 250724 2430 84 		 
201212192304 대구광역시 달서구 317042 256922 666 204524 51002 56 109 281 284 256256 5549 85 		 
201212192306 대구광역시 달서구 320743 259684 669 206770 51507 58 110 281 289 259015 2762 86 		 
201212192307 대구광역시 달서구 326955 264723 684 210905 52379 60 112 290 293 264039 5039 87 		 
201212192309 대구광역시 달서구 335793 271892 701 216710 53705 61 116 299 300 271191 7169 88 		 
201212192310 대구광역시 달서구 340468 275799 706 219617 54687 61 117 308 303 275093 3907 89 		 
201212192311 대구광역시 달서구 344963 279485 710 222337 55642 62 117 311 306 278775 3686 90 		 
201212192312 대구광역시 달서구 349328 282641 717 224877 56246 62 118 314 307 281924 3156 91 		 
201212192314 대구광역시 달서구 351714 284343 720 226225 56591 63 119 318 307 283623 1702 92 		 
201212192317 대구광역시 달서구 355345 287093 725 228517 57036 63 119 322 311 286368 2750 93 		 
201212192318 대구광역시 달서구 359968 290965 731 231472 57938 64 122 324 314 290234 3872 94 		 
201212192321 대구광역시 달서구 363512 293997 734 233811 58613 65 122 335 317 293263 3032 95 		 
201212192322 대구광역시 달서구 366612 296482 737 235864 59034 66 123 338 320 295745 2485 96 		 
201212192326 대구광역시 달서구 369865 298881 747 237830 59443 66 125 340 330 298134 2399 97 		 
201212192334 대구광역시 달서구 373270 301614 750 239941 60056 66 128 341 332 300864 2733 98 		 
201212192341 대구광역시 달서구 377155 304653 754 242496 60527 66 129 345 336 303899 3039 99 		 
201212192342 대구광역시 달서구 380910 307754 758 244950 61164 66 129 349 338 306996 3101 100 		 
201212192343 대구광역시 달서구 388964 314685 769 250487 62531 67 129 358 344 313916 6931 101 		 
201212192344 대구광역시 달서구 395413 319501 781 254294 63512 68 136 362 348 318720 4816 102 		 
201212192346 대구광역시 달서구 402709 325167 799 258677 64763 68 138 369 353 324368 5666 103 		 
201212192347 대구광역시 달서구 411205 331830 811 264027 66041 69 140 380 362 331019 6663 104 		 
201212192348 대구광역시 달서구 413222 333292 815 265173 66351 69 141 380 363 332477 1462 105 		 
201212192352 대구광역시 달서구 416688 335872 820 267300 66793 70 142 381 366 335052 2580 106 		 
201212192355 대구광역시 달서구 418632 337546 826 268573 67184 70 145 381 367 336720 1674 107 		 
201212192356 대구광역시 달서구 423042 341244 832 271512 67923 71 145 390 371 340412 3698 108 		 
201212192357 대구광역시 달서구 427848 345397 838 274801 68774 71 147 391 375 344559 4153 109 		 
201212200003 대구광역시 달서구 431570 348539 845 277352 69348 71 147 396 380 347694 3142 110 		 
201212200004 대구광역시 달서구 435306 351751 849 279860 70041 71 147 400 383 350902 3212 111 		 
201212200007 대구광역시 달서구 439353 354999 853 282481 70656 71 151 403 384 354146 3248 112 		 
201212200009 대구광역시 달서구 442398 357449 858 284445 71131 72 152 405 386 356591 2450 113 		 
201212200010 대구광역시 달서구 446130 360653 861 286915 71853 74 154 406 390 359792 3204 114 		 
201212200011 대구광역시 달서구 449372 363440 868 289084 72461 74 155 407 391 362572 2787 115 		 
201212200014 대구광역시 달서구 453146 366550 869 291554 73090 75 156 413 393 365681 3110 116 		 
201212200015 대구광역시 달서구 457025 369885 875 294267 73695 77 158 418 395 369010 3335 117 		 
201212200017 대구광역시 달서구 460750 373143 883 296798 74409 78 160 418 397 372260 3258 118 		 
201212200020 대구광역시 달서구 465090 376482 886 299459 75074 79 160 423 401 375596 3339 119 		 
201212200024 대구광역시 달서구 468801 379645 891 301956 75725 81 161 425 406 378754 3163 120 		 
201212200031 대구광역시 달서구 472596 382874 897 304535 76363 82 163 427 407 381977 3229 121 		 
