Time AreaA AreaB Total TotalA Invalid VoteA VoteB VoteC VoteD VoteE VoteF TotalB Diff Count
201212191916 대구광역시 남구 2450 1662 2 1407 246 0 0 4 3 1660 1662 1 		 
201212191927 대구광역시 남구 5453 3942 4 3207 715 1 1 7 7 3938 2280 2 		 
201212191929 대구광역시 남구 7914 5701 7 4704 965 2 2 10 11 5694 1759 3 		 
201212191931 대구광역시 남구 10125 7361 8 6076 1244 2 2 17 12 7353 1660 4 		 
201212191935 대구광역시 남구 13507 10036 12 8247 1733 3 3 23 15 10024 2675 5 		 
201212191937 대구광역시 남구 15871 11886 17 9741 2079 3 3 26 17 11869 1850 6 		 
201212191940 대구광역시 남구 18834 14372 20 11776 2521 3 3 29 20 14352 2486 7 		 
201212191942 대구광역시 남구 22007 16621 25 13584 2945 4 6 31 26 16596 2249 8 		 
201212191944 대구광역시 남구 24900 18965 27 15530 3337 4 6 32 29 18938 2344 9 		 
201212191945 대구광역시 남구 27146 20740 30 16995 3641 4 6 33 31 20710 1775 10 		 
201212191948 대구광역시 남구 29892 22673 35 18560 3999 4 7 33 35 22638 1933 11 		 
201212191950 대구광역시 남구 33026 25244 40 20644 4472 4 7 37 40 25204 2571 12 		 
201212191952 대구광역시 남구 36212 27602 44 22579 4883 5 9 38 44 27558 2358 13 		 
201212191953 대구광역시 남구 39264 29976 46 24522 5302 5 11 44 46 29930 2374 14 		 
201212191956 대구광역시 남구 41992 32038 49 26250 5624 6 11 48 50 31989 2062 15 		 
201212191958 대구광역시 남구 45014 34347 53 28186 5983 7 11 50 57 34294 2309 16 		 
201212192003 대구광역시 남구 48250 36829 59 30208 6430 7 12 55 58 36770 2482 17 		 
201212192008 대구광역시 남구 52844 39721 63 32616 6902 8 13 58 61 39658 2892 18 		 
201212192009 대구광역시 남구 55958 42163 71 34594 7348 8 16 60 66 42092 2442 19 		 
201212192019 대구광역시 남구 58746 44299 73 36317 7746 10 17 63 73 44226 2136 20 		 
201212192023 대구광역시 남구 61538 46343 78 37961 8134 11 18 67 74 46265 2044 21 		 
201212192027 대구광역시 남구 63765 48045 79 39351 8441 11 18 68 77 47966 1702 22 		 
201212192029 대구광역시 남구 67374 50629 83 41442 8920 11 18 70 85 50546 2584 23 		 
201212192031 대구광역시 남구 70270 53005 87 43267 9456 11 19 80 85 52918 2376 24 		 
201212192032 대구광역시 남구 73269 55341 90 45217 9835 11 19 81 88 55251 2336 25 		 
201212192033 대구광역시 남구 76314 57631 99 47116 10208 12 21 82 93 57532 2290 26 		 
201212192040 대구광역시 남구 79153 59837 104 48917 10602 13 23 84 94 59733 2206 27 		 
201212192041 대구광역시 남구 82321 62162 111 50888 10938 14 26 88 97 62051 2325 28 		 
201212192046 대구광역시 남구 86488 65264 114 53430 11487 16 26 93 98 65150 3102 29 		 
201212192047 대구광역시 남구 89546 67530 117 55305 11867 17 27 95 102 67413 2266 30 		 
201212192112 대구광역시 남구 92515 69774 124 57181 12225 17 27 96 104 69650 2244 31 		 
201212192115 대구광역시 남구 96146 72485 131 59306 12797 17 27 100 107 72354 2711 32 		 
201212192116 대구광역시 남구 99190 74884 141 61261 13222 17 27 105 111 74743 2399 33 		 
201212192117 대구광역시 남구 102078 76929 151 62954 13560 18 27 107 112 76778 2045 34 		 
201212192119 대구광역시 남구 105249 79343 152 64901 14021 18 27 109 115 79191 2414 35 		 
201212192121 대구광역시 남구 108911 81943 158 66986 14519 20 27 115 118 81785 2600 36 		 
201212192127 대구광역시 남구 111621 84061 158 68727 14885 20 30 120 121 83903 2118 37 		 
201212192129 대구광역시 남구 114534 86279 165 70521 15296 21 30 122 124 86114 2218 38 		 
201212192130 대구광역시 남구 117861 89023 168 72778 15775 22 30 125 125 88855 2744 39 		 
201212192133 대구광역시 남구 120750 91246 168 74576 16189 23 32 126 132 91078 2223 40 		 
201212192135 대구광역시 남구 124065 93548 171 76282 16774 25 34 128 134 93377 2302 41 		 
201212192136 대구광역시 남구 126594 95537 176 78007 17021 25 34 134 140 95361 1989 42 		 
201212192138 대구광역시 남구 130280 98240 182 80183 17533 27 35 138 142 98058 2703 43 		 
201212192142 대구광역시 남구 133629 100673 188 82126 18011 28 36 141 143 100485 2433 44 		 
201212192144 대구광역시 남구 134238 101098 191 82354 18203 29 37 141 143 100907 425 45 		 
201212192146 대구광역시 남구 138035 104138 195 84759 18823 29 40 148 144 103943 3040 46 		 
201212192150 대구광역시 남구 141318 107163 238 86781 19754 30 47 153 160 106925 3025 47 		 
