Time AreaA AreaB Total TotalA Invalid VoteA VoteB VoteC VoteD VoteE VoteF TotalB Diff Count
201212191928 대구광역시 동구 1650 1272 4 925 337 0 1 0 5 1268 1272 1 		 
201212191936 대구광역시 동구 4002 3284 8 2506 757 0 1 1 11 3276 2012 2 		 
201212191952 대구광역시 동구 7594 6103 11 4882 1188 0 3 2 17 6092 2819 3 		 
201212191954 대구광역시 동구 10331 8261 16 6640 1571 1 4 5 24 8245 2158 4 		 
201212191956 대구광역시 동구 12985 10398 19 8451 1886 1 5 8 28 10379 2137 5 		 
201212192002 대구광역시 동구 16872 13309 24 10845 2392 1 5 10 32 13285 2911 6 		 
201212192006 대구광역시 동구 20477 16055 26 13080 2890 3 5 14 37 16029 2746 7 		 
201212192008 대구광역시 동구 22868 17932 30 14640 3199 5 6 14 38 17902 1877 8 		 
201212192010 대구광역시 동구 25790 20145 37 16476 3564 5 6 16 41 20108 2213 9 		 
201212192021 대구광역시 동구 28359 22194 42 18188 3892 5 8 17 42 22152 2049 10 		 
201212192024 대구광역시 동구 31308 24346 49 19981 4240 5 9 19 43 24297 2152 11 		 
201212192026 대구광역시 동구 34597 26854 58 22085 4630 5 10 21 45 26796 2508 12 		 
201212192028 대구광역시 동구 37900 29559 66 24224 5185 6 11 22 45 29493 2705 13 		 
201212192030 대구광역시 동구 40176 31466 73 25738 5565 8 11 24 47 31393 1907 14 		 
201212192036 대구광역시 동구 43856 34119 80 27942 5995 8 15 26 53 34039 2653 15 		 
201212192038 대구광역시 동구 47720 37350 86 30406 6746 8 16 32 56 37264 3231 16 		 
201212192039 대구광역시 동구 51778 40628 90 32586 7833 8 17 35 59 40538 3278 17 		 
201212192042 대구광역시 동구 58979 46124 100 37075 8815 8 18 42 66 46024 5496 18 		 
201212192050 대구광역시 동구 62686 48946 106 39430 9270 8 18 43 71 48840 2822 19 		 
201212192053 대구광역시 동구 65280 50970 115 41132 9579 8 18 44 74 50855 2024 20 		 
201212192054 대구광역시 동구 69425 54276 123 43812 10186 10 20 46 79 54153 3306 21 		 
201212192056 대구광역시 동구 73961 57796 136 46782 10709 11 22 53 83 57660 3520 22 		 
201212192057 대구광역시 동구 77455 60612 141 49014 11281 12 23 56 85 60471 2816 23 		 
201212192059 대구광역시 동구 78476 61312 145 49392 11591 13 24 60 87 61167 700 24 		 
201212192101 대구광역시 동구 81276 63506 147 51275 11894 13 26 62 89 63359 2194 25 		 
201212192102 대구광역시 동구 84821 66329 150 53568 12409 13 29 70 90 66179 2823 26 		 
201212192103 대구광역시 동구 88343 69287 154 55756 13169 13 29 76 90 69133 2958 27 		 
201212192104 대구광역시 동구 91636 72018 157 57920 13724 14 31 78 94 71861 2731 28 		 
201212192105 대구광역시 동구 94106 73872 161 59534 13955 14 32 80 96 73711 1854 29 		 
201212192107 대구광역시 동구 100432 78684 171 63463 14820 14 32 83 101 78513 4812 30 		 
201212192108 대구광역시 동구 103188 80866 172 65248 15211 15 32 85 103 80694 2182 31 		 
201212192109 대구광역시 동구 103646 81226 174 65562 15254 16 32 85 103 81052 360 32 		 
201212192111 대구광역시 동구 107410 84302 176 67849 16030 17 32 92 106 84126 3076 33 		 
201212192113 대구광역시 동구 111236 87247 182 70281 16529 17 32 96 110 87065 2945 34 		 
201212192114 대구광역시 동구 114039 89317 189 72012 16849 17 35 100 115 89128 2070 35 		 
201212192115 대구광역시 동구 118456 92905 196 74576 17856 18 35 105 119 92709 3588 36 		 
201212192116 대구광역시 동구 121333 95176 200 76379 18316 18 37 107 119 94976 2271 37 		 
201212192117 대구광역시 동구 124948 98079 219 78636 18933 19 37 112 123 97860 2903 38 		 
201212192118 대구광역시 동구 128424 100716 227 80770 19421 19 38 117 124 100489 2637 39 		 
201212192122 대구광역시 동구 131276 102939 232 82587 19816 20 39 120 125 102707 2223 40 		 
201212192125 대구광역시 동구 135610 106423 234 85151 20725 20 40 124 129 106189 3484 41 		 
201212192127 대구광역시 동구 138675 108890 242 87147 21182 20 40 126 133 108648 2467 42 		 
201212192128 대구광역시 동구 141228 110855 246 88770 21516 20 41 127 135 110609 1965 43 		 
201212192130 대구광역시 동구 144435 113380 256 90770 22024 20 43 130 137 113124 2525 44 		 
201212192131 대구광역시 동구 147262 115368 260 92455 22312 20 47 135 139 115108 1988 45 		 
201212192132 대구광역시 동구 152669 119550 267 95885 23052 21 47 137 141 119283 4182 46 		 
201212192133 대구광역시 동구 156047 122121 276 97996 23500 21 47 137 144 121845 2571 47 		 
201212192134 대구광역시 동구 160252 125578 281 100707 24233 21 47 139 150 125297 3457 48 		 
201212192135 대구광역시 동구 162295 127060 285 101964 24452 21 47 139 152 126775 1482 49 		 
201212192159 대구광역시 동구 164491 128774 286 103392 24730 21 48 143 154 128488 1714 50 		 
201212192200 대구광역시 동구 166965 130693 288 104958 25076 21 48 145 157 130405 1919 51 		 
201212192201 대구광역시 동구 169405 132558 293 106507 25382 21 50 146 159 132265 1865 52 		 
201212192202 대구광역시 동구 172980 135358 301 108694 25974 21 52 152 164 135057 2800 53 		 
201212192205 대구광역시 동구 175976 137695 306 110593 26402 21 53 154 166 137389 2337 54 		 
201212192207 대구광역시 동구 182200 142881 316 114472 27683 22 56 161 171 142565 5186 55 		 
201212192210 대구광역시 동구 185294 145527 322 116582 28209 22 56 164 172 145205 2646 56 		 
201212192220 대구광역시 동구 189250 148731 330 119131 28847 22 56 171 174 148401 3204 57 		 
201212192221 대구광역시 동구 191457 150430 331 120549 29124 22 56 171 177 150099 1699 58 		 
201212192222 대구광역시 동구 194525 152808 338 122551 29480 23 56 176 184 152470 2378 59 		 
201212192223 대구광역시 동구 202086 158671 350 127216 30647 26 58 181 193 158321 5863 60 		 
201212192224 대구광역시 동구 205340 161448 354 129367 31260 26 59 185 197 161094 2777 61 		 
201212192231 대구광역시 동구 209001 164504 361 131574 32087 27 61 193 201 164143 3056 62 		 
201212192233 대구광역시 동구 211819 166564 367 133269 32439 27 61 197 204 166197 2060 63 		 
201212192235 대구광역시 동구 214358 168649 369 134959 32822 29 62 200 208 168280 2085 64 		 
201212192237 대구광역시 동구 222676 174831 376 139973 33969 30 63 205 215 174455 6182 65 		 
201212192241 대구광역시 동구 229063 179963 381 144089 34966 34 63 212 218 179582 5132 66 		 
201212192242 대구광역시 동구 231451 181873 384 145646 35311 36 63 212 221 181489 1910 67 		 
201212192243 대구광역시 동구 235069 184714 388 147945 35835 36 63 220 227 184326 2841 68 		 
201212192244 대구광역시 동구 238163 187156 395 149858 36349 38 63 224 229 186761 2442 69 		 
201212192246 대구광역시 동구 240655 188966 398 151330 36676 39 63 226 234 188568 1810 70 		 
201212192247 대구광역시 동구 244481 192018 407 153834 37208 39 64 231 235 191611 3052 71 		 
201212192248 대구광역시 동구 246424 193519 411 155063 37471 40 64 234 236 193108 1501 72 		 
201212192250 대구광역시 동구 249262 195743 417 156923 37823 40 64 237 239 195326 2224 73 		 
201212192251 대구광역시 동구 252035 197885 418 158728 38156 40 64 239 240 197467 2142 74 		 
201212192252 대구광역시 동구 254930 200251 419 160680 38562 40 64 243 243 199832 2366 75 		 
201212192253 대구광역시 동구 257898 202545 421 162528 38997 40 66 248 245 202124 2294 76 		 
201212192258 대구광역시 동구 262257 206193 428 165130 40024 40 70 255 246 205765 3648 77 		 
201212192302 대구광역시 동구 264843 208215 432 166782 40386 40 71 255 249 207783 2022 78 		 
201212192304 대구광역시 동구 272687 214378 459 171744 41535 40 74 267 259 213919 6163 79 		 
201212192324 대구광역시 동구 280065 221271 668 176185 43659 68 95 294 302 220603 6893 80 		 
