Time AreaA AreaB Total TotalA Invalid VoteA VoteB VoteC VoteD VoteE VoteF TotalB Diff Count
201212191926 대구광역시 북구 1055 725 5 369 347 0 0 3 1 720 725 1 		 
201212191942 대구광역시 북구 4862 3865 12 2931 906 1 1 9 5 3853 3140 2 		 
201212191946 대구광역시 북구 7890 6229 19 4913 1274 1 3 11 8 6210 2364 3 		 
201212191947 대구광역시 북구 10847 8513 25 6888 1571 2 4 11 12 8488 2284 4 		 
201212191955 대구광역시 북구 14194 11058 41 9042 1940 2 6 12 15 11017 2545 5 		 
201212192003 대구광역시 북구 17412 13715 43 11216 2414 2 7 15 18 13672 2657 6 		 
201212192004 대구광역시 북구 18483 14556 47 11948 2514 2 8 16 21 14509 841 7 		 
201212192006 대구광역시 북구 24845 19517 53 15800 3603 3 9 24 25 19464 4961 8 		 
201212192013 대구광역시 북구 28651 22693 60 18347 4222 3 9 26 26 22633 3176 9 		 
201212192015 대구광역시 북구 32149 25430 66 20706 4587 4 10 28 29 25364 2737 10 		 
201212192020 대구광역시 북구 35210 27760 73 22539 5069 4 10 30 35 27687 2330 11 		 
201212192021 대구광역시 북구 38269 30179 78 24507 5509 4 10 31 40 30101 2419 12 		 
201212192022 대구광역시 북구 41860 33199 80 26777 6241 4 13 42 42 33119 3020 13 		 
201212192025 대구광역시 북구 45822 36390 84 29356 6840 5 13 49 43 36306 3191 14 		 
201212192026 대구광역시 북구 48209 38215 95 30908 7096 7 13 50 46 38120 1825 15 		 
201212192037 대구광역시 북구 52267 41265 101 33216 7816 9 15 58 50 41164 3050 16 		 
201212192039 대구광역시 북구 56738 44800 108 36073 8477 9 16 62 55 44692 3535 17 		 
201212192040 대구광역시 북구 60514 47732 113 38546 8914 10 17 65 67 47619 2932 18 		 
201212192042 대구광역시 북구 65141 51432 120 41591 9551 10 20 67 73 51312 3700 19 		 
201212192044 대구광역시 북구 71568 56360 138 45602 10436 12 20 71 81 56222 4928 20 		 
201212192045 대구광역시 북구 73612 57880 140 46947 10608 12 20 71 82 57740 1520 21 		 
201212192047 대구광역시 북구 77138 60769 147 49149 11279 12 21 76 85 60622 2889 22 		 
201212192049 대구광역시 북구 81074 64055 152 51829 11874 12 24 78 86 63903 3286 23 		 
201212192050 대구광역시 북구 85770 67954 160 54997 12583 13 25 83 93 67794 3899 24 		 
201212192053 대구광역시 북구 90079 71298 165 57754 13159 13 25 84 98 71133 3344 25 		 
201212192054 대구광역시 북구 93705 74399 169 60250 13749 14 26 87 104 74230 3101 26 		 
201212192055 대구광역시 북구 104052 82515 188 66909 15166 14 27 100 111 82327 8116 27 		 
201212192057 대구광역시 북구 107661 85310 189 69172 15688 16 28 103 114 85121 2795 28 		 
201212192059 대구광역시 북구 111831 88668 192 71809 16396 17 29 107 118 88476 3358 29 		 
201212192100 대구광역시 북구 116036 91795 204 74302 17008 18 30 110 123 91591 3127 30 		 
201212192102 대구광역시 북구 120021 95136 210 76966 17671 19 32 112 126 94926 3341 31 		 
201212192105 대구광역시 북구 128415 102337 218 82708 19100 19 34 123 135 102119 7201 32 		 
201212192106 대구광역시 북구 131149 104439 219 84452 19455 19 34 124 136 104220 2102 33 		 
201212192107 대구광역시 북구 134014 106713 223 86456 19719 19 34 124 138 106490 2274 34 		 
201212192108 대구광역시 북구 140606 111957 229 90779 20625 19 34 128 143 111728 5244 35 		 
201212192109 대구광역시 북구 144344 115054 235 93173 21313 19 34 132 148 114819 3097 36 		 
201212192110 대구광역시 북구 148129 118181 240 95497 22098 20 35 136 155 117941 3127 37 		 
201212192111 대구광역시 북구 151286 120633 250 97524 22510 20 35 138 156 120383 2452 38 		 
201212192112 대구광역시 북구 155170 123883 255 100135 23135 20 36 142 160 123628 3250 39 		 
201212192113 대구광역시 북구 157686 125750 259 101644 23484 20 36 146 161 125491 1867 40 		 
201212192114 대구광역시 북구 160853 128405 262 103632 24143 20 39 148 161 128143 2655 41 		 
201212192115 대구광역시 북구 165069 131651 269 106073 24928 21 40 152 168 131382 3246 42 		 
201212192118 대구광역시 북구 167953 134000 273 107876 25464 21 41 153 172 133727 2349 43 		 
201212192120 대구광역시 북구 172318 137227 279 110456 26096 24 42 155 175 136948 3227 44 		 
201212192121 대구광역시 북구 175133 139211 280 112041 26486 25 43 158 178 138931 1984 45 		 
201212192124 대구광역시 북구 178616 141943 282 114309 26943 25 43 159 182 141661 2732 46 		 
201212192125 대구광역시 북구 182631 145178 288 116798 27674 25 43 165 185 144890 3235 47 		 
201212192126 대구광역시 북구 186262 147905 296 118996 28187 25 46 168 187 147609 2727 48 		 
201212192127 대구광역시 북구 189372 150492 299 120864 28891 26 48 173 191 150193 2587 49 		 
201212192129 대구광역시 북구 191870 152373 305 122486 29138 27 49 176 192 152068 1881 50 		 
201212192131 대구광역시 북구 196259 155886 311 125194 29928 27 50 182 194 155575 3513 51 		 
201212192133 대구광역시 북구 200940 159910 317 128241 30893 27 51 186 195 159593 4024 52 		 
201212192134 대구광역시 북구 209688 167055 323 133899 32357 28 52 196 200 166732 7145 53 		 
201212192135 대구광역시 북구 214568 170993 327 137018 33163 29 53 201 202 170666 3938 54 		 
201212192136 대구광역시 북구 222409 176892 342 141800 34250 31 56 207 206 176550 5899 55 		 
201212192138 대구광역시 북구 231421 184190 356 147631 35687 31 58 218 209 183834 7298 56 		 
201212192139 대구광역시 북구 237695 189080 368 151487 36696 31 59 227 212 188712 4890 57 		 
201212192140 대구광역시 북구 249326 198658 385 159320 38400 32 59 242 220 198273 9578 58 		 
201212192141 대구광역시 북구 258141 205878 402 165118 39780 34 63 256 225 205476 7220 59 		 
201212192142 대구광역시 북구 261346 208585 407 167243 40349 34 65 259 228 208178 2707 60 		 
201212192147 대구광역시 북구 265634 212176 413 169899 41270 34 66 262 232 211763 3591 61 		 
201212192148 대구광역시 북구 275073 219474 421 175739 42694 36 71 274 239 219053 7298 62 		 
201212192149 대구광역시 북구 281962 224967 431 179933 43971 37 71 278 246 224536 5493 63 		 
201212192150 대구광역시 북구 288711 230331 442 184124 45122 37 71 285 250 229889 5364 64 		 
201212192152 대구광역시 북구 295652 235631 457 188181 46330 38 74 292 259 235174 5300 65 		 
201212192153 대구광역시 북구 301947 240570 468 192186 47239 38 74 300 265 240102 4939 66 		 
201212192157 대구광역시 북구 309986 247028 482 197318 48529 39 75 312 273 246546 6458 67 		 
201212192159 대구광역시 북구 313253 249681 487 199395 49092 40 75 315 277 249194 2653 68 		 
201212192200 대구광역시 북구 320989 255989 498 204466 50304 40 76 326 279 255491 6308 69 		 
201212192201 대구광역시 북구 325721 259809 501 207429 51147 41 77 331 283 259308 3820 70 		 
201212192202 대구광역시 북구 330157 263587 505 210233 52108 41 80 334 286 263082 3778 71 		 
201212192203 대구광역시 북구 334628 267291 509 213114 52914 41 81 341 291 266782 3704 72 		 
201212192204 대구광역시 북구 337673 269939 513 215088 53575 42 82 347 292 269426 2648 73 		 
