Time AreaA AreaB Total TotalA Invalid VoteA VoteB VoteC VoteD VoteE VoteF TotalB Diff Count
201212192001 대구광역시 수성구 2424 1879 5 1533 339 0 0 0 2 1874 1879 1 		 
201212192005 대구광역시 수성구 5118 3855 8 3191 650 0 1 2 3 3847 1976 2 		 
201212192011 대구광역시 수성구 8911 6718 9 5518 1177 1 3 4 6 6709 2863 3 		 
201212192014 대구광역시 수성구 12968 10051 16 8194 1810 2 6 14 9 10035 3333 4 		 
201212192030 대구광역시 수성구 15425 11897 20 9728 2109 2 6 17 15 11877 1846 5 		 
201212192038 대구광역시 수성구 19259 15072 21 12107 2895 2 6 24 17 15051 3175 6 		 
201212192040 대구광역시 수성구 22278 17668 24 14078 3513 2 6 26 19 17644 2596 7 		 
201212192042 대구광역시 수성구 25748 20470 27 16318 4067 2 6 29 21 20443 2802 8 		 
201212192046 대구광역시 수성구 29214 23394 29 18585 4714 2 6 34 24 23365 2924 9 		 
201212192050 대구광역시 수성구 32450 25745 33 20535 5106 2 6 35 28 25712 2351 10 		 
201212192052 대구광역시 수성구 36131 28711 35 22974 5626 2 8 37 29 28676 2966 11 		 
201212192054 대구광역시 수성구 40485 32299 39 25852 6320 2 8 48 30 32260 3588 12 		 
201212192057 대구광역시 수성구 44145 34877 41 27907 6834 3 9 51 32 34836 2578 13 		 
201212192106 대구광역시 수성구 47729 37785 46 30210 7429 3 10 55 32 37739 2908 14 		 
201212192108 대구광역시 수성구 50778 40307 53 32247 7896 3 14 59 35 40254 2522 15 		 
201212192112 대구광역시 수성구 54399 43179 56 34552 8448 3 17 66 37 43123 2872 16 		 
201212192132 대구광역시 수성구 58132 46400 59 36986 9225 3 17 73 37 46341 3221 17 		 
201212192135 대구광역시 수성구 61236 48954 61 38900 9857 4 17 76 39 48893 2554 18 		 
201212192143 대구광역시 수성구 64211 51482 63 41099 10182 4 17 78 39 51419 2528 19 		 
201212192145 대구광역시 수성구 67885 54575 68 43525 10837 5 18 82 40 54507 3093 20 		 
201212192147 대구광역시 수성구 72020 57962 73 46156 11578 6 21 86 42 57889 3387 21 		 
201212192149 대구광역시 수성구 75747 61211 79 48456 12514 7 22 89 44 61132 3249 22 		 
201212192151 대구광역시 수성구 79254 63989 88 50681 13052 7 22 92 47 63901 2778 23 		 
201212192153 대구광역시 수성구 83032 67074 100 53075 13722 7 23 95 52 66974 3085 24 		 
201212192155 대구광역시 수성구 86092 69502 103 55043 14171 7 23 97 58 69399 2428 25 		 
201212192157 대구광역시 수성구 90750 73198 113 57909 14987 7 23 100 59 73085 3696 26 		 
201212192159 대구광역시 수성구 93746 75730 116 59907 15509 8 24 105 61 75614 2532 27 		 
201212192200 대구광역시 수성구 98280 79642 125 62869 16442 8 26 107 65 79517 3912 28 		 
201212192201 대구광역시 수성구 101907 82517 130 65131 17043 8 28 110 67 82387 2875 29 		 
201212192202 대구광역시 수성구 106024 85986 134 67895 17736 10 28 115 68 85852 3469 30 		 
201212192203 대구광역시 수성구 109613 88905 139 70178 18360 10 30 118 70 88766 2919 31 		 
201212192204 대구광역시 수성구 113987 92338 143 72885 19073 10 30 124 73 92195 3433 32 		 
201212192205 대구광역시 수성구 118068 95761 147 75630 19735 10 31 134 74 95614 3423 33 		 
201212192206 대구광역시 수성구 121791 98546 152 77919 20214 10 31 143 77 98394 2785 34 		 
201212192207 대구광역시 수성구 126282 102128 158 80801 20899 10 32 147 81 101970 3582 35 		 
201212192211 대구광역시 수성구 129425 104636 163 82839 21357 10 33 152 82 104473 2508 36 		 
201212192212 대구광역시 수성구 133631 108162 167 85480 22228 10 36 156 85 107995 3526 37 		 
201212192213 대구광역시 수성구 137818 111562 176 88112 22977 11 36 162 88 111386 3400 38 		 
201212192214 대구광역시 수성구 140392 113589 177 89746 23361 12 37 164 92 113412 2027 39 		 
201212192215 대구광역시 수성구 143423 116050 182 91743 23811 15 37 166 96 115868 2461 40 		 
201212192216 대구광역시 수성구 146219 118189 185 93547 24138 16 37 169 97 118004 2139 41 		 
201212192217 대구광역시 수성구 151331 122510 190 96968 25019 17 39 176 101 122320 4321 42 		 
201212192218 대구광역시 수성구 154977 125108 196 99076 25496 17 41 179 103 124912 2598 43 		 
201212192219 대구광역시 수성구 159424 128615 200 101802 26267 17 41 183 105 128415 3507 44 		 
201212192220 대구광역시 수성구 162582 131023 205 103748 26716 21 43 184 106 130818 2408 45 		 
201212192221 대구광역시 수성구 165037 133054 207 105260 27224 21 45 189 108 132847 2031 46 		 
201212192222 대구광역시 수성구 168981 136382 211 107715 28078 21 45 198 114 136171 3328 47 		 
201212192223 대구광역시 수성구 173620 140313 218 110905 28807 21 45 202 115 140095 3931 48 		 
201212192224 대구광역시 수성구 177308 143170 222 113182 29379 21 45 204 117 142948 2857 49 		 
201212192226 대구광역시 수성구 181659 146702 228 115929 30156 21 46 205 117 146474 3532 50 		 
201212192228 대구광역시 수성구 184163 148662 232 117484 30554 21 47 206 118 148430 1960 51 		 
201212192229 대구광역시 수성구 191379 154646 245 122196 31798 22 48 213 124 154401 5984 52 		 
201212192231 대구광역시 수성구 193818 156530 256 123729 32129 24 48 217 127 156274 1884 53 		 
201212192232 대구광역시 수성구 198786 160576 262 126997 32889 24 49 226 129 160314 4046 54 		 
201212192237 대구광역시 수성구 201485 162616 265 128566 33351 24 49 231 130 162351 2040 55 		 
201212192238 대구광역시 수성구 207810 167727 271 132604 34410 25 50 235 132 167456 5111 56 		 
201212192239 대구광역시 수성구 211735 170746 275 135131 34892 25 50 238 135 170471 3019 57 		 
201212192240 대구광역시 수성구 214772 173333 281 137180 35420 25 50 240 137 173052 2587 58 		 
201212192250 대구광역시 수성구 218590 176509 286 139774 35986 27 50 247 139 176223 3176 59 		 
201212192251 대구광역시 수성구 221778 178784 291 141661 36360 27 50 253 142 178493 2275 60 		 
201212192252 대구광역시 수성구 225749 181894 300 144236 36881 27 51 255 144 181594 3110 61 		 
201212192253 대구광역시 수성구 228594 184245 303 146092 37364 27 52 261 146 183942 2351 62 		 
201212192254 대구광역시 수성구 230349 185479 311 146735 37944 28 52 263 146 185168 1234 63 		 
201212192255 대구광역시 수성구 233050 187586 317 148469 38307 28 52 266 147 187269 2107 64 		 
201212192257 대구광역시 수성구 237096 190836 321 150990 39021 28 54 273 149 190515 3250 65 		 
201212192258 대구광역시 수성구 240286 193375 326 152928 39609 28 54 278 152 193049 2539 66 		 
201212192300 대구광역시 수성구 244233 196396 329 155377 40171 28 54 280 157 196067 3021 67 		 
201212192303 대구광역시 수성구 248353 199786 336 158067 40854 29 54 285 161 199450 3390 68 		 
201212192304 대구광역시 수성구 252029 202802 342 160508 41415 29 55 288 165 202460 3016 69 		 
201212192306 대구광역시 수성구 260218 209367 353 165531 42925 30 58 300 170 209014 6565 70 		 
201212192307 대구광역시 수성구 263880 212555 362 167978 43644 30 60 310 171 212193 3188 71 		 
201212192310 대구광역시 수성구 266761 214870 365 169876 44052 31 60 315 171 214505 2315 72 		 
201212192311 대구광역시 수성구 271496 218674 370 172987 44725 31 61 320 180 218304 3804 73 		 
201212192313 대구광역시 수성구 276394 222720 375 176050 45689 31 62 330 183 222345 4046 74 		 
201212192314 대구광역시 수성구 279172 224831 383 177771 46064 31 63 334 185 224448 2111 75 		 
201212192315 대구광역시 수성구 282673 227287 386 179763 46520 32 64 337 185 226901 2456 76 		 
201212192316 대구광역시 수성구 293690 237508 493 186680 49647 38 81 365 204 237015 10221 77 		 
201212192317 대구광역시 수성구 296992 240171 497 188773 50207 38 81 369 206 239674 2663 78 		 
201212192320 대구광역시 수성구 300819 243446 501 191245 50997 39 81 376 207 242945 3275 79 		 
201212192321 대구광역시 수성구 304373 246188 503 193503 51470 39 82 381 210 245685 2742 80 		 
201212192322 대구광역시 수성구 307855 249033 512 195848 51952 39 83 385 214 248521 2845 81 		 
201212192323 대구광역시 수성구 311292 251935 521 198170 52514 39 84 388 219 251414 2902 82 		 
201212192324 대구광역시 수성구 315459 255387 528 200883 53241 39 84 391 221 254859 3452 83 		 
201212192325 대구광역시 수성구 319858 259154 530 203619 54259 39 85 400 222 258624 3767 84 		 
201212192327 대구광역시 수성구 323037 261859 532 205737 54835 40 86 404 225 261327 2705 85 		 
201212192331 대구광역시 수성구 326636 264865 538 208008 55556 41 87 408 227 264327 3006 86 		 
201212192332 대구광역시 수성구 330328 267621 544 210205 56097 42 88 416 229 267077 2756 87 		 
201212192333 대구광역시 수성구 335043 271549 550 213113 57102 42 90 422 230 270999 3928 88 		 
201212192334 대구광역시 수성구 337667 273671 554 214872 57452 43 90 428 232 273117 2122 89 		 
201212192335 대구광역시 수성구 342570 277591 562 218066 58160 45 92 432 234 277029 3920 90 		 
201212192337 대구광역시 수성구 349714 283513 579 222669 59448 46 93 437 241 282934 5922 91 		 
