Time AreaA AreaB Total TotalA Invalid VoteA VoteB VoteC VoteD VoteE VoteF TotalB Diff Count
대구광역시 중구 1931 1403 5 1178 219 0 0 1 0 1398 1403 1 		 
대구광역시 중구 4876 3759 5 3108 642 0 1 3 0 3754 2356 2 		 
대구광역시 중구 6732 5179 7 4292 871 1 2 4 2 5172 1420 3 		 
대구광역시 중구 9076 6918 10 5695 1200 1 3 5 4 6908 1739 4 		 
대구광역시 중구 10953 8336 12 6884 1423 2 3 8 4 8324 1418 5 		 
대구광역시 중구 13118 9931 15 8142 1754 4 3 9 4 9916 1595 6 		 
대구광역시 중구 16418 12516 20 10190 2280 4 3 10 9 12496 2585 7 		 
대구광역시 중구 18652 14181 20 11468 2666 4 3 10 10 14161 1665 8 		 
대구광역시 중구 22529 17114 27 13915 3137 5 3 11 16 17087 2933 9 		 
대구광역시 중구 26471 19989 33 16189 3725 5 3 14 20 19956 2875 10 		 
대구광역시 중구 31039 23775 44 19111 4571 6 3 16 24 23731 3786 11 		 
대구광역시 중구 32921 25129 48 20247 4781 6 4 18 25 25081 1354 12 		 
대구광역시 중구 34450 26336 51 21258 4972 6 4 19 26 26285 1207 13 		 
대구광역시 중구 36622 27924 60 22558 5247 6 4 19 30 27864 1588 14 		 
대구광역시 중구 40137 30536 64 24646 5756 6 5 26 33 30472 2612 15 		 
대구광역시 중구 42791 32410 68 26196 6070 7 5 29 35 32342 1874 16 		 
대구광역시 중구 45729 34669 75 28081 6429 7 6 30 41 34594 2259 17 		 
대구광역시 중구 47337 35902 77 29141 6597 7 6 30 44 35825 1233 18 		 
대구광역시 중구 49687 37688 81 30635 6880 7 6 32 47 37607 1786 19 		 
대구광역시 중구 51105 38984 104 31499 7277 7 8 33 56 38880 1296 20 		 
대구광역시 중구 54168 41228 111 33273 7731 8 9 35 61 41117 2244 21 		 
대구광역시 중구 56431 42780 116 34348 8199 8 11 36 62 42664 1552 22 		 
대구광역시 중구 59447 44942 121 36133 8560 9 12 40 67 44821 2162 23 		 
대구광역시 중구 62492 47504 123 38267 8979 9 13 43 70 47381 2562 24 		 
