Time AreaA AreaB Total TotalA Invalid VoteA VoteB VoteC VoteD VoteE VoteF TotalB Diff Count
201212191943 대구광역시 달성군 3178 2675 7 2098 564 2 1 1 2 2668 2675 1 		 
201212191948 대구광역시 달성군 4254 3539 10 2845 671 3 2 2 6 3529 864 2 		 
201212191953 대구광역시 달성군 7217 5928 21 4880 1010 3 2 2 10 5907 2389 3 		 
201212191955 대구광역시 달성군 11785 9644 31 7862 1722 4 2 8 15 9613 3716 4 		 
201212192000 대구광역시 달성군 15653 12919 36 10405 2445 4 2 9 18 12883 3275 5 		 
201212192008 대구광역시 달성군 18513 15155 45 12332 2740 4 3 10 21 15110 2236 6 		 
201212192011 대구광역시 달성군 19838 16260 47 13271 2899 5 3 14 21 16213 1105 7 		 
201212192015 대구광역시 달성군 23891 19572 51 16027 3442 5 4 17 26 19521 3312 8 		 
201212192019 대구광역시 달성군 26065 21381 55 17427 3843 5 4 20 27 21326 1809 9 		 
201212192020 대구광역시 달성군 28318 23177 60 19013 4042 5 4 20 33 23117 1796 10 		 
201212192028 대구광역시 달성군 31980 25552 62 20906 4515 6 4 24 35 25490 2375 11 		 
201212192030 대구광역시 달성군 35371 28254 69 23228 4877 6 5 26 43 28185 2702 12 		 
201212192032 대구광역시 달성군 39606 31332 78 25814 5345 6 7 31 51 31254 3078 13 		 
201212192033 대구광역시 달성군 42573 33516 85 27580 5749 7 8 34 53 33431 2184 14 		 
201212192038 대구광역시 달성군 44472 35048 89 28953 5892 7 9 35 63 34959 1532 15 		 
201212192041 대구광역시 달성군 47083 37092 95 30583 6288 7 9 41 69 36997 2044 16 		 
201212192047 대구광역시 달성군 50437 39732 101 32804 6692 7 10 46 72 39631 2640 17 		 
201212192054 대구광역시 달성군 53729 42387 104 34802 7334 7 12 51 77 42283 2655 18 		 
201212192056 대구광역시 달성군 55720 43962 109 36057 7647 7 12 52 78 43853 1575 19 		 
201212192058 대구광역시 달성군 59841 47346 116 38804 8266 7 12 61 80 47230 3384 20 		 
201212192102 대구광역시 달성군 62968 49930 124 40835 8808 8 12 62 81 49806 2584 21 		 
201212192111 대구광역시 달성군 67335 53562 134 43704 9549 8 15 68 84 53428 3632 22 		 
201212192114 대구광역시 달성군 70481 56256 136 45706 10233 8 15 72 86 56120 2694 23 		 
201212192116 대구광역시 달성군 73050 58221 143 47336 10553 9 15 73 92 58078 1965 24 		 
201212192119 대구광역시 달성군 76273 61090 148 49482 11264 9 15 78 94 60942 2869 25 		 
201212192123 대구광역시 달성군 79213 63403 156 51287 11759 9 17 80 95 63247 2313 26 		 
201212192124 대구광역시 달성군 82233 65869 159 53227 12276 9 17 84 97 65710 2466 27 		 
201212192137 대구광역시 달성군 85505 68163 166 55071 12708 9 17 88 104 67997 2294 28 		 
201212192139 대구광역시 달성군 88872 70778 172 57096 13281 10 18 89 112 70606 2615 29 		 
201212192146 대구광역시 달성군 89752 71480 175 57722 13343 11 19 89 121 71305 702 30 		 
201212192151 대구광역시 달성군 91758 73024 183 59050 13546 13 19 89 124 72841 1544 31 		 
201212192153 대구광역시 달성군 92635 73716 186 59681 13600 13 20 90 126 73530 692 32 		 
201212192212 대구광역시 달성군 94344 75043 197 60769 13818 14 21 92 132 74846 1327 33 		 
201212192213 대구광역시 달성군 98754 78760 201 63510 14783 15 23 95 133 78559 3717 34 		 
201212192215 대구광역시 달성군 100846 80382 206 64832 15074 16 23 97 134 80176 1622 35 		 
201212192217 대구광역시 달성군 102473 81623 216 65902 15215 18 23 102 147 81407 1241 36 		 
201212192219 대구광역시 달성군 103534 82456 230 66610 15315 19 23 102 157 82226 833 37 		 
201212192220 대구광역시 달성군 105419 83927 238 67851 15523 19 23 106 167 83689 1471 38 		 
201212192227 대구광역시 달성군 110435 87840 249 70933 16326 21 27 112 172 87591 3913 39 		 
201212192229 대구광역시 달성군 113361 90243 249 72864 16793 21 28 114 174 89994 2403 40 		 
201212192231 대구광역시 달성군 117222 93502 255 75385 17515 22 30 117 178 93247 3259 41 		 
201212192233 대구광역시 달성군 118596 94569 266 76320 17626 22 30 120 185 94303 1067 42 		 
201212192235 대구광역시 달성군 122267 97597 271 78831 18125 24 32 124 190 97326 3028 43 		 
201212192238 대구광역시 달성군 126943 101870 384 81876 19168 38 50 144 210 101486 4273 44 		 
201212192242 대구광역시 달성군 130227 104420 388 83952 19627 38 53 150 212 104032 2550 45 		 
201212192243 대구광역시 달성군 130952 105019 390 84470 19703 38 53 150 215 104629 599 46 		 
201212192246 대구광역시 달성군 134291 107763 395 86648 20256 39 54 154 217 107368 2744 47 		 
201212192247 대구광역시 달성군 135497 108687 398 87434 20381 40 54 156 224 108289 924 48 		 
201212192249 대구광역시 달성군 138240 110776 405 89174 20717 40 54 157 229 110371 2089 49 		 
201212192250 대구광역시 달성군 140170 112297 416 90495 20901 40 54 157 234 111881 1521 50 		 
201212192254 대구광역시 달성군 142304 113999 424 91940 21141 40 54 157 243 113575 1702 51 		 
201212192255 대구광역시 달성군 142838 114373 425 92161 21290 41 54 158 244 113948 374 52 		 
