Time AreaA AreaB Total TotalA Invalid VoteA VoteB VoteC VoteD VoteE VoteF TotalB Diff Count
201212191939 대전광역시 대덕구 2011 1450 3 679 765 0 0 1 2 1447 1450 1 		 
201212191942 대전광역시 대덕구 4934 3629 8 1758 1850 2 1 4 6 3621 2179 2 		 
201212191948 대전광역시 대덕구 7766 5763 12 2706 3026 3 4 6 6 5751 2134 3 		 
201212191952 대전광역시 대덕구 10605 7695 13 3675 3981 3 4 11 8 7682 1932 4 		 
201212191955 대전광역시 대덕구 11071 8022 16 3782 4196 4 4 12 8 8006 327 5 		 
201212192001 대전광역시 대덕구 13624 9807 27 4809 4939 4 4 13 11 9780 1785 6 		 
201212192008 대전광역시 대덕구 14618 10497 28 5211 5222 4 5 15 12 10469 690 7 		 
201212192010 대전광역시 대덕구 17950 12884 37 6494 6311 4 7 17 14 12847 2387 8 		 
201212192015 대전광역시 대덕구 18727 13442 38 6841 6517 5 7 18 16 13404 558 9 		 
201212192016 대전광역시 대덕구 21429 15416 49 7949 7358 8 10 21 21 15367 1974 10 		 
201212192018 대전광역시 대덕구 23451 16875 52 8661 8096 9 10 24 23 16823 1459 11 		 
201212192020 대전광역시 대덕구 27162 19815 60 10263 9419 10 11 26 26 19755 2940 12 		 
201212192021 대전광역시 대덕구 29783 21622 62 11169 10310 10 12 30 29 21560 1807 13 		 
201212192023 대전광역시 대덕구 32219 23651 67 12028 11471 10 13 32 30 23584 2029 14 		 
201212192025 대전광역시 대덕구 34937 25503 71 12925 12419 10 13 34 31 25432 1852 15 		 
201212192026 대전광역시 대덕구 38142 27837 78 14161 13502 10 15 38 33 27759 2334 16 		 
201212192028 대전광역시 대덕구 41750 30892 81 15570 15129 10 17 47 38 30811 3055 17 		 
201212192033 대전광역시 대덕구 46589 34221 89 17369 16637 10 19 54 43 34132 3329 18 		 
201212192034 대전광역시 대덕구 48586 35675 94 18084 17365 10 20 55 47 35581 1454 19 		 
201212192040 대전광역시 대덕구 58759 43257 110 22008 20984 12 23 66 54 43147 7582 20 		 
201212192045 대전광역시 대덕구 64477 47373 122 24218 22865 13 27 66 62 47251 4116 21 		 
201212192046 대전광역시 대덕구 67416 49590 127 25358 23927 16 28 69 65 49463 2217 22 		 
201212192047 대전광역시 대덕구 69934 51335 217 26273 24633 22 36 76 78 51118 1745 23 		 
201212192053 대전광역시 대덕구 75242 55173 226 28313 26413 23 39 80 79 54947 3838 24 		 
201212192054 대전광역시 대덕구 81654 60151 239 30640 29035 24 40 86 87 59912 4978 25 		 
201212192055 대전광역시 대덕구 83510 61457 243 31367 29605 24 40 90 88 61214 1306 26 		 
201212192100 대전광역시 대덕구 86243 63546 247 32478 30574 25 40 91 91 63299 2089 27 		 
201212192101 대전광역시 대덕구 92867 68709 261 35089 33091 26 43 102 97 68448 5163 28 		 
201212192110 대전광역시 대덕구 96788 71806 265 36460 34807 26 44 105 99 71541 3097 29 		 
201212192111 대전광역시 대덕구 111114 83252 286 42217 40451 27 49 117 105 82966 11446 30 		 
201212192112 대전광역시 대덕구 117836 88531 301 44999 42920 27 53 120 111 88230 5279 31 		 
201212192113 대전광역시 대덕구 120662 90736 309 46003 44103 29 57 121 114 90427 2205 32 		 
201212192128 대전광역시 대덕구 124140 93231 322 47300 45273 29 61 125 121 92909 2495 33 		 
201212192129 대전광역시 대덕구 136135 102509 340 51824 49988 29 65 130 133 102169 9278 34 		 
201212192134 대전광역시 대덕구 137706 103766 342 52334 50728 29 65 134 134 103424 1257 35 		 
201212192135 대전광역시 대덕구 145886 109638 360 55622 53277 32 66 140 141 109278 5872 36 		 
201212192136 대전광역시 대덕구 149217 112125 368 56983 54387 34 67 143 143 111757 2487 37 		 
201212192201 대전광역시 대덕구 151824 113946 372 57821 55356 34 72 145 146 113574 1821 38 		 
201212192207 대전광역시 대덕구 156279 117680 378 59807 57090 34 72 150 149 117302 3734 39 		 
201212192215 대전광역시 대덕구 160418 121479 442 61558 59023 44 78 165 169 121037 3799 40 		 
