Time AreaA AreaB Total TotalA Invalid VoteA VoteB VoteC VoteD VoteE VoteF TotalB Diff Count
201212191939 대전광역시 서구 2556 1917 7 1017 884 1 1 4 3 1910 1917 1 		 
201212191942 대전광역시 서구 5997 4314 12 2139 2140 3 5 9 6 4302 2397 2 		 
201212191944 대전광역시 서구 7598 5476 24 2526 2895 3 7 11 10 5452 1162 3 		 
201212191946 대전광역시 서구 10687 7645 29 3710 3869 3 7 16 11 7616 2169 4 		 
201212191947 대전광역시 서구 13395 9814 32 4847 4892 3 8 18 14 9782 2169 5 		 
201212191949 대전광역시 서구 16217 12208 34 6255 5871 3 8 22 15 12174 2394 6 		 
201212191955 대전광역시 서구 21060 15890 40 8106 7686 4 9 26 19 15850 3682 7 		 
201212191957 대전광역시 서구 24636 18888 45 9723 9059 4 12 26 19 18843 2998 8 		 
201212191958 대전광역시 서구 27626 20958 48 10951 9890 6 12 28 23 20910 2070 9 		 
201212192013 대전광역시 서구 31923 24003 58 12441 11425 7 15 30 27 23945 3045 10 		 
201212192014 대전광역시 서구 35046 25969 61 13345 12481 7 16 30 29 25908 1966 11 		 
201212192016 대전광역시 서구 38503 28245 65 14275 13814 8 17 34 32 28180 2276 12 		 
201212192019 대전광역시 서구 42950 31506 74 15893 15436 10 21 37 35 31432 3261 13 		 
201212192020 대전광역시 서구 46720 34204 80 17316 16702 10 23 38 35 34124 2698 14 		 
201212192021 대전광역시 서구 51509 37658 88 19042 18411 10 24 44 39 37570 3454 15 		 
201212192024 대전광역시 서구 55143 40502 90 20523 19768 10 24 46 41 40412 2844 16 		 
201212192026 대전광역시 서구 59855 43562 101 21968 21367 12 25 47 42 43461 3060 17 		 
201212192028 대전광역시 서구 60730 44192 106 22380 21574 13 25 48 46 44086 630 18 		 
201212192031 대전광역시 서구 63929 46772 109 23963 22562 15 25 50 48 46663 2580 19 		 
201212192033 대전광역시 서구 66841 48851 109 25050 23550 15 25 54 48 48742 2079 20 		 
201212192034 대전광역시 서구 70762 51387 113 26213 24905 17 28 57 54 51274 2536 21 		 
201212192035 대전광역시 서구 75668 55509 120 28261 26963 17 28 63 57 55389 4122 22 		 
201212192036 대전광역시 서구 79631 58387 126 29843 28249 18 29 63 59 58261 2878 23 		 
201212192039 대전광역시 서구 81704 59868 130 30657 28909 18 29 65 60 59738 1481 24 		 
201212192040 대전광역시 서구 85700 63255 135 32525 30417 20 30 68 60 63120 3387 25 		 
201212192043 대전광역시 서구 89081 65461 138 33581 31556 20 31 73 62 65323 2206 26 		 
201212192044 대전광역시 서구 92530 68371 141 34921 33113 20 33 80 63 68230 2910 27 		 
201212192046 대전광역시 서구 95538 70655 144 36036 34272 20 35 82 66 70511 2284 28 		 
201212192047 대전광역시 서구 98778 73015 153 37254 35390 21 37 87 73 72862 2360 29 		 
201212192049 대전광역시 서구 101236 74789 157 38258 36153 21 37 90 73 74632 1774 30 		 
201212192055 대전광역시 서구 105955 78520 168 39891 38231 23 39 93 75 78352 3731 31 		 
201212192056 대전광역시 서구 110477 82297 176 41629 40253 23 40 98 78 82121 3777 32 		 
201212192058 대전광역시 서구 112883 83991 179 42507 41059 26 40 100 80 83812 1694 33 		 
201212192059 대전광역시 서구 116477 86479 188 43776 42261 26 40 105 83 86291 2488 34 		 
201212192101 대전광역시 서구 119509 89005 192 44968 43581 26 42 112 84 88813 2526 35 		 
201212192102 대전광역시 서구 123203 92017 194 46640 44912 26 43 116 86 91823 3012 36 		 
201212192103 대전광역시 서구 128180 95241 197 48155 46608 26 45 119 91 95044 3224 37 		 
201212192104 대전광역시 서구 131658 98173 202 49721 47961 26 47 122 94 97971 2932 38 		 
201212192105 대전광역시 서구 134344 100436 207 50780 49153 26 47 127 96 100229 2263 39 		 
201212192106 대전광역시 서구 138153 103015 213 51991 50507 27 48 132 97 102802 2579 40 		 
201212192108 대전광역시 서구 141929 106277 218 53374 52357 27 54 147 100 106059 3262 41 		 
201212192109 대전광역시 서구 146230 109075 220 54700 53820 27 55 151 102 108855 2798 42 		 
201212192111 대전광역시 서구 149197 111495 222 55813 55121 27 56 154 102 111273 2420 43 		 
201212192112 대전광역시 서구 152827 114609 228 57349 56682 29 57 159 105 114381 3114 44 		 
201212192114 대전광역시 서구 157676 118148 228 58938 58626 29 57 163 107 117920 3539 45 		 
201212192116 대전광역시 서구 161830 121607 236 60882 60127 29 57 168 108 121371 3459 46 		 
201212192117 대전광역시 서구 166034 124781 246 62278 61887 30 58 170 112 124535 3174 47 		 
201212192118 대전광역시 서구 169294 127026 247 63484 62918 30 59 174 114 126779 2245 48 		 
201212192120 대전광역시 서구 173007 129722 253 64697 64385 31 59 179 118 129469 2696 49 		 
201212192122 대전광역시 서구 175470 131809 258 65492 65667 31 59 183 119 131551 2087 50 		 
201212192124 대전광역시 서구 180148 135527 264 67393 67468 32 60 190 120 135263 3718 51 		 
201212192125 대전광역시 서구 183891 138775 268 68623 69474 35 61 193 121 138507 3248 52 		 
201212192126 대전광역시 서구 187573 141400 277 70064 70638 36 63 199 123 141123 2625 53 		 
201212192128 대전광역시 서구 188910 142352 287 70651 70971 39 66 203 135 142065 952 54 		 
201212192129 대전광역시 서구 193370 146103 294 72257 73094 40 68 211 139 145809 3751 55 		 
201212192131 대전광역시 서구 203503 152443 305 75152 76501 43 70 218 154 152138 6340 56 		 
201212192134 대전광역시 서구 208022 155022 310 76247 77971 44 74 220 156 154712 2579 57 		 
201212192135 대전광역시 서구 211973 157737 313 77405 79520 44 76 221 158 157424 2715 58 		 
201212192137 대전광역시 서구 215205 160461 315 79034 80611 44 76 222 159 160146 2724 59 		 
201212192138 대전광역시 서구 218497 163021 321 80310 81882 44 77 227 160 162700 2560 60 		 
201212192144 대전광역시 서구 222364 165669 324 81739 83094 44 77 228 163 165345 2648 61 		 
201212192145 대전광역시 서구 226336 168538 329 83293 84400 44 78 229 165 168209 2869 62 		 
201212192148 대전광역시 서구 231280 172419 336 85028 86529 44 81 233 168 172083 3881 63 		 
201212192150 대전광역시 서구 236018 176407 343 86901 88625 44 83 241 170 176064 3988 64 		 
201212192152 대전광역시 서구 238978 178748 347 88087 89767 44 85 246 172 178401 2341 65 		 
201212192153 대전광역시 서구 241626 180953 352 88970 91078 44 86 250 173 180601 2205 66 		 
201212192155 대전광역시 서구 244785 183617 357 90376 92322 44 91 254 173 183260 2664 67 		 
201212192156 대전광역시 서구 249673 187370 360 91904 94528 44 93 267 174 187010 3753 68 		 
201212192158 대전광역시 서구 252447 189723 362 93223 95553 45 93 271 176 189361 2353 69 		 
201212192159 대전광역시 서구 255430 191946 368 94321 96661 45 93 274 184 191578 2223 70 		 
201212192200 대전광역시 서구 258541 194425 375 95456 97993 45 94 276 186 194050 2479 71 		 
201212192201 대전광역시 서구 261935 196900 383 96813 99093 46 95 279 191 196517 2475 72 		 
201212192203 대전광역시 서구 265820 199819 386 98264 100549 47 96 282 195 199433 2919 73 		 
201212192204 대전광역시 서구 269252 202446 387 99656 101772 48 98 284 201 202059 2627 74 		 
201212192206 대전광역시 서구 273801 206027 396 101182 103815 49 100 284 201 205631 3581 75 		 
201212192208 대전광역시 서구 276332 208092 399 102189 104863 49 101 288 203 207693 2065 76 		 
201212192209 대전광역시 서구 279237 210105 404 103292 105762 49 102 291 205 209701 2013 77 		 
201212192210 대전광역시 서구 282555 212837 409 104485 107290 50 103 292 208 212428 2732 78 		 
201212192212 대전광역시 서구 285381 214975 415 105654 108247 52 103 295 209 214560 2138 79 		 
201212192213 대전광역시 서구 289137 218119 417 107220 109811 53 104 302 212 217702 3144 80 		 
201212192216 대전광역시 서구 293226 221549 423 108969 111478 54 104 307 214 221126 3430 81 		 
201212192217 대전광역시 서구 297565 225214 430 111059 113035 54 105 314 217 224784 3665 82 		 
201212192219 대전광역시 서구 300689 227448 440 112197 114110 55 107 318 221 227008 2234 83 		 
201212192221 대전광역시 서구 304409 230344 452 113460 115722 56 108 321 225 229892 2896 84 		 
201212192223 대전광역시 서구 307449 232829 454 114735 116928 57 108 322 225 232375 2485 85 		 
201212192224 대전광역시 서구 311332 236135 463 116592 118358 58 108 331 225 235672 3306 86 		 
201212192226 대전광역시 서구 317628 241089 516 119077 120750 65 110 337 234 240573 4954 87 		 
201212192227 대전광역시 서구 320594 243506 520 120350 121888 66 110 338 234 242986 2417 88 		 
201212192229 대전광역시 서구 325268 247299 527 121984 124029 66 112 345 236 246772 3793 89 		 
201212192230 대전광역시 서구 329053 250237 532 123571 125370 66 112 348 238 249705 2938 90 		 
201212192232 대전광역시 서구 333208 253483 538 124843 127332 66 113 351 240 252945 3246 91 		 
201212192233 대전광역시 서구 336989 256691 541 126231 129133 66 116 360 244 256150 3208 92 		 
201212192235 대전광역시 서구 342216 260285 552 127791 131146 66 121 364 245 259733 3594 93 		 
201212192236 대전광역시 서구 346138 263249 559 129320 132567 66 124 367 246 262690 2964 94 		 
201212192237 대전광역시 서구 348713 265416 564 130386 133651 67 124 375 249 264852 2167 95 		 
201212192238 대전광역시 서구 353164 268821 571 132180 135253 67 124 376 250 268250 3405 96 		 
201212192240 대전광역시 서구 356471 271589 576 133680 136507 69 125 382 250 271013 2768 97 		 
201212192246 대전광역시 서구 359481 273795 580 134800 137582 69 126 385 253 273215 2206 98 		 
201212192248 대전광역시 서구 364502 277538 588 136427 139684 69 127 387 256 276950 3743 99 		 
201212192249 대전광역시 서구 368980 281387 592 138241 141706 70 128 393 257 280795 3849 100 		 
201212192250 대전광역시 서구 371445 283285 596 139262 142576 70 128 394 259 282689 1898 101 		 
201212192318 대전광역시 서구 382855 293767 743 144068 148011 87 148 414 296 293024 10482 102 		 
