Time AreaA AreaB Total TotalA Invalid VoteA VoteB VoteC VoteD VoteE VoteF TotalB Diff Count
201212191939 대전광역시 중구 1865 1367 5 771 584 1 0 1 5 1362 1367 1 		 
201212191956 대전광역시 중구 4794 3425 5 1811 1595 2 1 3 8 3420 2058 2 		 
201212192002 대전광역시 중구 7740 5355 10 2855 2469 3 2 4 12 5345 1930 3 		 
201212192005 대전광역시 중구 8617 5992 15 3107 2848 3 2 4 13 5977 637 4 		 
201212192009 대전광역시 중구 11188 7739 17 4066 3632 4 2 5 13 7722 1747 5 		 
201212192011 대전광역시 중구 14122 10083 20 5339 4692 6 3 8 15 10063 2344 6 		 
201212192012 대전광역시 중구 16295 11675 25 6239 5374 7 4 9 17 11650 1592 7 		 
201212192030 대전광역시 중구 19314 13907 28 7535 6301 7 6 12 18 13879 2232 8 		 
201212192032 대전광역시 중구 22083 15973 33 8691 7200 8 6 15 20 15940 2066 9 		 
201212192034 대전광역시 중구 26042 18416 38 10012 8311 8 7 18 22 18378 2443 10 		 
201212192035 대전광역시 중구 28310 20074 41 10989 8985 8 8 19 24 20033 1658 11 		 
201212192037 대전광역시 중구 31211 22167 49 12157 9892 9 8 24 28 22118 2093 12 		 
201212192044 대전광역시 중구 34669 24577 53 13647 10799 10 8 28 32 24524 2410 13 		 
201212192047 대전광역시 중구 36661 26027 56 14488 11395 12 9 30 37 25971 1450 14 		 
201212192051 대전광역시 중구 37554 26685 59 14860 11674 13 9 31 39 26626 658 15 		 
201212192053 대전광역시 중구 39871 28372 64 15849 12363 13 9 32 42 28308 1687 16 		 
201212192054 대전광역시 중구 42409 30241 68 16937 13130 15 12 35 44 30173 1869 17 		 
201212192057 대전광역시 중구 45763 32616 74 18147 14285 16 13 35 46 32542 2375 18 		 
201212192102 대전광역시 중구 49021 35290 76 19540 15554 17 16 39 48 35214 2674 19 		 
201212192104 대전광역시 중구 51959 37669 84 20871 16589 17 17 40 51 37585 2379 20 		 
201212192108 대전광역시 중구 55199 40011 89 22209 17581 17 18 42 55 39922 2342 21 		 
201212192114 대전광역시 중구 58542 42500 98 23589 18676 17 18 45 57 42402 2489 22 		 
201212192119 대전광역시 중구 62891 46055 107 25470 20330 18 18 51 61 45948 3555 23 		 
201212192121 대전광역시 중구 66133 48802 109 27034 21506 18 18 55 62 48693 2747 24 		 
201212192131 대전광역시 중구 69421 51394 112 28144 22977 18 18 60 65 51282 2592 25 		 
201212192149 대전광역시 중구 71530 52849 114 28932 23633 18 21 64 67 52735 1455 26 		 
201212192158 대전광역시 중구 75189 55832 118 30438 25097 18 22 70 69 55714 2983 27 		 
201212192201 대전광역시 중구 77351 57373 123 31315 25750 18 22 73 72 57250 1541 28 		 
201212192204 대전광역시 중구 80318 59510 127 32510 26685 18 22 76 72 59383 2137 29 		 
201212192205 대전광역시 중구 84915 63090 135 34069 28690 19 25 79 73 62955 3580 30 		 
201212192210 대전광역시 중구 88423 65785 141 35446 29993 19 26 84 76 65644 2695 31 		 
201212192211 대전광역시 중구 91550 68061 145 36696 31002 19 30 88 81 67916 2276 32 		 
201212192213 대전광역시 중구 95426 71036 151 38314 32346 19 31 92 83 70885 2975 33 		 
201212192220 대전광역시 중구 100094 74915 158 40315 34209 20 32 96 85 74757 3879 34 		 
201212192222 대전광역시 중구 102184 76638 162 41200 35039 21 32 99 85 76476 1723 35 		 
201212192224 대전광역시 중구 105452 78968 168 42407 36144 21 34 104 90 78800 2330 36 		 
201212192228 대전광역시 중구 109230 82123 176 44249 37445 21 34 107 91 81947 3155 37 		 
201212192234 대전광역시 중구 110811 83301 187 44909 37947 21 35 108 94 83114 1178 38 		 
201212192235 대전광역시 중구 114688 85887 188 46286 39149 22 36 112 94 85699 2586 39 		 
201212192238 대전광역시 중구 117649 88303 195 47432 40406 22 38 115 95 88108 2416 40 		 
201212192239 대전광역시 중구 120659 90394 203 48624 41290 24 39 117 97 90191 2091 41 		 
201212192243 대전광역시 중구 123810 92674 208 49773 42411 24 39 122 97 92466 2280 42 		 
201212192244 대전광역시 중구 128664 96091 213 51527 44061 24 39 126 101 95878 3417 43 		 
201212192245 대전광역시 중구 131099 97884 220 52474 44889 24 41 131 105 97664 1793 44 		 
201212192250 대전광역시 중구 135407 101458 225 54543 46381 24 42 137 106 101233 3574 45 		 
201212192251 대전광역시 중구 138657 104110 228 55789 47773 24 42 144 110 103882 2652 46 		 
201212192252 대전광역시 중구 141545 106236 232 56921 48757 24 43 146 113 106004 2126 47 		 
201212192256 대전광역시 중구 145114 109019 240 58397 50047 24 43 152 116 108779 2783 48 		 
201212192258 대전광역시 중구 150074 113081 250 60312 52171 24 48 158 118 112831 4062 49 		 
201212192302 대전광역시 중구 157102 118580 260 63407 54541 27 49 170 126 118320 5499 50 		 
201212192304 대전광역시 중구 160406 121109 263 64780 55690 30 49 170 127 120846 2529 51 		 
201212192307 대전광역시 중구 163475 123283 266 66002 56635 30 51 171 128 123017 2174 52 		 
201212192309 대전광역시 중구 167797 126912 273 67971 58280 31 52 176 129 126639 3629 53 		 
201212192311 대전광역시 중구 170990 129429 277 69261 59494 32 53 178 134 129152 2517 54 		 
201212192330 대전광역시 중구 176335 134345 392 71561 61947 39 63 192 151 133953 4916 55 		 
201212192335 대전광역시 중구 179327 136447 399 72781 62815 40 63 193 156 136048 2102 56 		 
201212192336 대전광역시 중구 183260 139117 405 74219 64033 41 65 196 158 138712 2670 57 		 
201212192337 대전광역시 중구 186184 141098 412 75322 64896 41 65 202 160 140686 1981 58 		 
201212192341 대전광역시 중구 194553 147708 437 78852 67935 41 68 211 164 147271 6610 59 		 
201212192343 대전광역시 중구 201308 152522 449 81483 70091 42 70 218 169 152073 4814 60 		 
201212192344 대전광역시 중구 204319 154963 454 82868 71134 42 70 224 171 154509 2441 61 		 
201212192345 대전광역시 중구 210394 159448 463 85297 73173 42 71 230 172 158985 4485 62 		 
