Time AreaA AreaB Total TotalA Invalid VoteA VoteB VoteC VoteD VoteE VoteF TotalB Diff Count
201212191906 대전광역시 동구 606 432 3 156 270 1 0 1 1 429 432 1 		 
201212191913 대전광역시 동구 2292 1595 7 890 688 1 0 4 5 1588 1163 2 		 
201212191919 대전광역시 동구 5233 3589 15 1960 1594 3 1 5 11 3574 1994 3 		 
201212191934 대전광역시 동구 10770 7647 28 4244 3347 4 3 8 13 7619 4058 4 		 
201212191936 대전광역시 동구 15004 10912 35 5780 5053 5 5 17 17 10877 3265 5 		 
201212191938 대전광역시 동구 18361 13393 42 7212 6085 6 6 22 20 13351 2481 6 		 
201212191941 대전광역시 동구 20422 14897 52 8059 6727 6 6 24 23 14845 1504 7 		 
201212191943 대전광역시 동구 27735 20186 61 10819 9230 7 10 32 27 20125 5289 8 		 
201212191953 대전광역시 동구 34454 25354 69 13429 11776 8 10 34 28 25285 5168 9 		 
201212191954 대전광역시 동구 37335 27389 73 14500 12731 9 10 35 31 27316 2035 10 		 
201212192004 대전광역시 동구 44888 32781 92 17308 15284 11 13 39 34 32689 5392 11 		 
201212192007 대전광역시 동구 47807 34963 95 18441 16326 11 13 41 36 34868 2182 12 		 
201212192009 대전광역시 동구 50564 36974 97 19475 17297 11 13 43 38 36877 2011 13 		 
201212192016 대전광역시 동구 52945 38728 103 20469 18045 13 13 45 40 38625 1754 14 		 
201212192017 대전광역시 동구 55750 40729 109 21445 19059 13 16 46 41 40620 2001 15 		 
201212192019 대전광역시 동구 59939 43788 117 23211 20331 15 16 48 50 43671 3059 16 		 
201212192023 대전광역시 동구 65992 48011 128 25473 22273 15 18 52 52 47883 4223 17 		 
201212192025 대전광역시 동구 69578 50638 135 26804 23550 17 19 58 55 50503 2627 18 		 
201212192028 대전광역시 동구 73817 53798 143 28417 25079 19 19 63 58 53655 3160 19 		 
201212192034 대전광역시 동구 76276 55443 147 29465 25668 19 20 64 60 55296 1645 20 		 
201212192036 대전광역시 동구 78617 57156 152 30423 26409 19 20 67 66 57004 1713 21 		 
201212192043 대전광역시 동구 82251 59912 155 31859 27719 19 21 73 66 59757 2756 22 		 
201212192045 대전광역시 동구 87112 63640 165 33671 29609 20 23 81 71 63475 3728 23 		 
201212192048 대전광역시 동구 91173 66657 172 35160 31128 20 23 83 71 66485 3017 24 		 
201212192051 대전광역시 동구 93353 68278 176 36083 31819 20 23 85 72 68102 1621 25 		 
201212192100 대전광역시 동구 95874 70125 180 37085 32651 20 24 87 78 69945 1847 26 		 
201212192107 대전광역시 동구 99733 72872 185 38549 33920 21 25 91 81 72687 2747 27 		 
201212192108 대전광역시 동구 102408 74984 186 39672 34901 22 25 95 83 74798 2112 28 		 
201212192109 대전광역시 동구 106340 77766 190 41013 36326 24 26 100 87 77576 2782 29 		 
201212192110 대전광역시 동구 113151 82837 208 43698 38677 28 29 106 91 82629 5071 30 		 
201212192112 대전광역시 동구 114464 83765 210 44283 39013 29 29 107 94 83555 928 31 		 
201212192115 대전광역시 동구 116807 85449 218 45308 39644 29 31 113 106 85231 1684 32 		 
201212192117 대전광역시 동구 120586 88459 220 46848 41097 29 31 118 116 88239 3010 33 		 
201212192119 대전광역시 동구 123615 90968 223 48018 42424 29 33 121 120 90745 2509 34 		 
201212192120 대전광역시 동구 126017 92675 227 48991 43150 30 33 121 123 92448 1707 35 		 
201212192121 대전광역시 동구 128581 94684 231 50053 44087 30 33 125 125 94453 2009 36 		 
201212192122 대전광역시 동구 135292 99581 248 52609 46389 33 34 133 135 99333 4897 37 		 
201212192123 대전광역시 동구 137867 101528 251 53586 47353 33 36 134 135 101277 1947 38 		 
201212192125 대전광역시 동구 142327 104919 263 55138 49171 34 40 135 138 104656 3391 39 		 
201212192126 대전광역시 동구 146285 107608 265 56511 50480 34 42 138 138 107343 2689 40 		 
201212192128 대전광역시 동구 151035 111942 344 58466 52742 38 53 151 148 111598 4334 41 		 
201212192131 대전광역시 동구 154277 114163 351 59616 53800 38 53 153 152 113812 2221 42 		 
201212192132 대전광역시 동구 157483 116218 354 60847 54608 38 55 158 158 115864 2055 43 		 
201212192134 대전광역시 동구 162458 120171 359 62525 56866 38 56 166 161 119812 3953 44 		 
201212192135 대전광역시 동구 167225 123321 364 64143 58386 38 57 168 165 122957 3150 45 		 
201212192136 대전광역시 동구 169888 125328 367 65193 59335 38 57 171 167 124961 2007 46 		 
201212192140 대전광역시 동구 174122 128608 376 66808 60986 38 58 174 168 128232 3280 47 		 
201212192141 대전광역시 동구 178766 132137 380 68649 62658 39 61 176 174 131757 3529 48 		 
201212192143 대전광역시 동구 183768 135872 389 70598 64426 40 63 181 175 135483 3735 49 		 
201212192147 대전광역시 동구 187510 138611 397 72097 65653 40 65 184 175 138214 2739 50 		 
201212192149 대전광역시 동구 190984 141278 402 73597 66806 41 67 187 178 140876 2667 51 		 
201212192155 대전광역시 동구 194841 144292 408 74965 68435 42 69 193 180 143884 3014 52 		 
201212192202 대전광역시 동구 199081 147436 416 76467 70061 42 69 197 184 147020 3144 53 		 
201212192213 대전광역시 동구 202718 150344 417 77725 71702 43 72 200 185 149927 2908 54 		 
