Time AreaA AreaB Total TotalA Invalid VoteA VoteB VoteC VoteD VoteE VoteF TotalB Diff Count
201212191932 대전광역시 유성구 2891 2448 7 1056 1371 1 1 9 3 2441 2448 1 		 
201212191933 대전광역시 유성구 12842 9969 20 4557 5345 7 2 29 9 9949 7521 2 		 
201212191945 대전광역시 유성구 22305 17584 30 7712 9776 10 6 40 10 17554 7615 3 		 
201212191954 대전광역시 유성구 25691 20385 34 8759 11520 10 6 45 11 20351 2801 4 		 
201212191955 대전광역시 유성구 35188 27697 50 11985 15570 10 8 53 21 27647 7312 5 		 
201212191956 대전광역시 유성구 38202 30178 51 13109 16918 10 10 58 22 30127 2481 6 		 
201212192012 대전광역시 유성구 43154 33694 59 14954 18574 11 11 61 24 33635 3516 7 		 
201212192013 대전광역시 유성구 55163 43541 80 19254 24068 14 19 76 30 43461 9847 8 		 
201212192014 대전광역시 유성구 59628 47121 93 20921 25961 15 20 80 31 47028 3580 9 		 
201212192016 대전광역시 유성구 63979 50555 97 22373 27930 15 20 86 34 50458 3434 10 		 
201212192025 대전광역시 유성구 67456 53536 99 23460 29813 15 22 92 35 53437 2981 11 		 
201212192026 대전광역시 유성구 77342 61290 115 26761 34217 17 31 107 42 61175 7754 12 		 
201212192033 대전광역시 유성구 84597 67485 125 29650 37501 18 31 113 47 67360 6195 13 		 
201212192047 대전광역시 유성구 88727 70703 135 31316 39033 18 34 119 48 70568 3218 14 		 
201212192048 대전광역시 유성구 90961 72536 139 32226 39951 18 35 119 48 72397 1833 15 		 
201212192058 대전광역시 유성구 97296 77419 151 34477 42550 18 36 131 56 77268 4883 16 		 
201212192116 대전광역시 유성구 107960 85598 161 38122 47061 18 38 140 58 85437 8179 17 		 
201212192117 대전광역시 유성구 116823 92219 171 41190 50590 18 41 146 63 92048 6621 18 		 
201212192119 대전광역시 유성구 117345 92612 171 41428 50745 18 41 146 63 92441 393 19 		 
201212192128 대전광역시 유성구 120983 95628 177 42958 52221 18 41 150 63 95451 3016 20 		 
201212192129 대전광역시 유성구 129838 101738 190 46190 55071 20 41 158 68 101548 6110 21 		 
201212192131 대전광역시 유성구 133653 104986 197 47703 56793 20 42 161 70 104789 3248 22 		 
201212192146 대전광역시 유성구 138009 108709 201 49360 58841 24 42 167 74 108508 3723 23 		 
201212192147 대전광역시 유성구 146072 115338 208 51963 62835 25 52 175 80 115130 6629 24 		 
201212192151 대전광역시 유성구 149418 117907 208 53115 64243 27 52 182 80 117699 2569 25 		 
201212192158 대전광역시 유성구 159825 125960 235 57251 68105 29 58 197 85 125725 8053 26 		 
201212192159 대전광역시 유성구 163595 129099 240 58647 69837 29 58 202 86 128859 3139 27 		 
201212192218 대전광역시 유성구 174547 137731 262 62491 74582 31 61 211 93 137469 8632 28 		 
201212192220 대전광역시 유성구 177611 139591 270 63547 75364 34 63 214 99 139321 1860 29 		 
201212192226 대전광역시 유성구 185006 146359 376 66586 78927 46 75 232 117 145983 6768 30 		 
201212192239 대전광역시 유성구 197857 156686 384 70858 84954 46 80 244 120 156302 10327 31 		 
201212192240 대전광역시 유성구 201338 159596 390 72019 86683 47 83 251 123 159206 2910 32 		 
201212192241 대전광역시 유성구 206561 163532 396 74133 88485 49 83 259 127 163136 3936 33 		 
201212192242 대전광역시 유성구 207296 164042 397 74429 88693 50 83 260 130 163645 510 34 		 
201212192243 대전광역시 유성구 210673 166636 399 75601 90105 51 85 262 133 166237 2594 35 		 
201212192248 대전광역시 유성구 218824 173386 414 78574 93842 53 90 275 138 172972 6750 36 		 
201212192301 대전광역시 유성구 221822 175953 418 79593 95380 53 90 277 142 175535 2567 37 		 
201212192302 대전광역시 유성구 225936 179329 424 81928 96401 55 92 282 147 178905 3376 38 		 
