Time AreaA AreaB Total TotalA Invalid VoteA VoteB VoteC VoteD VoteE VoteF TotalB Diff Count
201212191942 부산광역시 영도구 3114 1966 7 1218 737 0 0 2 2 1959 1966 1 		 
201212191943 부산광역시 영도구 6128 4098 12 2500 1576 1 1 2 6 4086 2132 2 		 
201212191948 부산광역시 영도구 9269 6338 22 3868 2435 1 2 3 7 6316 2240 3 		 
201212191954 부산광역시 영도구 11880 8194 30 4990 3156 3 2 4 9 8164 1856 4 		 
201212191956 부산광역시 영도구 15083 10549 37 6461 4024 4 2 8 13 10512 2355 5 		 
201212191959 부산광역시 영도구 17972 12556 46 7631 4845 4 2 10 18 12510 2007 6 		 
201212192001 부산광역시 영도구 21579 15223 52 9244 5884 4 4 14 21 15171 2667 7 		 
201212192002 부산광역시 영도구 25022 17757 55 10668 6985 5 5 15 24 17702 2534 8 		 
201212192003 부산광역시 영도구 27959 19739 58 11915 7710 5 5 18 28 19681 1982 9 		 
201212192007 부산광역시 영도구 30612 21606 63 13042 8441 5 5 22 28 21543 1867 10 		 
201212192008 부산광역시 영도구 33542 23714 70 14338 9240 5 7 24 30 23644 2108 11 		 
201212192010 부산광역시 영도구 37832 26641 82 16044 10440 6 12 26 31 26559 2927 12 		 
201212192013 부산광역시 영도구 41254 29026 92 17567 11289 6 12 28 32 28934 2385 13 		 
201212192022 부산광역시 영도구 44016 30973 97 18804 11992 6 12 28 34 30876 1947 14 		 
201212192024 부산광역시 영도구 47539 33563 107 20394 12973 6 13 33 37 33456 2590 15 		 
201212192027 부산광역시 영도구 49733 35241 111 21342 13697 6 13 34 38 35130 1678 16 		 
201212192031 부산광역시 영도구 53281 37831 117 22742 14872 7 16 36 41 37714 2590 17 		 
201212192037 부산광역시 영도구 56142 39752 123 23918 15607 8 16 39 41 39629 1921 18 		 
201212192038 부산광역시 영도구 58506 41496 128 24975 16284 8 18 41 42 41368 1744 19 		 
201212192040 부산광역시 영도구 60882 43238 131 26009 16978 8 20 45 47 43107 1742 20 		 
201212192043 부산광역시 영도구 64147 45556 136 27511 17785 9 21 47 47 45420 2318 21 		 
201212192049 부산광역시 영도구 68218 48588 147 29228 19082 9 22 51 49 48441 3032 22 		 
201212192052 부산광역시 영도구 69953 49818 150 29954 19580 9 22 54 49 49668 1230 23 		 
201212192053 부산광역시 영도구 72855 51741 155 31150 20294 10 22 57 53 51586 1923 24 		 
201212192055 부산광역시 영도구 76638 54600 167 32664 21620 10 23 60 56 54433 2859 25 		 
201212192056 부산광역시 영도구 79513 56738 173 33877 22532 10 25 61 60 56565 2138 26 		 
201212192112 부산광역시 영도구 82887 59326 181 35305 23671 11 27 67 64 59145 2588 27 		 
201212192119 부산광역시 영도구 85500 61304 185 36393 24554 11 27 68 66 61119 1978 28 		 
201212192121 부산광역시 영도구 89502 64243 190 37993 25880 11 28 70 71 64053 2939 29 		 
201212192124 부산광역시 영도구 92869 66754 196 39515 26856 12 29 72 74 66558 2511 30 		 
201212192133 부산광역시 영도구 97087 69854 202 41262 28200 12 29 75 74 69652 3100 31 		 
201212192135 부산광역시 영도구 100641 72504 207 42773 29326 12 32 78 76 72297 2650 32 		 
201212192154 부산광역시 영도구 103939 75017 215 44163 30433 12 32 84 78 74802 2513 33 		 
201212192159 부산광역시 영도구 107186 77227 226 45596 31190 12 32 85 86 77001 2210 34 		 
201212192202 부산광역시 영도구 112237 81444 275 47880 33053 16 38 86 96 81169 4217 35 		 
201212192205 부산광역시 영도구 116131 84254 288 49604 34115 16 38 89 104 83966 2810 36 		 
201212192206 부산광역시 영도구 116751 84687 292 49791 34357 16 38 89 104 84395 433 37 		 
201212192207 부산광역시 영도구 119481 86765 297 50903 35314 16 38 91 106 86468 2078 38 		 
