Time AreaA AreaB Total TotalA Invalid VoteA VoteB VoteC VoteD VoteE VoteF TotalB Diff Count
201212191929 부산광역시 서구 1509 1082 4 734 342 1 1 0 0 1078 1082 1 		 
201212191936 부산광역시 서구 3939 2863 10 1857 986 3 2 1 4 2853 1781 2 		 
201212191948 부산광역시 서구 6165 4657 15 3062 1561 3 5 6 5 4642 1794 3 		 
201212191958 부산광역시 서구 8518 6496 20 4238 2213 3 5 10 7 6476 1839 4 		 
201212192017 부산광역시 서구 12026 9040 24 5814 3166 4 9 13 10 9016 2544 5 		 
201212192022 부산광역시 서구 15222 11330 34 7295 3956 4 10 18 13 11296 2290 6 		 
201212192040 부산광역시 서구 17615 13157 41 8520 4549 4 10 18 15 13116 1827 7 		 
201212192046 부산광역시 서구 20983 15700 48 10076 5522 4 11 21 18 15652 2543 8 		 
201212192048 부산광역시 서구 21611 16155 49 10299 5751 4 13 21 18 16106 455 9 		 
201212192050 부산광역시 서구 24555 18433 56 11695 6621 4 13 22 22 18377 2278 10 		 
201212192052 부산광역시 서구 27100 20284 57 12888 7273 4 15 25 22 20227 1851 11 		 
201212192055 부산광역시 서구 28962 21646 61 13732 7780 4 16 29 24 21585 1362 12 		 
201212192057 부산광역시 서구 31130 23150 66 14739 8261 4 17 35 28 23084 1504 13 		 
201212192059 부산광역시 서구 33573 24825 70 15879 8786 4 18 35 33 24755 1675 14 		 
201212192101 부산광역시 서구 34464 25462 73 16304 8987 4 18 40 36 25389 637 15 		 
201212192112 부산광역시 서구 37277 27585 79 17656 9749 5 18 41 37 27506 2123 16 		 
201212192114 부산광역시 서구 40083 29904 83 19067 10646 5 19 44 40 29821 2319 17 		 
201212192116 부산광역시 서구 42867 32063 89 20467 11389 5 19 49 45 31974 2159 18 		 
201212192118 부산광역시 서구 45428 33988 94 21705 12060 7 20 52 50 33894 1925 19 		 
201212192128 부산광역시 서구 47503 35302 96 22578 12491 7 20 52 58 35206 1314 20 		 
201212192130 부산광역시 서구 50412 37254 105 23842 13165 7 20 52 63 37149 1952 21 		 
201212192132 부산광역시 서구 53487 39264 111 25218 13785 8 20 55 67 39153 2010 22 		 
201212192133 부산광역시 서구 57189 41991 120 26811 14904 9 20 59 68 41871 2727 23 		 
201212192135 부산광역시 서구 58912 43225 122 27634 15302 10 21 60 76 43103 1234 24 		 
201212192158 부산광역시 서구 61035 44821 124 28662 15860 10 23 65 77 44697 1596 25 		 
201212192159 부산광역시 서구 63526 46547 126 29832 16408 11 23 66 81 46421 1726 26 		 
201212192202 부산광역시 서구 67061 48967 132 31409 17237 12 23 70 84 48835 2420 27 		 
201212192203 부산광역시 서구 69863 51077 141 32737 18006 12 24 71 86 50936 2110 28 		 
201212192204 부산광역시 서구 72339 52684 146 33831 18510 12 24 71 90 52538 1607 29 		 
201212192206 부산광역시 서구 74611 54282 151 34897 19026 15 25 72 96 54131 1598 30 		 
201212192207 부산광역시 서구 77952 56296 153 36236 19694 16 26 73 98 56143 2014 31 		 
201212192208 부산광역시 서구 80977 58355 157 37577 20404 16 27 74 100 58198 2059 32 		 
201212192210 부산광역시 서구 83006 59870 175 38457 21010 16 28 77 107 59695 1515 33 		 
201212192211 부산광역시 서구 86780 62593 179 40212 21965 17 29 78 113 62414 2723 34 		 
201212192213 부산광역시 서구 90258 65059 188 41967 22658 17 29 84 116 64871 2466 35 		 
201212192215 부산광역시 서구 92412 66573 192 42921 23207 17 30 88 118 66381 1514 36 		 
201212192224 부산광역시 서구 94778 68777 252 43995 24232 22 37 98 141 68525 2204 37 		 
201212192225 부산광역시 서구 97205 70534 258 45130 24844 22 38 99 143 70276 1757 38 		 
201212192227 부산광역시 서구 99623 72226 261 46239 25417 22 38 101 148 71965 1692 39 		 
201212192229 부산광역시 서구 103696 75140 271 48129 26426 22 38 104 150 74869 2914 40 		 
