Time AreaA AreaB Total TotalA Invalid VoteA VoteB VoteC VoteD VoteE VoteF TotalB Diff Count
201212192008 부산광역시 사하구 2932 2234 8 1423 795 1 2 4 1 2226 2234 1 		 
201212192010 부산광역시 사하구 6550 5042 18 3098 1914 1 3 5 3 5024 2808 2 		 
201212192021 부산광역시 사하구 9580 7243 27 4433 2766 1 3 10 3 7216 2201 3 		 
201212192029 부산광역시 사하구 10843 8120 33 4789 3277 1 3 13 4 8087 877 4 		 
201212192030 부산광역시 사하구 13171 9781 38 5893 3820 2 4 16 8 9743 1661 5 		 
201212192032 부산광역시 사하구 16408 12227 46 7346 4797 4 6 18 10 12181 2446 6 		 
201212192034 부산광역시 사하구 22187 16407 60 9981 6314 4 6 26 16 16347 4180 7 		 
201212192037 부산광역시 사하구 25354 18993 65 11382 7490 4 8 28 16 18928 2586 8 		 
201212192043 부산광역시 사하구 29513 22221 73 13253 8834 4 9 30 18 22148 3228 9 		 
201212192045 부산광역시 사하구 33160 24855 79 14780 9931 4 9 32 20 24776 2634 10 		 
201212192049 부산광역시 사하구 36905 27519 90 16390 10970 4 11 32 22 27429 2664 11 		 
201212192053 부산광역시 사하구 40927 30607 103 18218 12211 5 12 33 25 30504 3088 12 		 
201212192054 부산광역시 사하구 44689 33433 108 19989 13259 5 13 33 26 33325 2826 13 		 
201212192108 부산광역시 사하구 48202 36011 113 21347 14467 6 15 35 28 35898 2578 14 		 
201212192130 부산광역시 사하구 52268 38892 121 23005 15677 8 15 37 29 38771 2881 15 		 
201212192131 부산광역시 사하구 54459 40588 125 24121 16247 10 15 41 29 40463 1696 16 		 
201212192133 부산광역시 사하구 57916 42876 133 25564 17074 11 17 46 31 42743 2288 17 		 
201212192135 부산광역시 사하구 61292 45441 146 27153 18028 15 18 47 34 45295 2565 18 		 
201212192142 부산광역시 사하구 64931 48335 152 28832 19235 15 18 48 35 48183 2894 19 		 
201212192143 부산광역시 사하구 68552 51087 161 30390 20413 15 19 52 37 50926 2752 20 		 
201212192144 부산광역시 사하구 71833 53357 169 31699 21358 15 22 53 41 53188 2270 21 		 
201212192146 부산광역시 사하구 76268 56721 179 33580 22821 18 23 57 43 56542 3364 22 		 
201212192150 부산광역시 사하구 82722 61449 188 36264 24838 19 24 66 50 61261 4728 23 		 
201212192200 부산광역시 사하구 85290 63509 189 37390 25765 20 25 68 52 63320 2060 24 		 
201212192202 부산광역시 사하구 88154 65651 201 38723 26557 20 26 71 53 65450 2142 25 		 
201212192207 부산광역시 사하구 92318 68553 211 40438 27722 20 28 75 59 68342 2902 26 		 
201212192208 부산광역시 사하구 95427 70896 216 41870 28621 20 31 75 63 70680 2343 27 		 
201212192210 부산광역시 사하구 98928 73817 223 43532 29859 20 32 85 66 73594 2921 28 		 
201212192217 부산광역시 사하구 102101 76317 224 44959 30927 21 32 87 67 76093 2500 29 		 
201212192220 부산광역시 사하구 105708 79055 234 46568 32040 25 33 88 67 78821 2738 30 		 
201212192221 부산광역시 사하구 109159 81451 239 47963 33032 25 33 89 70 81212 2396 31 		 
201212192229 부산광역시 사하구 112823 84135 268 49550 34089 30 35 91 72 83867 2684 32 		 
201212192234 부산광역시 사하구 115580 86159 274 50587 35065 31 36 93 73 85885 2024 33 		 
201212192235 부산광역시 사하구 119209 88935 276 52134 36285 31 37 97 75 88659 2776 34 		 
201212192238 부산광역시 사하구 126218 94386 285 55297 38558 31 37 99 79 94101 5451 35 		 
201212192242 부산광역시 사하구 129510 97018 292 56844 39633 31 37 101 80 96726 2632 36 		 
201212192244 부산광역시 사하구 133707 100123 306 58613 40945 32 40 105 82 99817 3105 37 		 
201212192246 부산광역시 사하구 137610 103025 317 60361 42074 32 44 113 84 102708 2902 38 		 
201212192248 부산광역시 사하구 138198 103448 318 60669 42188 32 44 113 84 103130 423 39 		 
201212192252 부산광역시 사하구 140791 105539 323 61882 43052 34 45 117 86 105216 2091 40 		 
201212192254 부산광역시 사하구 144627 108043 332 63487 43937 35 45 119 88 107711 2504 41 		 
201212192256 부산광역시 사하구 149056 111401 341 65248 45522 35 46 119 90 111060 3358 42 		 
201212192302 부산광역시 사하구 152576 113866 361 66838 46364 38 47 121 97 113505 2465 43 		 
201212192305 부산광역시 사하구 156233 116426 372 68430 47313 39 48 122 102 116054 2560 44 		 
201212192306 부산광역시 사하구 161089 120168 377 70653 48818 39 48 129 104 119791 3742 45 		 
201212192307 부산광역시 사하구 164103 122571 387 72057 49804 39 48 130 106 122184 2403 46 		 
201212192311 부산광역시 사하구 168256 125545 405 73941 50864 41 50 135 109 125140 2974 47 		 
201212192314 부산광역시 사하구 171010 127807 406 75245 51817 41 50 138 110 127401 2262 48 		 
201212192317 부산광역시 사하구 175504 131018 414 77254 53003 41 52 139 115 130604 3211 49 		 
201212192319 부산광역시 사하구 179217 133802 428 78977 54039 43 55 145 115 133374 2784 50 		 
201212192323 부산광역시 사하구 182921 136617 436 80632 55186 43 56 147 117 136181 2815 51 		 
201212192331 부산광역시 사하구 185262 138274 442 81672 55795 44 56 147 118 137832 1657 52 		 
201212192332 부산광역시 사하구 189192 140845 445 83265 56759 44 57 152 123 140400 2571 53 		 
201212192338 부산광역시 사하구 192308 143131 457 84658 57635 44 58 156 123 142674 2286 54 		 
201212192349 부산광역시 사하구 195891 145768 470 86291 58615 45 60 161 126 145298 2637 55 		 
201212192351 부산광역시 사하구 202749 152160 567 89350 61796 54 65 177 151 151593 6392 56 		 
201212192352 부산광역시 사하구 205373 154131 575 90560 62543 55 65 179 154 153556 1971 57 		 
201212192354 부산광역시 사하구 211160 158669 584 93347 64278 55 66 184 155 158085 4538 58 		 
201212192355 부산광역시 사하구 219226 164563 606 96824 66665 55 67 188 158 163957 5894 59 		 
201212192356 부산광역시 사하구 221279 166096 608 97650 67365 55 67 191 160 165488 1533 60 		 
201212192357 부산광역시 사하구 225544 169518 615 99563 68861 55 68 195 161 168903 3422 61 		 
201212192359 부산광역시 사하구 230073 172947 623 101543 70291 55 70 200 165 172324 3429 62 		 
201212200000 부산광역시 사하구 232411 174850 628 102648 71080 55 71 201 167 174222 1903 63 		 
201212200002 부산광역시 사하구 236630 178270 631 104384 72755 56 71 204 169 177639 3420 64 		 
201212200008 부산광역시 사하구 241098 181909 638 106292 74475 56 72 205 171 181271 3639 65 		 
201212200009 부산광역시 사하구 245556 185121 642 108075 75888 58 74 208 176 184479 3212 66 		 
201212200010 부산광역시 사하구 249783 188584 646 110113 77300 58 75 213 179 187938 3463 67 		 
201212200011 부산광역시 사하구 253955 191883 652 111990 78704 60 76 219 182 191231 3299 68 		 
201212200018 부산광역시 사하구 258309 194724 662 113686 79827 60 76 226 187 194062 2841 69 		 
201212200019 부산광역시 사하구 262129 197361 672 115150 80987 61 77 226 188 196689 2637 70 		 
201212200020 부산광역시 사하구 265176 199495 679 116560 81698 61 79 226 192 198816 2134 71 		 
201212200021 부산광역시 사하구 270210 203329 682 118732 83343 62 80 233 197 202647 3834 72 		 
201212200022 부산광역시 사하구 274902 207099 686 120712 85119 63 81 240 198 206413 3770 73 		 
201212200028 부산광역시 사하구 279517 210554 691 122646 86629 63 82 243 200 209863 3455 74 		 
201212200044 부산광역시 사하구 282114 212552 695 123824 87440 64 82 244 203 211857 1998 75 		 
201212200047 부산광역시 사하구 286161 215739 700 125432 89012 64 83 245 203 215039 3187 76 		 
