Time AreaA AreaB Total TotalA Invalid VoteA VoteB VoteC VoteD VoteE VoteF TotalB Diff Count
201212191921 부산광역시 강서구 1944 1287 6 802 475 1 0 1 2 1281 1287 201212191921 1 		 
201212191929 부산광역시 강서구 3871 2748 11 1778 954 1 0 1 3 2737 1461 201212191929 2 		 
201212191931 부산광역시 강서구 5328 3829 13 2497 1311 1 0 1 6 3816 1081 201212191931 3 		 
201212191934 부산광역시 강서구 7608 5547 16 3465 2053 1 1 3 8 5531 1718 201212191934 4 		 
201212191939 부산광역시 강서구 9548 6947 24 4377 2527 2 1 5 11 6923 1400 201212191939 5 		 
201212191944 부산광역시 강서구 10570 7717 28 4857 2809 3 1 7 12 7689 770 201212191944 6 		 
201212191947 부산광역시 강서구 12189 8977 32 5652 3264 3 3 8 15 8945 1260 201212191947 7 		 
201212191948 부산광역시 강서구 14132 10408 41 6636 3699 4 3 8 17 10367 1431 201212191948 8 		 
201212191950 부산광역시 강서구 15903 11656 45 7399 4179 4 3 9 17 11611 1248 201212191950 9 		 
201212191952 부산광역시 강서구 17311 12685 46 8022 4576 4 4 11 22 12639 1029 201212191952 10 		 
201212191957 부산광역시 강서구 18850 13839 53 8715 5028 4 4 12 23 13786 1154 201212191957 11 		 
201212192001 부산광역시 강서구 20427 15004 55 9479 5424 4 4 13 25 14949 1165 201212192001 12 		 
201212192005 부산광역시 강서구 21970 16083 58 10206 5769 4 4 15 27 16025 1079 201212192005 13 		 
201212192019 부산광역시 강서구 23153 17182 78 10749 6300 5 5 15 30 17104 1099 201212192019 14 		 
201212192020 부산광역시 강서구 24503 18161 81 11328 6693 5 6 15 33 18080 979 201212192020 15 		 
201212192021 부산광역시 강서구 25727 19042 86 11847 7047 5 6 16 35 18956 881 201212192021 16 		 
201212192022 부산광역시 강서구 27527 20408 90 12744 7509 5 6 16 38 20318 1366 201212192022 17 		 
201212192023 부산광역시 강서구 29109 21443 92 13475 7809 5 6 17 39 21351 1035 201212192023 18 		 
201212192025 부산광역시 강서구 30123 22144 101 13927 8048 5 6 17 40 22043 701 201212192025 19 		 
201212192026 부산광역시 강서구 30458 22382 101 14048 8164 5 6 17 41 22281 238 201212192026 20 		 
201212192031 부산광역시 강서구 32121 23595 106 14846 8569 6 7 17 44 23489 1213 201212192031 21 		 
201212192034 부산광역시 강서구 35866 26715 109 16351 10177 6 7 19 46 26606 3120 201212192034 22 		 
201212192035 부산광역시 강서구 38402 28851 112 17439 11213 7 7 24 49 28739 2136 201212192035 23 		 
201212192041 부산광역시 강서구 40175 30202 116 18230 11762 8 8 26 52 30086 1351 201212192041 24 		 
201212192055 부산광역시 강서구 41087 30865 118 18714 11935 9 8 26 55 30747 663 201212192055 25 		 
201212192102 부산광역시 강서구 44070 33283 123 19902 13153 9 9 30 57 33160 2418 201212192102 26 		 
201212192104 부산광역시 강서구 45902 34689 127 20719 13736 9 10 30 58 34562 1406 201212192104 27 		 
201212192106 부산광역시 강서구 48318 36454 132 21790 14418 9 10 31 64 36322 1765 201212192106 28 		 
201212192107 부산광역시 강서구 49367 37169 137 22273 14644 9 10 31 65 37032 715 201212192107 29 		 
201212192108 부산광역시 강서구 52155 39220 142 23410 15551 9 11 31 66 39078 2051 201212192108 30 		 
201212192132 부산광역시 강서구 54683 41319 144 24560 16494 9 13 32 67 41175 2099 201212192132 31 		 
