Time AreaA AreaB Total TotalA Invalid VoteA VoteB VoteC VoteD VoteE VoteF TotalB Diff Count
201212191947 부산광역시 동래구 2861 2150 2 1455 690 0 0 3 0 2148 2150 1 		 
201212191954 부산광역시 동래구 6075 4632 6 3074 1545 0 0 6 1 4626 2482 2 		 
201212191956 부산광역시 동래구 8740 6747 9 4392 2335 1 0 7 3 6738 2115 3 		 
201212192008 부산광역시 동래구 11725 9011 13 5769 3215 2 0 8 4 8998 2264 4 		 
201212192013 부산광역시 동래구 12985 9929 17 6171 3721 4 0 10 6 9912 918 5 		 
201212192015 부산광역시 동래구 16413 12495 26 7864 4579 4 0 14 8 12469 2566 6 		 
201212192017 부산광역시 동래구 20010 15080 30 9531 5488 4 0 17 10 15050 2585 7 		 
201212192024 부산광역시 동래구 23311 17617 32 11014 6535 4 0 21 11 17585 2537 8 		 
201212192025 부산광역시 동래구 27127 20571 40 12878 7615 4 0 22 12 20531 2954 9 		 
201212192027 부산광역시 동래구 31200 23821 44 14790 8943 5 1 25 13 23777 3250 10 		 
201212192031 부산광역시 동래구 34428 26281 48 16376 9806 5 2 27 17 26233 2460 11 		 
201212192036 부산광역시 동래구 37892 28957 52 18035 10809 5 2 33 21 28905 2676 12 		 
201212192039 부산광역시 동래구 40943 31319 58 19510 11685 5 2 37 22 31261 2362 13 		 
201212192040 부산광역시 동래구 44092 33707 64 21078 12491 6 2 42 24 33643 2388 14 		 
201212192042 부산광역시 동래구 47826 36430 69 22950 13326 6 3 44 32 36361 2723 15 		 
201212192044 부산광역시 동래구 51334 39317 73 24531 14620 6 4 50 33 39244 2887 16 		 
201212192048 부산광역시 동래구 54972 42399 79 26308 15910 6 5 54 37 42320 3082 17 		 
201212192049 부산광역시 동래구 57840 44732 82 27807 16735 7 6 56 39 44650 2333 18 		 
201212192053 부산광역시 동래구 60495 46807 88 29155 17451 7 6 58 42 46719 2075 19 		 
201212192058 부산광역시 동래구 64173 49708 92 31109 18384 9 6 58 50 49616 2901 20 		 
201212192107 부산광역시 동래구 67987 52528 98 32873 19430 10 8 58 51 52430 2820 21 		 
201212192130 부산광역시 동래구 70414 54359 100 34059 20068 11 10 59 52 54259 1831 22 		 
201212192132 부산광역시 동래구 74817 57706 110 36133 21320 13 12 65 53 57596 3347 23 		 
201212192136 부산광역시 동래구 77805 59929 115 37599 22069 14 12 67 53 59814 2223 24 		 
201212192144 부산광역시 동래구 81252 62656 123 39448 22928 16 14 71 56 62533 2727 25 		 
201212192146 부산광역시 동래구 84473 65368 130 40928 24147 16 16 74 57 65238 2712 26 		 
201212192148 부산광역시 동래구 87140 67378 133 42149 24926 16 20 77 57 67245 2010 27 		 
201212192149 부산광역시 동래구 91920 71035 143 44225 26488 17 20 79 63 70892 3657 28 		 
201212192151 부산광역시 동래구 95416 73754 150 45882 27539 17 21 80 65 73604 2719 29 		 
201212192159 부산광역시 동래구 97504 75295 152 46727 28223 18 21 86 68 75143 1541 30 		 
201212192200 부산광역시 동래구 99880 77111 166 47876 28866 19 25 87 72 76945 1816 31 		 
201212192201 부산광역시 동래구 104012 80260 173 49860 30016 19 25 94 73 80087 3149 32 		 
201212192202 부산광역시 동래구 107493 82867 176 51473 31000 20 25 99 74 82691 2607 33 		 
201212192205 부산광역시 동래구 112156 86728 183 53785 32529 21 26 106 78 86545 3861 34 		 
201212192206 부산광역시 동래구 115673 89319 188 55230 33664 21 26 110 80 89131 2591 35 		 
201212192207 부산광역시 동래구 119461 92376 197 57275 34656 23 27 117 81 92179 3057 36 		 
201212192208 부산광역시 동래구 123556 95672 210 59214 35991 25 29 120 83 95462 3296 37 		 
201212192209 부산광역시 동래구 127481 98750 219 61029 37235 25 31 125 86 98531 3078 38 		 
201212192210 부산광역시 동래구 130768 101148 228 62510 38133 25 33 130 89 100920 2398 39 		 
201212192211 부산광역시 동래구 134896 104610 235 64284 39804 26 33 134 94 104375 3462 40 		 
201212192213 부산광역시 동래구 138009 107146 238 65821 40793 26 33 138 97 106908 2536 41 		 
201212192219 부산광역시 동래구 142157 110195 243 67729 41923 26 34 139 101 109952 3049 42 		 
201212192220 부산광역시 동래구 146292 113487 248 69721 43215 26 34 142 101 113239 3292 43 		 
201212192221 부산광역시 동래구 150484 116667 251 71671 44436 27 36 144 102 116416 3180 44 		 
201212192226 부산광역시 동래구 153778 119393 258 73238 45581 27 38 148 103 119135 2726 45 		 
201212192227 부산광역시 동래구 156948 121783 261 74789 46410 29 39 149 106 121522 2390 46 		 
201212192228 부산광역시 동래구 160793 124711 267 76614 47498 31 42 151 108 124444 2928 47 		 
201212192232 부산광역시 동래구 164455 127600 274 78473 48516 31 42 154 110 127326 2889 48 		 
201212192235 부산광역시 동래구 168808 130515 279 80482 49407 31 44 156 116 130236 2915 49 		 
201212192236 부산광역시 동래구 172362 133486 285 82052 50792 31 45 163 118 133201 2971 50 		 
201212192237 부산광역시 동래구 175847 136382 292 83671 52047 34 47 172 119 136090 2896 51 		 
201212192238 부산광역시 동래구 178884 138721 300 85196 52843 34 47 175 126 138421 2339 52 		 
201212192254 부산광역시 동래구 182294 141069 308 86748 53617 35 49 180 132 140761 2348 53 		 
201212192255 부산광역시 동래구 185773 143833 311 88510 54613 35 49 183 132 143522 2764 54 		 
201212192259 부산광역시 동래구 190100 147522 315 90542 56256 35 52 187 135 147207 3689 55 		 
201212192300 부산광역시 동래구 193798 150462 319 92664 57058 35 54 195 137 150143 2940 56 		 
201212192307 부산광역시 동래구 197418 153258 326 94384 58117 36 55 199 141 152932 2796 57 		 
201212192308 부산광역시 동래구 202103 157061 337 96469 59819 38 55 200 143 156724 3803 58 		 
201212192313 부산광역시 동래구 206518 160204 350 98447 60967 38 55 202 145 159854 3143 59 		 
201212192315 부산광역시 동래구 210110 162826 360 100181 61840 39 58 202 146 162466 2622 60 		 
201212192323 부산광역시 동래구 214762 166152 363 102368 62963 39 60 209 150 165789 3326 61 		 
201212192328 부산광역시 동래구 218139 168801 369 104076 63891 39 61 212 153 168432 2649 62 		 
201212192358 부산광역시 동래구 222625 172458 377 106131 65473 40 61 221 155 172081 3657 63 		 
201212200111 부산광역시 동래구 228712 178174 460 108913 68281 44 68 232 176 177714 5716 64 		 
