Time AreaA AreaB Total TotalA Invalid VoteA VoteB VoteC VoteD VoteE VoteF TotalB Diff Count
201212191940 부산광역시 중구 1876 1352 6 928 415 0 0 1 2 1346 1352 1 		 
201212191949 부산광역시 중구 3615 2430 9 1633 781 0 0 3 4 2421 1078 2 		 
201212191956 부산광역시 중구 5711 3847 11 2579 1246 0 0 6 5 3836 1417 3 		 
201212192001 부산광역시 중구 7284 4927 16 3280 1616 0 0 9 6 4911 1080 4 		 
201212192004 부산광역시 중구 7972 5356 17 3577 1747 0 0 9 6 5339 429 5 		 
201212192011 부산광역시 중구 9035 6111 19 4049 2027 0 0 10 6 6092 755 6 		 
201212192023 부산광역시 중구 11556 7976 21 5223 2712 0 1 11 8 7955 1865 7 		 
201212192028 부산광역시 중구 13218 9114 22 5938 3130 2 1 11 10 9092 1138 8 		 
201212192030 부산광역시 중구 16050 11071 27 7187 3827 2 2 12 14 11044 1957 9 		 
201212192033 부산광역시 중구 18859 13129 29 8507 4556 2 4 15 16 13100 2058 10 		 
201212192038 부산광역시 중구 20820 14474 31 9387 5017 3 4 15 17 14443 1345 11 		 
201212192041 부산광역시 중구 22676 15841 35 10204 5560 3 4 17 18 15806 1367 12 		 
201212192051 부산광역시 중구 25248 17759 39 11444 6230 3 5 19 19 17720 1918 13 		 
201212192055 부산광역시 중구 26575 18640 43 12060 6490 3 6 19 19 18597 881 14 		 
201212192058 부산광역시 중구 29305 20484 45 13328 7061 4 6 20 20 20439 1844 15 		 
201212192100 부산광역시 중구 30684 21463 49 13918 7443 4 7 22 20 21414 979 16 		 
201212192102 부산광역시 중구 32734 22942 51 14946 7891 4 7 23 20 22891 1479 17 		 
201212192107 부산광역시 중구 33055 23163 51 15067 7990 5 7 23 20 23112 221 18 		 
201212192110 부산광역시 중구 34321 23988 51 15663 8215 5 7 26 21 23937 825 19 		 
201212192112 부산광역시 중구 35135 24755 66 16035 8589 5 7 26 27 24689 767 20 		 
201212192113 부산광역시 중구 36416 25721 69 16620 8966 5 7 27 27 25652 966 21 		 
201212192115 부산광역시 중구 38868 27630 78 17737 9744 5 8 30 28 27552 1909 22 		 
201212192116 부산광역시 중구 40636 28796 81 18473 10167 5 9 32 29 28715 1166 23 		 
201212192118 부산광역시 중구 42123 29939 86 19208 10567 5 10 34 29 29853 1143 24 		 
