Time AreaA AreaB Total TotalA Invalid VoteA VoteB VoteC VoteD VoteE VoteF TotalB Diff Count
201212191908 부산광역시 기장군 377 253 3 127 122 0 0 1 0 250 253 1 		 
201212191934 부산광역시 기장군 2324 1629 7 1087 532 0 0 1 2 1622 1376 2 		 
201212191940 부산광역시 기장군 4917 3577 12 2357 1201 0 1 2 4 3565 1948 3 		 
201212191941 부산광역시 기장군 6444 4791 18 3061 1702 0 1 5 4 4773 1214 4 		 
201212191945 부산광역시 기장군 7033 5213 25 3378 1797 0 3 6 4 5188 422 5 		 
201212191951 부산광역시 기장군 7809 5824 27 3801 1981 0 3 6 6 5797 611 6 		 
201212191956 부산광역시 기장군 9611 7204 30 4772 2377 1 4 6 14 7174 1380 7 		 
201212192001 부산광역시 기장군 11671 8663 35 5793 2802 2 5 8 18 8628 1459 8 		 
201212192006 부산광역시 기장군 12688 9509 37 6205 3233 2 5 8 19 9472 846 9 		 
201212192013 부산광역시 기장군 14183 10547 41 6917 3551 4 5 8 21 10506 1038 10 		 
201212192014 부산광역시 기장군 14918 11107 43 7321 3701 4 5 8 25 11064 560 11 		 
201212192016 부산광역시 기장군 15699 11733 43 7754 3887 6 5 9 29 11690 626 12 		 
201212192020 부산광역시 기장군 19130 14341 48 9097 5141 6 5 13 31 14293 2608 13 		 
201212192029 부산광역시 기장군 21834 16383 56 10444 5821 6 7 14 35 16327 2042 14 		 
201212192038 부산광역시 기장군 24980 18992 61 11680 7186 6 8 16 35 18931 2609 15 		 
201212192041 부산광역시 기장군 27586 21151 61 12719 8297 6 8 23 37 21090 2159 16 		 
201212192044 부산광역시 기장군 30679 23547 67 14003 9399 7 8 26 37 23480 2396 17 		 
201212192047 부산광역시 기장군 31660 24286 75 14563 9567 8 8 27 38 24211 739 18 		 
201212192101 부산광역시 기장군 35611 27291 84 16039 11085 8 8 29 38 27207 3005 19 		 
201212192107 부산광역시 기장군 37557 28769 92 17103 11484 8 8 30 44 28677 1478 20 		 
201212192114 부산광역시 기장군 43195 32821 104 19254 13365 8 10 33 47 32717 4052 21 		 
201212192121 부산광역시 기장군 48928 36679 112 21771 14692 8 10 35 51 36567 3858 22 		 
201212192125 부산광역시 기장군 50924 38162 116 22850 15086 9 10 35 56 38046 1483 23 		 
201212192139 부산광역시 기장군 53114 40194 156 23908 16005 15 12 36 62 40038 2032 24 		 
201212192143 부산광역시 기장군 57818 43670 160 26018 17360 15 13 39 65 43510 3476 25 		 
201212192204 부산광역시 기장군 62429 47058 166 28103 18642 17 15 46 69 46892 3388 26 		 
201212192208 부산광역시 기장군 67632 51141 177 30540 20268 17 16 51 72 50964 4083 27 		 
201212192212 부산광역시 기장군 72169 54465 188 32534 21579 17 18 56 73 54277 3324 28 		 
201212192214 부산광역시 기장군 74500 56143 202 33647 22126 17 19 58 74 55941 1678 29 		 
201212192218 부산광역시 기장군 78219 59139 212 35273 23473 17 21 66 77 58927 2996 30 		 
201212192219 부산광역시 기장군 79013 59742 223 35708 23630 17 21 66 77 59519 603 31 		 
201212192222 부산광역시 기장군 80014 60702 223 36656 23642 17 21 66 77 60479 960 32 		 
201212192223 부산광역시 기장군 81955 62108 231 37643 24049 17 22 67 79 61877 1406 33 		 
201212192241 부산광역시 기장군 85181 64671 238 39183 25061 17 22 69 81 64433 2563 34 		 
201212192244 부산광역시 기장군 89141 67694 245 41164 26084 17 24 77 83 67449 3023 35 		 
