Time AreaA AreaB Total TotalA Invalid VoteA VoteB VoteC VoteD VoteE VoteF TotalB Diff Count
201212191937 부산광역시 동구 1897 1439 4 917 511 2 1 3 1 1435 1439 1 		 
201212191943 부산광역시 동구 4625 3463 10 2256 1182 3 3 6 3 3453 2024 2 		 
201212191944 부산광역시 동구 7960 5730 17 3786 1902 3 5 13 4 5713 2267 3 		 
201212191955 부산광역시 동구 11439 8268 25 5442 2766 3 6 17 9 8243 2538 4 		 
201212191957 부산광역시 동구 13706 9908 26 6461 3378 3 6 22 12 9882 1640 5 		 
201212191959 부산광역시 동구 16680 12005 31 7782 4145 3 6 25 13 11974 2097 6 		 
201212192005 부산광역시 동구 20174 14621 40 9484 5038 3 6 28 22 14581 2616 7 		 
201212192011 부산광역시 동구 22922 16547 43 10745 5693 4 6 30 26 16504 1926 8 		 
201212192012 부산광역시 동구 25304 18341 46 11949 6275 4 6 31 30 18295 1794 9 		 
201212192017 부산광역시 동구 28529 20766 53 13522 7108 5 6 34 38 20713 2425 10 		 
201212192021 부산광역시 동구 31009 22592 57 14558 7888 5 6 36 42 22535 1826 11 		 
201212192026 부산광역시 동구 33673 24620 60 15882 8583 5 9 37 44 24560 2028 12 		 
201212192028 부산광역시 동구 36112 26532 64 17082 9286 5 10 40 45 26468 1912 13 		 
201212192030 부산광역시 동구 41041 30062 67 19466 10415 5 16 45 48 29995 3530 14 		 
201212192032 부산광역시 동구 42206 30920 70 20009 10725 5 17 45 49 30850 858 15 		 
201212192106 부산광역시 동구 45505 33345 81 21627 11516 5 17 47 52 33264 2425 16 		 
201212192107 부산광역시 동구 49193 36131 86 23363 12558 6 17 47 54 36045 2786 17 		 
201212192109 부산광역시 동구 51727 38024 89 24610 13194 6 17 51 57 37935 1893 18 		 
201212192111 부산광역시 동구 57879 42619 97 27497 14882 7 19 56 61 42522 4595 19 		 
201212192113 부산광역시 동구 60116 44587 126 28465 15834 9 23 63 67 44461 1968 20 		 
201212192115 부산광역시 동구 67226 49915 137 31874 17725 10 23 71 75 49778 5328 21 		 
201212192116 부산광역시 동구 71944 53594 146 34085 19179 10 23 74 77 53448 3679 22 		 
201212192118 부산광역시 동구 74650 55467 152 35342 19784 12 23 75 79 55315 1873 23 		 
201212192119 부산광역시 동구 76776 57026 156 36391 20285 13 25 75 81 56870 1559 24 		 
201212192122 부산광역시 동구 79699 59209 161 37798 21046 13 28 78 85 59048 2183 25 		 
201212192123 부산광역시 동구 81987 60847 168 38815 21658 13 28 78 87 60679 1638 26 		 
201212192124 부산광역시 동구 85145 62994 179 40262 22338 14 29 81 91 62815 2147 27 		 
