Time AreaA AreaB Total TotalA Invalid VoteA VoteB VoteC VoteD VoteE VoteF TotalB Diff Count
201212191929 부산광역시 부산진구 1851 1353 1 859 487 0 0 5 1 1352 1353 1 		 
201212191954 부산광역시 부산진구 8140 5925 11 3673 2220 3 3 7 8 5914 4572 2 		 
201212191958 부산광역시 부산진구 11629 8338 22 5164 3123 3 3 9 14 8316 2413 3 		 
201212191959 부산광역시 부산진구 14479 10364 29 6485 3817 4 5 9 15 10335 2026 4 		 
201212192003 부산광역시 부산진구 18367 13668 34 8150 5445 5 7 10 17 13634 3304 5 		 
201212192005 부산광역시 부산진구 21000 15646 37 9450 6113 6 7 12 21 15609 1978 6 		 
201212192012 부산광역시 부산진구 24689 18741 42 11213 7433 7 7 16 23 18699 3095 7 		 
201212192013 부산광역시 부산진구 28119 21408 46 12687 8617 8 8 18 24 21362 2667 8 		 
201212192017 부산광역시 부산진구 31087 23340 51 13790 9436 8 9 21 25 23289 1932 9 		 
201212192018 부산광역시 부산진구 34594 25951 63 15270 10547 8 11 24 28 25888 2611 10 		 
201212192020 부산광역시 부산진구 37853 28304 68 16723 11434 8 12 26 33 28236 2353 11 		 
201212192026 부산광역시 부산진구 40873 30620 73 18090 12368 10 16 27 36 30547 2316 12 		 
201212192027 부산광역시 부산진구 48047 36262 85 21211 14866 12 18 33 37 36177 5642 13 		 
201212192032 부산광역시 부산진구 51212 38742 85 22858 15695 12 20 33 39 38657 2480 14 		 
201212192035 부산광역시 부산진구 54064 40822 101 24203 16406 12 20 37 43 40721 2080 15 		 
201212192037 부산광역시 부산진구 56882 42475 103 25266 16988 14 20 38 46 42372 1653 16 		 
201212192038 부산광역시 부산진구 58277 43430 111 25629 17569 15 20 39 47 43319 955 17 		 
201212192040 부산광역시 부산진구 61293 45556 115 26987 18323 16 20 42 53 45441 2126 18 		 
201212192043 부산광역시 부산진구 70809 52123 119 30757 21101 16 21 53 56 52004 6567 19 		 
201212192045 부산광역시 부산진구 73496 53970 128 31962 21724 19 21 56 60 53842 1847 20 		 
201212192047 부산광역시 부산진구 78154 57249 137 34020 22924 19 23 63 63 57112 3279 21 		 
201212192049 부산광역시 부산진구 81815 59945 142 35736 23895 20 23 63 66 59803 2696 22 		 
201212192051 부산광역시 부산진구 85428 62722 148 37401 24992 21 25 67 68 62574 2777 23 		 
201212192053 부산광역시 부산진구 89224 65384 156 38938 26107 21 26 68 68 65228 2662 24 		 
201212192055 부산광역시 부산진구 92732 67845 159 40475 27023 21 27 71 69 67686 2461 25 		 
201212192057 부산광역시 부산진구 96370 70825 163 42149 28317 22 27 75 72 70662 2980 26 		 
201212192100 부산광역시 부산진구 101092 74312 166 44400 29546 22 28 78 72 74146 3487 27 		 
201212192104 부산광역시 부산진구 104846 76946 177 45920 30632 24 32 84 77 76769 2634 28 		 
201212192107 부산광역시 부산진구 109032 80227 182 47846 31966 25 37 90 81 80045 3281 29 		 
201212192108 부산광역시 부산진구 112365 82696 185 49384 32885 26 40 93 83 82511 2469 30 		 
201212192110 부산광역시 부산진구 115102 84750 187 50524 33793 26 41 95 84 84563 2054 31 		 
201212192113 부산광역시 부산진구 118435 87366 191 52120 34796 26 42 100 91 87175 2616 32 		 
201212192115 부산광역시 부산진구 121731 90168 196 53760 35948 27 43 102 92 89972 2802 33 		 
201212192116 부산광역시 부산진구 123805 91755 199 54748 36539 28 44 104 93 91556 1587 34 		 
201212192117 부산광역시 부산진구 127383 94628 203 56281 37870 28 44 109 93 94425 2873 35 		 
201212192118 부산광역시 부산진구 130896 97406 207 58155 38765 29 47 110 93 97199 2778 36 		 
201212192120 부산광역시 부산진구 134829 100268 216 59890 39874 32 47 113 96 100052 2862 37 		 
201212192122 부산광역시 부산진구 138266 102694 220 61394 40782 34 48 116 100 102474 2426 38 		 
201212192124 부산광역시 부산진구 141552 105237 229 63163 41545 34 49 117 100 105008 2543 39 		 
201212192126 부산광역시 부산진구 145608 108292 236 65006 42745 34 49 118 104 108056 3055 40 		 
201212192131 부산광역시 부산진구 149052 110843 243 66572 43716 34 50 120 108 110600 2551 41 		 
201212192132 부산광역시 부산진구 152800 113676 248 68306 44799 34 52 124 113 113428 2833 42 		 
201212192133 부산광역시 부산진구 156117 116050 252 69690 45771 35 56 130 116 115798 2374 43 		 
201212192135 부산광역시 부산진구 160189 119197 259 71746 46843 35 57 136 121 118938 3147 44 		 
201212192137 부산광역시 부산진구 164275 122013 268 73344 48035 36 57 141 132 121745 2816 45 		 
201212192143 부산광역시 부산진구 167976 124799 269 75198 48957 36 59 143 137 124530 2786 46 		 
201212192145 부산광역시 부산진구 170939 127071 275 76512 49903 36 59 146 140 126796 2272 47 		 
201212192150 부산광역시 부산진구 174649 129733 280 78114 50952 38 60 149 140 129453 2662 48 		 
201212192152 부산광역시 부산진구 182483 135875 290 81698 53482 38 62 157 148 135585 6142 49 		 
201212192153 부산광역시 부산진구 185343 137986 297 82937 54343 38 63 158 150 137689 2111 50 		 
201212192154 부산광역시 부산진구 189660 141146 304 84705 55723 38 63 162 151 140842 3160 51 		 
201212192156 부산광역시 부산진구 193345 144156 307 86527 56898 38 67 166 153 143849 3010 52 		 
201212192157 부산광역시 부산진구 196547 146418 314 87961 57712 38 68 168 157 146104 2262 53 		 
201212192159 부산광역시 부산진구 200922 149577 319 89937 58882 38 70 169 162 149258 3159 54 		 
201212192201 부산광역시 부산진구 204003 152018 324 91326 59921 38 72 173 164 151694 2441 55 		 
201212192202 부산광역시 부산진구 206379 153767 326 92425 60564 38 72 176 166 153441 1749 56 		 
201212192204 부산광역시 부산진구 210477 157050 335 94304 61948 38 77 180 168 156715 3283 57 		 
201212192207 부산광역시 부산진구 214384 159656 344 95792 63045 39 78 185 173 159312 2606 58 		 
201212192208 부산광역시 부산진구 217261 161825 350 97014 63978 39 81 188 175 161475 2169 59 		 
201212192209 부산광역시 부산진구 219458 163379 355 98042 64491 40 82 189 180 163024 1554 60 		 
201212192211 부산광역시 부산진구 221311 164720 361 98993 64873 40 82 189 182 164359 1341 61 		 
201212192212 부산광역시 부산진구 224319 167237 366 100391 65983 40 82 192 183 166871 2517 62 		 
201212192213 부산광역시 부산진구 228028 170337 373 102092 67370 40 82 197 183 169964 3100 63 		 
201212192214 부산광역시 부산진구 232196 173379 382 103877 68613 41 82 201 183 172997 3042 64 		 
201212192215 부산광역시 부산진구 235313 175988 385 105301 69793 41 82 202 184 175603 2609 65 		 
201212192219 부산광역시 부산진구 239596 179327 395 107250 71161 41 85 207 188 178932 3339 66 		 
201212192222 부산광역시 부산진구 243347 182248 407 108995 72321 41 86 209 189 181841 2921 67 		 
201212192223 부산광역시 부산진구 246205 184626 413 110239 73442 42 87 213 190 184213 2378 68 		 
201212192224 부산광역시 부산진구 249916 187728 416 111650 75123 42 89 215 193 187312 3102 69 		 
201212192227 부산광역시 부산진구 254337 191365 425 113633 76756 45 89 221 196 190940 3637 70 		 
201212192228 부산광역시 부산진구 257478 193869 430 115178 77704 46 91 223 197 193439 2504 71 		 
201212192230 부산광역시 부산진구 262235 197633 436 116991 79644 47 93 225 197 197197 3764 72 		 
201212192232 부산광역시 부산진구 266738 200718 445 118597 81106 49 93 227 201 200273 3085 73 		 
201212192233 부산광역시 부산진구 269261 202388 448 119684 81680 49 94 230 203 201940 1670 74 		 
201212192237 부산광역시 부산진구 273477 205382 453 121730 82614 50 96 233 206 204929 2994 75 		 
201212192239 부산광역시 부산진구 280774 210725 470 125032 84625 50 98 238 212 210255 5343 76 		 
201212192240 부산광역시 부산진구 284095 213325 475 126571 85666 51 98 246 218 212850 2600 77 		 
201212192241 부산광역시 부산진구 288528 217059 479 128687 87274 52 98 249 220 216580 3734 78 		 
201212192243 부산광역시 부산진구 291916 219550 486 130301 88136 53 100 251 223 219064 2491 79 		 
201212192244 부산광역시 부산진구 299581 226671 588 133611 91785 62 109 268 248 226083 7121 80 		 
201212192246 부산광역시 부산진구 304984 230825 596 136006 93528 64 109 270 252 230229 4154 81 		 
201212192247 부산광역시 부산진구 308501 233540 602 137665 94573 64 110 272 254 232938 2715 82 		 
201212192248 부산광역시 부산진구 312436 236350 609 139566 95462 66 114 275 258 235741 2810 83 		 
201212192249 부산광역시 부산진구 315800 239064 613 141135 96599 66 114 278 259 238451 2714 84 		 
201212192250 부산광역시 부산진구 320190 242215 618 143178 97692 67 115 283 262 241597 3151 85 		 
201212192251 부산광역시 부산진구 325380 246268 630 145496 99407 67 117 288 263 245638 4053 86 		 
201212192258 부산광역시 부산진구 328421 248245 635 146883 99987 68 118 289 265 247610 1977 87 		 
