Time AreaA AreaB Total TotalA Invalid VoteA VoteB VoteC VoteD VoteE VoteF TotalB Diff Count
201212191943 부산광역시 수영구 2564 2101 2 1285 806 1 0 7 0 2099 2101 1 		 
201212191947 부산광역시 수영구 5172 4006 5 2498 1487 1 3 11 1 4001 1905 2 		 
201212191950 부산광역시 수영구 9135 7240 9 4399 2804 2 5 16 5 7231 3234 3 		 
201212191953 부산광역시 수영구 11396 8973 12 5541 3389 3 5 17 6 8961 1733 4 		 
201212191955 부산광역시 수영구 14719 11653 15 7146 4457 3 5 21 6 11638 2680 5 		 
201212191956 부산광역시 수영구 17983 14203 20 8733 5410 3 7 24 6 14183 2550 6 		 
201212191957 부산광역시 수영구 20609 16101 25 9949 6086 3 7 24 7 16076 1898 7 		 
201212191958 부산광역시 수영구 24857 19228 28 11856 7298 3 8 26 9 19200 3127 8 		 
201212191959 부산광역시 수영구 27945 21640 34 13428 8127 3 9 28 11 21606 2412 9 		 
201212192000 부산광역시 수영구 32511 25096 43 15685 9309 3 9 36 11 25053 3456 10 		 
201212192003 부산광역시 수영구 36259 27983 47 17555 10320 3 9 36 13 27936 2887 11 		 
201212192005 부산광역시 수영구 39891 30654 53 19249 11283 3 11 41 14 30601 2671 12 		 
201212192008 부산광역시 수영구 42698 32933 59 20717 12080 4 12 47 14 32874 2279 13 		 
201212192011 부산광역시 수영구 45646 35228 67 22134 12939 5 15 52 16 35161 2295 14 		 
201212192013 부산광역시 수영구 49856 38212 74 23868 14173 6 17 56 18 38138 2984 15 		 
201212192021 부산광역시 수영구 52779 40281 86 25252 14837 6 17 62 21 40195 2069 16 		 
201212192022 부산광역시 수영구 56182 42889 87 26876 15810 7 19 67 23 42802 2608 17 		 
201212192028 부산광역시 수영구 58755 44795 91 28089 16496 8 19 68 24 44704 1906 18 		 
201212192033 부산광역시 수영구 62932 47895 96 29941 17734 9 19 71 25 47799 3100 19 		 
201212192034 부산광역시 수영구 65756 50035 99 31369 18439 10 19 73 26 49936 2140 20 		 
201212192044 부산광역시 수영구 72258 54975 113 34525 20194 11 20 81 31 54862 4940 21 		 
201212192045 부산광역시 수영구 75882 57985 120 36321 21386 14 23 87 34 57865 3010 22 		 
201212192046 부산광역시 수영구 79277 60329 125 37691 22351 15 23 87 37 60204 2344 23 		 
201212192053 부산광역시 수영구 83135 63227 133 39504 23415 16 24 93 42 63094 2898 24 		 
201212192055 부산광역시 수영구 87147 66397 139 41321 24752 16 26 100 43 66258 3170 25 		 
201212192105 부산광역시 수영구 90946 69189 150 43043 25802 17 26 104 47 69039 2792 26 		 
201212192109 부산광역시 수영구 94403 71786 153 44597 26831 19 28 109 49 71633 2597 27 		 
201212192110 부산광역시 수영구 99032 75027 158 46665 27996 19 28 112 49 74869 3241 28 		 
201212192114 부산광역시 수영구 102777 77738 163 48441 28920 19 29 116 50 77575 2711 29 		 
201212192120 부산광역시 수영구 107917 81689 166 50926 30373 19 29 123 53 81523 3951 30 		 
201212192121 부산광역시 수영구 110434 83597 172 52168 31029 19 29 124 56 83425 1908 31 		 
201212192123 부산광역시 수영구 113547 85950 177 53590 31947 19 30 127 60 85773 2353 32 		 
201212192129 부산광역시 수영구 117286 88810 183 55311 33070 19 32 130 65 88627 2860 33 		 
201212192132 부산광역시 수영구 120036 90893 185 56662 33798 20 33 130 65 90708 2083 34 		 
201212192134 부산광역시 수영구 123384 93448 190 58289 34715 21 33 134 66 93258 2555 35 		 
201212192135 부산광역시 수영구 127026 96389 193 60157 35780 21 33 138 67 96196 2941 36 		 
201212192155 부산광역시 수영구 133099 101056 205 63090 37485 22 38 146 70 100851 4667 37 		 
201212192159 부산광역시 수영구 136706 103801 215 64799 38503 22 40 151 71 103586 2745 38 		 
201212192201 부산광역시 수영구 140445 106837 220 66432 39892 23 41 154 75 106617 3036 39 		 
201212192202 부산광역시 수영구 144192 109663 226 68226 40911 24 41 159 76 109437 2826 40 		 
201212192207 부산광역시 수영구 145172 110350 233 68523 41291 25 41 159 78 110117 687 41 		 
201212192215 부산광역시 수영구 148960 113856 276 70198 43059 28 41 166 88 113580 3506 42 		 
