Time AreaA AreaB Total TotalA Invalid VoteA VoteB VoteC VoteD VoteE VoteF TotalB Diff Count
201212191958 부산광역시 북구 922 639 7 235 397 0 0 0 0 632 639 1 		 
201212192031 부산광역시 북구 4324 3136 15 1785 1332 0 1 0 3 3121 2497 2 		 
201212192034 부산광역시 북구 6969 5053 21 3000 2025 1 1 0 5 5032 1917 3 		 
201212192045 부산광역시 북구 8918 6372 26 3800 2534 1 1 1 9 6346 1319 4 		 
201212192054 부산광역시 북구 13088 9679 32 5753 3870 1 5 7 11 9647 3307 5 		 
201212192101 부산광역시 북구 19709 14737 44 8704 5952 2 9 9 17 14693 5058 6 		 
201212192105 부산광역시 북구 23447 17482 52 10391 6989 3 15 11 21 17430 2745 7 		 
201212192110 부산광역시 북구 26125 19692 54 11508 8073 4 17 12 24 19638 2210 8 		 
201212192114 부산광역시 북구 30248 22817 63 13313 9373 6 20 15 27 22754 3125 9 		 
201212192115 부산광역시 북구 34340 25555 74 15040 10365 6 20 17 33 25481 2738 10 		 
201212192118 부산광역시 북구 37359 27656 81 16488 11001 6 21 21 38 27575 2101 11 		 
201212192120 부산광역시 북구 41446 30690 90 18320 12184 6 22 26 42 30600 3034 12 		 
201212192125 부산광역시 북구 44742 33000 95 19668 13137 6 23 26 45 32905 2310 13 		 
201212192127 부산광역시 북구 48357 35812 105 21264 14335 9 23 29 47 35707 2812 14 		 
201212192129 부산광역시 북구 52783 39493 110 23277 15987 9 24 36 50 39383 3681 15 		 
201212192132 부산광역시 북구 55105 41457 113 24310 16913 10 24 37 50 41344 1964 16 		 
201212192135 부산광역시 북구 58421 43794 117 25700 17848 10 25 40 54 43677 2337 17 		 
201212192151 부산광역시 북구 61436 46023 124 26995 18765 12 26 42 59 45899 2229 18 		 
201212192152 부산광역시 북구 67742 50924 151 30009 20596 14 32 52 70 50773 4901 19 		 
201212192155 부산광역시 북구 70676 53141 158 31250 21562 15 32 54 70 52983 2217 20 		 
201212192202 부산광역시 북구 72647 54625 163 32258 22030 15 33 56 70 54462 1484 21 		 
201212192204 부산광역시 북구 75929 57360 168 33740 23273 15 34 59 71 57192 2735 22 		 
201212192207 부산광역시 북구 79088 59679 171 35142 24184 15 35 61 71 59508 2319 23 		 
201212192211 부산광역시 북구 82643 62233 178 36621 25248 15 35 62 74 62055 2554 24 		 
201212192215 부산광역시 북구 84340 63482 181 37321 25793 15 35 63 74 63301 1249 25 		 
201212192217 부산광역시 북구 88248 66585 195 39285 26908 16 40 65 76 66390 3103 26 		 
201212192220 부산광역시 북구 91585 69289 200 40920 27964 16 42 68 79 69089 2704 27 		 
201212192221 부산광역시 북구 95526 72100 207 42538 29143 16 42 72 82 71893 2811 28 		 
201212192225 부산광역시 북구 98370 74232 211 43861 29939 16 42 76 87 74021 2132 29 		 
201212192226 부산광역시 북구 101270 76493 214 45137 30917 16 42 77 90 76279 2261 30 		 
201212192229 부산광역시 북구 105496 79939 218 47121 32363 16 44 83 94 79721 3446 31 		 
201212192232 부산광역시 북구 109109 82900 224 48749 33680 17 45 89 96 82676 2961 32 		 
201212192236 부산광역시 북구 113003 86087 232 50474 35125 19 48 89 100 85855 3187 33 		 
201212192237 부산광역시 북구 117040 89478 238 52153 36822 19 51 95 100 89240 3391 34 		 
201212192238 부산광역시 북구 119344 91285 248 53104 37661 19 53 100 100 91037 1807 35 		 
201212192240 부산광역시 북구 123110 94372 251 54890 38952 19 53 105 102 94121 3087 36 		 
201212192243 부산광역시 북구 127219 97790 259 56541 40706 20 53 107 104 97531 3418 37 		 
201212192245 부산광역시 북구 130166 99971 263 57839 41575 21 55 112 106 99708 2181 38 		 
201212192253 부산광역시 북구 133735 102752 272 59358 42817 22 56 119 108 102480 2781 39 		 
201212192256 부산광역시 북구 137212 105589 284 60983 44008 22 56 125 111 105305 2837 40 		 
201212192300 부산광역시 북구 141158 108606 293 62728 45266 22 56 127 114 108313 3017 41 		 
201212192303 부산광역시 북구 144351 111087 298 64099 46360 22 57 135 116 110789 2481 42 		 
201212192308 부산광역시 북구 146920 112975 302 65246 47084 25 58 139 121 112673 1888 43 		 
201212192309 부산광역시 북구 150712 116093 305 66849 48585 27 60 144 123 115788 3118 44 		 
201212192311 부산광역시 북구 153416 118429 308 68135 49628 27 61 147 123 118121 2336 45 		 
201212192313 부산광역시 북구 157716 121971 314 70097 51193 27 61 152 127 121657 3542 46 		 
201212192316 부산광역시 북구 160557 124055 319 71398 51965 27 62 153 131 123736 2084 47 		 
201212192318 부산광역시 북구 163234 126220 321 72539 52981 27 63 157 132 125899 2165 48 		 
201212192319 부산광역시 북구 166783 129089 325 74071 54304 28 64 164 133 128764 2869 49 		 
201212192320 부산광역시 북구 171176 132746 332 76014 56002 28 65 171 134 132414 3657 50 		 
201212192323 부산광역시 북구 174858 135545 341 77630 57169 29 66 173 137 135204 2799 51 		 
201212192326 부산광역시 북구 177791 137989 343 78913 58324 30 67 175 137 137646 2444 52 		 
201212192329 부산광역시 북구 180005 139670 353 79927 58972 32 69 178 139 139317 1681 53 		 
201212192334 부산광역시 북구 183252 142480 363 81440 60251 33 70 183 140 142117 2810 54 		 
201212192341 부산광역시 북구 186274 144779 369 82705 61272 34 71 185 143 144410 2299 55 		 
201212192342 부산광역시 북구 189078 147119 375 83939 62365 34 73 187 146 146744 2340 56 		 
201212192351 부산광역시 북구 194152 151309 379 86276 64208 34 74 190 148 150930 4190 57 		 
201212192352 부산광역시 북구 196431 153024 384 87309 64882 34 75 192 148 152640 1715 58 		 
201212192354 부산광역시 북구 199660 155405 388 88720 65846 34 75 193 149 155017 2381 59 		 
201212192356 부산광역시 북구 201822 156925 399 89570 66502 34 75 194 151 156526 1520 60 		 
201212192359 부산광역시 북구 205374 159665 404 91099 67700 34 77 199 152 159261 2740 61 		 
201212200003 부산광역시 북구 208725 162225 408 92550 68799 34 77 203 154 161817 2560 62 		 
201212200006 부산광역시 북구 211885 164555 413 93958 69714 34 78 203 155 164142 2330 63 		 
201212200007 부산광역시 북구 218492 169737 426 96937 71887 35 80 207 165 169311 5182 64 		 
201212200016 부산광역시 북구 222743 173007 429 98903 73178 36 81 212 168 172578 3270 65 		 
201212200021 부산광역시 북구 227724 176971 435 100988 75042 36 82 218 170 176536 3964 66 		 
201212200022 부산광역시 북구 230610 179119 442 102311 75852 36 82 220 176 178677 2148 67 		 
201212200024 부산광역시 북구 233746 181607 452 103724 76910 38 82 222 179 181155 2488 68 		 
201212200025 부산광역시 북구 236725 183848 457 105174 77686 39 84 225 183 183391 2241 69 		 
201212200026 부산광역시 북구 239856 186410 463 106601 78811 39 86 226 184 185947 2562 70 		 
201212200031 부산광역시 북구 246770 192913 562 109675 82081 45 98 248 204 192351 6503 71 		 
201212200056 부산광역시 북구 250964 196487 566 111611 83710 45 99 251 205 195921 3574 72 		 
