Time AreaA AreaB Total TotalA Invalid VoteA VoteB VoteC VoteD VoteE VoteF TotalB Diff Count
201212191953 부산광역시 금정구 954 710 0 496 212 0 1 1 0 710 710 1 		 
201212191957 부산광역시 금정구 4134 3117 5 2040 1062 0 5 3 2 3112 2407 2 		 
201212192001 부산광역시 금정구 7438 5720 7 3586 2110 1 6 7 3 5713 2603 3 		 
201212192003 부산광역시 금정구 11632 8760 13 5515 3210 2 6 7 7 8747 3040 4 		 
201212192015 부산광역시 금정구 16779 12658 26 7948 4651 2 7 14 10 12632 3898 5 		 
201212192017 부산광역시 금정구 20922 15973 29 10166 5733 3 9 16 17 15944 3315 6 		 
201212192023 부산광역시 금정구 25197 19508 47 12143 7266 3 10 21 18 19461 3535 7 		 
201212192024 부산광역시 금정구 28959 22604 54 14110 8382 4 10 25 19 22550 3096 8 		 
201212192025 부산광역시 금정구 32037 24944 59 15637 9180 5 11 33 19 24885 2340 9 		 
201212192028 부산광역시 금정구 34397 26718 69 16764 9811 7 11 35 21 26649 1774 10 		 
201212192030 부산광역시 금정구 40544 31468 85 19778 11509 10 14 44 28 31383 4750 11 		 
201212192031 부산광역시 금정구 44399 34321 94 21536 12587 11 14 48 31 34227 2853 12 		 
201212192037 부산광역시 금정구 46824 36172 104 22899 13058 11 14 49 37 36068 1851 13 		 
201212192038 부산광역시 금정구 53834 41827 113 26103 15488 12 15 55 41 41714 5655 14 		 
201212192039 부산광역시 금정구 57586 44901 118 27996 16658 12 16 60 41 44783 3074 15 		 
201212192040 부산광역시 금정구 64566 50250 134 31234 18736 15 19 69 43 50116 5349 16 		 
201212192041 부산광역시 금정구 67701 52380 137 32641 19447 16 22 70 47 52243 2130 17 		 
201212192043 부산광역시 금정구 72109 55644 143 34776 20554 18 24 77 52 55501 3264 18 		 
201212192048 부산광역시 금정구 76168 58917 151 36724 21862 18 26 80 56 58766 3273 19 		 
201212192057 부산광역시 금정구 78775 60869 158 37951 22576 18 26 83 57 60711 1952 20 		 
201212192114 부산광역시 금정구 82947 64292 162 40009 23928 21 29 84 59 64130 3423 21 		 
201212192117 부산광역시 금정구 87835 68179 167 42297 25513 23 29 90 60 68012 3887 22 		 
201212192118 부산광역시 금정구 91795 71589 173 44244 26960 23 30 98 61 71416 3410 23 		 
201212192119 부산광역시 금정구 96063 75174 181 46352 28420 23 31 104 63 74993 3585 24 		 
201212192124 부산광역시 금정구 99298 77632 185 47873 29349 23 32 104 66 77447 2458 25 		 
201212192129 부산광역시 금정구 102716 80179 193 49242 30508 23 35 107 71 79986 2547 26 		 
201212192133 부산광역시 금정구 106901 83451 200 51275 31733 24 36 109 74 83251 3272 27 		 
201212192149 부산광역시 금정구 111330 87245 206 53825 32966 24 36 112 76 87039 3794 28 		 
201212192151 부산광역시 금정구 115449 90454 213 55745 34241 25 36 116 78 90241 3209 29 		 
201212192152 부산광역시 금정구 118602 92828 218 57130 35218 25 37 120 80 92610 2374 30 		 
201212192153 부산광역시 금정구 124466 98251 280 59677 37987 32 46 131 98 97971 5423 31 		 
201212192155 부산광역시 금정구 126923 100018 290 60855 38557 32 47 134 103 99728 1767 32 		 
201212192156 부산광역시 금정구 130893 103010 297 62789 39598 33 48 138 107 102713 2992 33 		 
201212192157 부산광역시 금정구 133614 105141 309 63995 40504 33 49 141 110 104832 2131 34 		 
201212192159 부산광역시 금정구 137543 108194 319 65936 41595 34 51 146 113 107875 3053 35 		 
201212192200 부산광역시 금정구 140875 110661 329 67521 42459 34 52 148 118 110332 2467 36 		 
201212192208 부산광역시 금정구 147238 115164 346 70349 44101 36 53 155 124 114818 4503 37 		 
201212192209 부산광역시 금정구 149667 116972 349 71548 44697 38 55 158 127 116623 1808 38 		 
201212192210 부산광역시 금정구 152412 118849 352 72749 45365 38 56 158 131 118497 1877 39 		 
201212192211 부산광역시 금정구 155937 121736 355 74253 46737 38 56 165 132 121381 2887 40 		 
201212192212 부산광역시 금정구 159028 123953 359 75700 47494 38 58 168 136 123594 2217 41 		 
201212192213 부산광역시 금정구 162932 126960 364 77428 48756 39 58 176 139 126596 3007 42 		 
201212192214 부산광역시 금정구 165365 128833 370 78573 49475 39 59 177 140 128463 1873 43 		 
201212192215 부산광역시 금정구 171673 133677 383 81653 51208 43 62 183 145 133294 4844 44 		 
201212192216 부산광역시 금정구 174449 135824 387 83041 51957 43 63 185 148 135437 2147 45 		 
201212192217 부산광역시 금정구 175542 136611 394 83339 52437 43 63 186 149 136217 787 46 		 
201212192223 부산광역시 금정구 179404 139262 401 85059 53346 43 65 193 155 138861 2651 47 		 
201212192224 부산광역시 금정구 182512 141660 404 86536 54260 43 67 195 155 141256 2398 48 		 
201212192225 부산광역시 금정구 185863 144055 413 88040 55138 44 67 195 158 143642 2395 49 		 
201212192226 부산광역시 금정구 186877 144893 418 88600 55410 44 68 195 158 144475 838 50 		 
201212192233 부산광역시 금정구 191048 148429 423 90688 56840 44 69 206 159 148006 3536 51 		 
201212192241 부산광역시 금정구 193910 150363 428 91997 57448 45 69 211 165 149935 1934 52 		 
201212192243 부산광역시 금정구 197386 153091 430 93432 58726 46 71 216 170 152661 2728 53 		 
201212192244 부산광역시 금정구 200246 155281 440 94787 59542 46 72 223 171 154841 2190 54 		 
201212192245 부산광역시 금정구 203989 158147 452 96510 60668 47 73 225 172 157695 2866 55 		 
201212192255 부산광역시 금정구 208446 161613 464 98619 62003 48 74 231 174 161149 3466 56 		 
201212192256 부산광역시 금정구 212193 164536 473 100400 63126 50 75 235 177 164063 2923 57 		 
