Time AreaA AreaB Total TotalA Invalid VoteA VoteB VoteC VoteD VoteE VoteF TotalB Diff Count
201212192015 부산광역시 해운대구 3134 2374 5 1473 890 0 1 5 0 2369 2374 1 		 
201212192025 부산광역시 해운대구 6452 4568 13 2766 1778 0 2 8 1 4555 2194 2 		 
201212192028 부산광역시 해운대구 9493 6912 15 4559 2323 0 2 11 2 6897 2344 3 		 
201212192029 부산광역시 해운대구 12866 9346 21 6181 3122 0 2 14 6 9325 2434 4 		 
201212192035 부산광역시 해운대구 17678 13073 26 8669 4346 1 4 20 7 13047 3727 5 		 
201212192041 부산광역시 해운대구 21004 15455 35 10231 5146 2 5 24 12 15420 2382 6 		 
201212192045 부산광역시 해운대구 24777 18503 36 12145 6268 2 8 29 15 18467 3048 7 		 
201212192046 부산광역시 해운대구 28024 20682 41 13487 7094 2 9 33 16 20641 2179 8 		 
201212192047 부산광역시 해운대구 30335 22585 46 14547 7927 2 9 37 17 22539 1903 9 		 
201212192051 부산광역시 해운대구 39031 29536 55 18669 10728 2 10 49 23 29481 6951 10 		 
201212192052 부산광역시 해운대구 45780 34395 71 21891 12339 3 11 53 27 34324 4859 11 		 
201212192056 부산광역시 해운대구 47832 35857 80 22813 12866 6 11 54 27 35777 1462 12 		 
201212192058 부산광역시 해운대구 52105 39155 89 24854 14109 6 11 58 28 39066 3298 13 		 
201212192059 부산광역시 해운대구 56368 42473 93 26806 15458 6 11 66 33 42380 3318 14 		 
201212192100 부산광역시 해운대구 59230 44445 104 28107 16113 6 11 68 36 44341 1972 15 		 
201212192106 부산광역시 해운대구 62361 46789 110 29660 16894 6 11 72 36 46679 2344 16 		 
201212192108 부산광역시 해운대구 64371 48137 115 30233 17658 6 13 75 37 48022 1348 17 		 
201212192109 부산광역시 해운대구 67255 50212 121 31602 18351 6 14 80 38 50091 2075 18 		 
201212192111 부산광역시 해운대구 71133 53350 129 33423 19650 6 15 87 40 53221 3138 19 		 
201212192117 부산광역시 해운대구 74292 55948 136 35081 20579 6 15 89 42 55812 2598 20 		 
201212192120 부산광역시 해운대구 78091 58770 144 36807 21662 6 15 92 44 58626 2822 21 		 
201212192122 부산광역시 해운대구 80557 60428 154 37861 22249 6 17 92 49 60274 1658 22 		 
201212192123 부산광역시 해운대구 83881 63187 161 39481 23374 6 17 98 50 63026 2759 23 		 
201212192125 부산광역시 해운대구 87965 66520 166 41520 24644 6 21 107 56 66354 3333 24 		 
201212192127 부산광역시 해운대구 92420 69843 170 43468 26003 6 22 115 59 69673 3323 25 		 
201212192129 부산광역시 해운대구 95726 72496 178 45029 27081 6 23 120 59 72318 2653 26 		 
201212192136 부산광역시 해운대구 99610 75669 181 46889 28378 6 23 131 61 75488 3173 27 		 
201212192148 부산광역시 해운대구 104153 79010 186 48938 29658 6 23 137 62 78824 3341 28 		 
201212192150 부산광역시 해운대구 108568 82041 197 50977 30628 6 24 144 65 81844 3031 29 		 
201212192151 부산광역시 해운대구 112038 84815 202 52515 31850 7 25 150 66 84613 2774 30 		 
201212192153 부산광역시 해운대구 116378 88146 207 54512 33171 9 26 154 67 87939 3331 31 		 
201212192157 부산광역시 해운대구 118813 89829 212 55565 33788 9 28 156 71 89617 1683 32 		 
201212192158 부산광역시 해운대구 122070 92197 224 57081 34620 9 29 161 73 91973 2368 33 		 
201212192159 부산광역시 해운대구 124280 94029 226 58192 35332 9 30 167 73 93803 1832 34 		 
201212192212 부산광역시 해운대구 127995 97046 233 59825 36699 10 30 176 73 96813 3017 35 		 
201212192213 부산광역시 해운대구 132749 100748 238 61988 38222 10 30 185 75 100510 3702 36 		 
201212192214 부산광역시 해운대구 138228 104263 248 64270 39437 10 30 189 79 104015 3515 37 		 
201212192215 부산광역시 해운대구 140227 105644 255 65149 39927 10 30 191 82 105389 1381 38 		 
201212192218 부산광역시 해운대구 144591 109253 264 67261 41410 10 30 194 84 108989 3609 39 		 
201212192224 부산광역시 해운대구 147602 111468 271 68641 42231 10 33 196 86 111197 2215 40 		 
201212192229 부산광역시 해운대구 152845 115602 287 71174 43799 13 35 204 90 115315 4134 41 		 
201212192231 부산광역시 해운대구 156166 118074 290 72674 44760 13 35 210 92 117784 2472 42 		 
201212192232 부산광역시 해운대구 158921 119992 293 73742 45602 13 36 214 92 119699 1918 43 		 
201212192236 부산광역시 해운대구 163304 123375 295 76072 46646 14 37 217 94 123080 3383 44 		 
201212192237 부산광역시 해운대구 166961 126396 301 77884 47839 15 39 222 96 126095 3021 45 		 
201212192241 부산광역시 해운대구 169609 128615 304 79046 48885 15 39 228 98 128311 2219 46 		 
201212192245 부산광역시 해운대구 172945 131402 311 80560 50145 15 40 231 100 131091 2787 47 		 
201212192248 부산광역시 해운대구 176336 134166 319 82153 51297 15 41 237 104 133847 2764 48 		 
201212192253 부산광역시 해운대구 180324 137244 326 84055 52458 15 42 242 106 136918 3078 49 		 
201212192300 부산광역시 해운대구 183857 140122 332 85722 53654 17 42 245 110 139790 2878 50 		 
201212192301 부산광역시 해운대구 188739 143640 339 87995 54882 18 43 251 112 143301 3518 51 		 
201212192303 부산광역시 해운대구 192418 146651 344 89569 56309 18 44 255 112 146307 3011 52 		 
201212192305 부산광역시 해운대구 195983 149279 346 91208 57291 19 45 255 115 148933 2628 53 		 
201212192316 부산광역시 해운대구 199015 151480 356 92488 58200 19 46 256 115 151124 2201 54 		 
201212192327 부산광역시 해운대구 202111 153665 360 93873 58990 19 47 258 118 153305 2185 55 		 
201212192330 부산광역시 해운대구 205855 156479 363 95552 60115 19 48 261 121 156116 2814 56 		 
201212192331 부산광역시 해운대구 209400 159225 366 97202 61203 20 48 262 124 158859 2746 57 		 
201212192332 부산광역시 해운대구 212719 161854 370 98655 62369 20 48 267 125 161484 2629 58 		 
201212192333 부산광역시 해운대구 215885 164124 378 100031 63250 22 48 269 126 163746 2270 59 		 
201212192336 부산광역시 해운대구 218145 165680 387 100985 63838 23 49 271 127 165293 1556 60 		 
201212192339 부산광역시 해운대구 218615 166025 388 101233 63932 24 49 271 128 165637 345 61 		 
201212192340 부산광역시 해운대구 223113 169325 395 103162 65289 25 50 272 132 168930 3300 62 		 
201212192344 부산광역시 해운대구 229196 174003 401 105825 67279 29 51 282 136 173602 4678 63 		 
201212192345 부산광역시 해운대구 232133 176075 403 107202 67965 30 51 284 140 175672 2072 64 		 
201212192346 부산광역시 해운대구 233841 177439 405 107931 68596 30 51 285 141 177034 1364 65 		 
201212192347 부산광역시 해운대구 236802 179548 409 109193 69429 32 52 289 144 179139 2109 66 		 
201212192356 부산광역시 해운대구 239826 181657 418 110547 70169 33 52 292 146 181239 2109 67 		 
201212192357 부산광역시 해운대구 242897 183833 422 111858 71026 33 54 294 146 183411 2176 68 		 
201212192358 부산광역시 해운대구 245482 185727 431 113170 71594 33 55 294 150 185296 1894 69 		 
201212200004 부산광역시 해운대구 249082 188731 437 114696 73060 33 55 299 151 188294 3004 70 		 
201212200005 부산광역시 해운대구 254273 192917 437 117075 74850 33 56 314 152 192480 4186 71 		 
201212200006 부산광역시 해운대구 258194 195987 445 118780 76193 35 60 317 157 195542 3070 72 		 
201212200008 부산광역시 해운대구 261018 198067 452 119964 77077 35 60 318 161 197615 2080 73 		 
201212200010 부산광역시 해운대구 264520 200537 458 121516 77983 36 62 319 163 200079 2470 74 		 
201212200011 부산광역시 해운대구 267174 202559 466 122725 78781 36 64 323 164 202093 2022 75 		 
201212200017 부산광역시 해운대구 271651 206190 471 124953 80171 37 65 328 165 205719 3631 76 		 
201212200021 부산광역시 해운대구 274862 208574 477 126440 81056 39 66 329 167 208097 2384 77 		 
201212200026 부산광역시 해운대구 277491 210763 481 127609 82065 39 66 336 167 210282 2189 78 		 
201212200030 부산광역시 해운대구 279815 212402 484 128641 82664 40 66 338 169 211918 1639 79 		 
201212200031 부산광역시 해운대구 283396 214915 489 130074 83728 41 67 343 173 214426 2513 80 		 
201212200035 부산광역시 해운대구 287738 218269 492 132003 85139 41 68 352 174 217777 3354 81 		 
201212200036 부산광역시 해운대구 291392 220818 494 133520 86159 42 69 358 176 220324 2549 82 		 
201212200038 부산광역시 해운대구 295752 224359 503 135765 87438 42 69 365 177 223856 3541 83 		 
201212200041 부산광역시 해운대구 299019 227100 509 137269 88659 43 71 368 181 226591 2741 84 		 
201212200042 부산광역시 해운대구 302631 229872 519 138881 89802 43 72 373 182 229353 2772 85 		 
201212200043 부산광역시 해운대구 305846 232404 522 140184 91020 43 74 375 186 231882 2532 86 		 
201212200045 부산광역시 해운대구 309148 234962 522 141675 92082 44 74 378 187 234440 2558 87 		 
201212200047 부산광역시 해운대구 313011 237854 526 143432 93201 45 74 385 191 237328 2892 88 		 
201212200048 부산광역시 해운대구 315930 239703 532 144609 93861 45 74 389 193 239171 1849 89 		 
201212200052 부산광역시 해운대구 319166 242443 537 146122 95073 46 76 394 195 241906 2740 90 		 
201212200105 부산광역시 해운대구 323328 245772 549 147953 96543 47 76 404 200 245223 3329 91 		 
201212200112 부산광역시 해운대구 326326 248138 553 149333 97519 48 76 407 202 247585 2366 92 		 
201212200124 부산광역시 해운대구 331398 251578 554 151209 99068 48 76 417 206 251024 3440 93 		 
201212200257 부산광역시 해운대구 340520 260066 686 155263 103287 53 93 443 241 259380 8488 94 		 
