Time AreaA AreaB Total TotalA Invalid VoteA VoteB VoteC VoteD VoteE VoteF TotalB Diff Count
201212192005 부산광역시 사상구 2932 2147 10 1384 740 2 0 5 6 2137 2147 1 		 
201212192007 부산광역시 사상구 6428 5023 19 2893 2090 2 0 10 9 5004 2876 2 		 
201212192008 부산광역시 사상구 9439 7245 28 4230 2958 6 0 11 12 7217 2222 3 		 
201212192010 부산광역시 사상구 12100 9226 32 5332 3825 7 1 12 17 9194 1981 4 		 
201212192013 부산광역시 사상구 15619 11704 40 6807 4813 7 1 16 20 11664 2478 5 		 
201212192014 부산광역시 사상구 19098 14344 44 8219 6027 7 4 21 22 14300 2640 6 		 
201212192017 부산광역시 사상구 23109 17496 46 9971 7407 11 7 27 27 17450 3152 7 		 
201212192019 부산광역시 사상구 27453 20990 53 11758 9096 11 8 30 34 20937 3494 8 		 
201212192020 부산광역시 사상구 30449 23026 59 12988 9889 11 8 35 36 22967 2036 9 		 
201212192025 부산광역시 사상구 34300 26002 66 14556 11288 11 8 36 37 25936 2976 10 		 
201212192026 부산광역시 사상구 37864 28812 72 16003 12641 11 8 38 39 28740 2810 11 		 
201212192028 부산광역시 사상구 41601 31705 77 17553 13972 11 9 42 41 31628 2893 12 		 
201212192029 부산광역시 사상구 45930 35301 84 19536 15570 13 12 43 43 35217 3596 13 		 
201212192045 부산광역시 사상구 49489 38138 91 21141 16787 14 12 47 46 38047 2837 14 		 
201212192046 부산광역시 사상구 52407 40407 99 22416 17769 15 12 48 48 40308 2269 15 		 
201212192047 부산광역시 사상구 55194 42428 108 23607 18582 15 13 50 53 42320 2021 16 		 
201212192053 부산광역시 사상구 58877 45007 117 25069 19686 15 13 52 55 44890 2579 17 		 
201212192057 부산광역시 사상구 62008 47562 122 26386 20912 16 13 54 59 47440 2555 18 		 
201212192108 부산광역시 사상구 65240 49939 130 27836 21824 17 14 57 61 49809 2377 19 		 
201212192115 부산광역시 사상구 69302 53167 137 29601 23271 17 16 60 65 53030 3228 20 		 
201212192118 부산광역시 사상구 72147 55243 142 30801 24141 17 16 60 66 55101 2076 21 		 
201212192120 부산광역시 사상구 75887 58046 143 32353 25380 18 16 66 70 57903 2803 22 		 
201212192129 부산광역시 사상구 77043 58883 145 32880 25681 19 17 67 74 58738 837 23 		 
201212192131 부산광역시 사상구 80914 61979 151 34403 27241 19 19 70 76 61828 3096 24 		 
201212192134 부산광역시 사상구 84042 64579 156 35796 28441 19 19 70 78 64423 2600 25 		 
201212192135 부산광역시 사상구 88442 68206 159 37687 30169 19 20 74 78 68047 3627 26 		 
201212192142 부산광역시 사상구 91909 70499 164 39064 31071 19 22 78 81 70335 2293 27 		 
201212192147 부산광역시 사상구 95432 73350 167 40636 32336 19 23 85 84 73183 2851 28 		 
201212192149 부산광역시 사상구 99370 76654 175 42228 34036 20 23 87 85 76479 3304 29 		 
201212192155 부산광역시 사상구 102052 78761 183 43374 34979 24 25 89 87 78578 2107 30 		 
201212192157 부산광역시 사상구 105697 81508 198 44966 36103 24 27 94 96 81310 2747 31 		 
201212192200 부산광역시 사상구 108459 83510 206 46041 37016 27 28 95 97 83304 2002 32 		 
201212192201 부산광역시 사상구 111906 85864 212 47458 37946 27 28 95 98 85652 2354 33 		 
201212192202 부산광역시 사상구 112606 86322 215 47586 38271 27 29 95 99 86107 458 34 		 
201212192209 부산광역시 사상구 116130 88572 222 48903 39194 29 29 96 99 88350 2250 35 		 
201212192212 부산광역시 사상구 118688 90397 223 50017 39899 30 29 99 100 90174 1825 36 		 
201212192214 부산광역시 사상구 121597 92337 226 51125 40718 30 29 100 109 92111 1940 37 		 
201212192219 부산광역시 사상구 123387 93559 229 51890 41168 30 31 101 110 93330 1222 38 		 
201212192221 부산광역시 사상구 126865 96138 239 53521 42097 31 31 104 115 95899 2579 39 		 
201212192222 부산광역시 사상구 129129 97777 245 54551 42695 31 32 106 117 97532 1639 40 		 
201212192224 부산광역시 사상구 132430 100157 254 56055 43558 31 34 106 119 99903 2380 41 		 
201212192232 부산광역시 사상구 135605 102550 260 57466 44532 31 34 107 120 102290 2393 42 		 
201212192236 부산광역시 사상구 138867 104837 265 58900 45369 33 35 110 125 104572 2287 43 		 
201212192238 부산광역시 사상구 142405 107457 271 60435 46438 35 35 114 129 107186 2620 44 		 
201212192240 부산광역시 사상구 145266 109709 280 61588 47523 35 36 115 132 109429 2252 45 		 
201212192248 부산광역시 사상구 149209 112701 289 63199 48887 35 37 118 136 112412 2992 46 		 
201212192258 부산광역시 사상구 153287 116006 295 64921 50460 35 38 120 137 115711 3305 47 		 
201212192301 부산광역시 사상구 155663 117745 299 65980 51130 36 38 121 141 117446 1739 48 		 
201212192303 부산광역시 사상구 159241 120575 304 67609 52321 36 38 122 145 120271 2830 49 		 
201212192304 부산광역시 사상구 161795 122300 310 68661 52983 36 39 123 148 121990 1725 50 		 
201212192305 부산광역시 사상구 165666 125334 316 70378 54287 36 40 128 149 125018 3034 51 		 
201212192307 부산광역시 사상구 169389 128283 322 71976 55626 37 40 131 151 127961 2949 52 		 
201212192317 부산광역시 사상구 173153 131216 329 73635 56892 37 40 131 152 130887 2933 53 		 
201212192323 부산광역시 사상구 175561 133046 336 74722 57623 38 40 132 155 132710 1830 54 		 
201212192335 부산광역시 사상구 183647 140275 416 78141 61311 46 50 142 169 139859 7229 55 		 
201212192337 부산광역시 사상구 186363 142107 422 79255 62019 46 51 143 171 141685 1832 56 		 
201212192342 부산광역시 사상구 189395 144376 428 80559 62975 46 52 143 173 143948 2269 57 		 
201212192344 부산광역시 사상구 192765 147097 433 82027 64212 47 53 147 178 146664 2721 58 		 
201212192345 부산광역시 사상구 195853 149506 436 83335 65304 48 54 149 180 149070 2409 59 		 
201212192346 부산광역시 사상구 198994 151803 447 84653 66268 48 54 153 180 151356 2297 60 		 
201212192347 부산광역시 사상구 202981 155087 453 86465 67726 48 55 158 182 154634 3284 61 		 
201212192352 부산광역시 사상구 206782 158295 455 88100 69288 49 55 162 186 157840 3208 62 		 
201212200004 부산광역시 사상구 206782 158296 456 88100 69288 49 55 162 186 157840 1 63 		 
