Time AreaA AreaB Total TotalA Invalid VoteA VoteB VoteC VoteD VoteE VoteF TotalB Diff Count
201212191946 부산광역시 남구 3368 2798 3 1578 1206 1 0 6 4 2795 2798 1 		 
201212191947 부산광역시 남구 5930 4667 5 2830 1819 1 0 6 6 4662 1869 2 		 
201212191949 부산광역시 남구 9424 7623 11 4568 3022 1 4 8 9 7612 2956 3 		 
201212191951 부산광역시 남구 12508 10071 16 6048 3976 1 5 11 14 10055 2448 4 		 
201212191954 부산광역시 남구 14895 11843 21 7142 4645 2 5 12 16 11822 1772 5 		 
201212191956 부산광역시 남구 18089 13900 26 8264 5571 2 5 13 19 13874 2057 6 		 
201212192011 부산광역시 남구 20259 15405 28 9273 6064 2 5 13 20 15377 1505 7 		 
201212192012 부산광역시 남구 23326 17904 29 10807 7026 3 5 13 21 17875 2499 8 		 
201212192013 부산광역시 남구 26388 20197 36 12249 7865 4 5 14 24 20161 2293 9 		 
201212192014 부산광역시 남구 29365 22377 40 13651 8635 4 5 15 27 22337 2180 10 		 
201212192015 부산광역시 남구 33015 25360 42 15333 9929 5 6 16 29 25318 2983 11 		 
201212192028 부산광역시 남구 35763 27264 44 16601 10556 6 6 19 32 27220 1904 12 		 
201212192030 부산광역시 남구 39855 30376 48 18481 11775 6 8 23 35 30328 3112 13 		 
201212192032 부산광역시 남구 43310 33060 55 20089 12840 6 9 25 36 33005 2684 14 		 
201212192035 부산광역시 남구 46188 35155 61 21456 13554 6 10 29 39 35094 2095 15 		 
201212192036 부산광역시 남구 49195 37599 67 22825 14617 8 10 32 40 37532 2444 16 		 
201212192042 부산광역시 남구 54382 41519 71 25164 16187 8 10 38 41 41448 3920 17 		 
201212192043 부산광역시 남구 58908 45227 74 27572 17479 8 11 42 41 45153 3708 18 		 
201212192044 부산광역시 남구 62230 47795 82 29063 18537 9 12 49 43 47713 2568 19 		 
201212192048 부산광역시 남구 65088 49781 89 30321 19253 9 13 50 46 49692 1986 20 		 
201212192050 부산광역시 남구 67147 51239 92 31315 19710 10 13 53 46 51147 1458 21 		 
201212192057 부산광역시 남구 68356 52049 95 31667 20162 11 13 55 46 51954 810 22 		 
201212192109 부산광역시 남구 72568 55305 100 33545 21527 11 15 60 47 55205 3256 23 		 
201212192110 부산광역시 남구 76003 58016 110 35185 22582 11 19 62 47 57906 2711 24 		 
201212192112 부산광역시 남구 78549 59844 115 36382 23202 12 20 64 49 59729 1828 25 		 
201212192114 부산광역시 남구 83893 64084 124 39161 24642 13 21 70 53 63960 4240 26 		 
201212192124 부산광역시 남구 88078 67456 132 41346 25816 13 23 73 53 67324 3372 27 		 
201212192125 부산광역시 남구 90344 69246 136 42366 26579 13 24 75 53 69110 1790 28 		 
201212192126 부산광역시 남구 94871 72936 145 44589 28029 13 24 83 53 72791 3690 29 		 
201212192154 부산광역시 남구 98229 75400 148 46062 29009 13 24 86 58 75252 2464 30 		 
201212192155 부산광역시 남구 102090 78312 160 47663 30296 14 25 91 63 78152 2912 31 		 
201212192156 부산광역시 남구 108719 83459 171 50787 32299 15 28 94 65 83288 5147 32 		 
201212192205 부산광역시 남구 112738 86399 179 52461 33552 16 29 96 66 86220 2940 33 		 
201212192206 부산광역시 남구 116811 89502 186 54355 34741 18 31 103 68 89316 3103 34 		 
201212192207 부산광역시 남구 121722 93172 194 56760 35989 18 33 106 72 92978 3670 35 		 
201212192211 부산광역시 남구 124443 95147 201 58015 36699 18 33 108 73 94946 1975 36 		 
201212192212 부산광역시 남구 133827 102288 217 62530 39287 19 35 116 84 102071 7141 37 		 
201212192217 부산광역시 남구 137846 105480 223 64382 40612 19 36 119 89 105257 3192 38 		 
201212192218 부산광역시 남구 144673 110693 235 67440 42741 24 37 121 95 110458 5213 39 		 
201212192222 부산광역시 남구 152533 116694 249 70760 45394 25 39 126 101 116445 6001 40 		 
201212192224 부산광역시 남구 155588 118919 251 72173 46197 26 39 128 105 118668 2225 41 		 
201212192225 부산광역시 남구 159040 121716 253 73652 47507 27 42 130 105 121463 2797 42 		 
201212192227 부산광역시 남구 161987 123895 255 75107 48221 28 44 133 107 123640 2179 43 		 
201212192229 부산광역시 남구 166121 127077 263 77062 49435 28 44 136 109 126814 3182 44 		 
201212192230 부산광역시 남구 169414 129720 263 78633 50500 29 45 140 110 129457 2643 45 		 
201212192233 부산광역시 남구 172773 132152 269 80219 51335 30 46 142 111 131883 2432 46 		 
201212192235 부산광역시 남구 176431 134923 273 81949 52360 30 48 146 117 134650 2771 47 		 
201212192236 부산광역시 남구 179689 137565 285 83513 53419 30 49 151 118 137280 2642 48 		 
201212192238 부산광역시 남구 186646 142678 296 86739 55272 30 52 162 127 142382 5113 49 		 
201212192243 부산광역시 남구 189777 145090 300 88160 56252 30 52 168 128 144790 2412 50 		 
201212192255 부산광역시 남구 194051 148541 306 90045 57798 31 53 175 133 148235 3451 51 		 
201212192258 부산광역시 남구 196164 150042 312 91084 58251 32 53 176 134 149730 1501 52 		 
201212192259 부산광역시 남구 199446 152651 320 92636 59298 32 53 178 134 152331 2609 53 		 
201212192306 부산광역시 남구 205507 158323 399 95490 61985 39 65 189 156 157924 5672 54 		 
201212192315 부산광역시 남구 209123 161105 403 97135 63105 39 67 194 162 160702 2782 55 		 
201212192316 부산광역시 남구 215907 166280 416 100369 65016 40 67 204 168 165864 5175 56 		 
201212192317 부산광역시 남구 219175 168840 423 101910 66023 40 67 207 170 168417 2560 57 		 
201212192318 부산광역시 남구 223477 172105 425 103901 67288 41 67 212 171 171680 3265 58 		 
201212192319 부산광역시 남구 227005 174725 432 105513 68281 42 68 216 173 174293 2620 59 		 
201212192320 부산광역시 남구 230070 176983 445 106982 69053 42 70 217 174 176538 2258 60 		 
201212192325 부산광역시 남구 232129 178528 455 107948 69620 42 70 219 174 178073 1545 61 		 
201212192326 부산광역시 남구 240343 184999 470 111763 72244 44 72 226 180 184529 6471 62 		 
