Time AreaA AreaB Total TotalA Invalid VoteA VoteB VoteC VoteD VoteE VoteF TotalB Diff Count
201212192003 부산광역시 연제구 2275 1793 3 976 808 0 1 4 1 1790 1793 1 		 
201212192004 부산광역시 연제구 4446 3437 5 1981 1442 0 1 6 2 3432 1644 2 		 
201212192016 부산광역시 연제구 11318 9246 17 5102 4101 0 1 22 3 9229 5809 3 		 
201212192019 부산광역시 연제구 14432 11614 23 6671 4886 1 2 27 4 11591 2368 4 		 
201212192021 부산광역시 연제구 17699 14167 28 8191 5906 2 2 31 7 14139 2553 5 		 
201212192025 부산광역시 연제구 21820 17655 32 10270 7304 2 2 36 9 17623 3488 6 		 
201212192030 부산광역시 연제구 24189 19462 38 11311 8061 3 2 37 10 19424 1807 7 		 
201212192044 부산광역시 연제구 28144 22815 44 13193 9518 3 3 44 10 22771 3353 8 		 
201212192045 부산광역시 연제구 32349 26199 49 15271 10809 4 4 47 15 26150 3384 9 		 
201212192046 부산광역시 연제구 36161 29263 51 17005 12126 5 5 53 18 29212 3064 10 		 
201212192051 부산광역시 연제구 42620 34452 61 20156 14140 5 5 65 20 34391 5189 11 		 
201212192052 부산광역시 연제구 46316 37450 69 21983 15297 6 7 68 20 37381 2998 12 		 
201212192102 부산광역시 연제구 49647 39899 74 23499 16217 6 8 71 24 39825 2449 13 		 
201212192103 부산광역시 연제구 53027 42669 83 25214 17254 6 10 75 27 42586 2770 14 		 
201212192111 부산광역시 연제구 55895 44934 85 26647 18078 6 12 79 27 44849 2265 15 		 
201212192112 부산광역시 연제구 59080 47355 89 28115 19024 7 12 80 28 47266 2421 16 		 
201212192114 부산광역시 연제구 62205 49717 92 29719 19767 7 15 84 33 49625 2362 17 		 
201212192115 부산광역시 연제구 64665 51631 94 30933 20456 9 15 88 36 51537 1914 18 		 
201212192118 부산광역시 연제구 67738 53909 99 32363 21290 9 15 93 40 53810 2278 19 		 
201212192121 부산광역시 연제구 71030 56243 108 33888 22084 9 16 97 41 56135 2334 20 		 
201212192128 부산광역시 연제구 74096 58577 112 35412 22885 9 16 102 41 58465 2334 21 		 
201212192129 부산광역시 연제구 81002 63870 122 38721 24839 10 18 111 49 63748 5293 22 		 
201212192139 부산광역시 연제구 84457 66372 132 40350 25696 10 20 115 49 66240 2502 23 		 
201212192140 부산광역시 연제구 86817 68051 137 41349 26369 10 21 116 49 67914 1679 24 		 
201212192147 부산광역시 연제구 90910 71067 145 43271 27448 10 21 119 53 70922 3016 25 		 
201212192148 부산광역시 연제구 94715 74038 152 45077 28599 11 23 121 55 73886 2971 26 		 
201212192151 부산광역시 연제구 98771 77034 159 46834 29824 11 25 123 58 76875 2996 27 		 
201212192152 부산광역시 연제구 101196 78701 165 47891 30424 11 25 125 60 78536 1667 28 		 
201212192157 부산광역시 연제구 105064 81531 175 49658 31468 11 29 130 60 81356 2830 29 		 
201212192159 부산광역시 연제구 108272 83807 179 51056 32335 12 29 132 64 83628 2276 30 		 
201212192220 부산광역시 연제구 111735 86537 183 52699 33407 12 30 138 68 86354 2730 31 		 
201212192222 부산광역시 연제구 114882 88798 193 54152 34199 13 30 139 72 88605 2261 32 		 
201212192226 부산광역시 연제구 119956 92550 203 56488 35591 13 32 144 79 92347 3752 33 		 
201212192229 부산광역시 연제구 125700 97130 208 59124 37520 13 33 149 83 96922 4580 34 		 
201212192232 부산광역시 연제구 128529 99261 216 60430 38328 13 34 153 87 99045 2131 35 		 
201212192233 부산광역시 연제구 131798 101543 222 61814 39213 14 35 154 91 101321 2282 36 		 
201212192235 부산광역시 연제구 133312 102848 222 62691 39636 15 35 155 94 102626 1305 37 		 
201212192240 부산광역시 연제구 137137 105747 230 64386 40822 16 39 157 97 105517 2899 38 		 
201212192245 부산광역시 연제구 141300 109037 246 66334 42133 21 39 160 104 108791 3290 39 		 
201212192251 부산광역시 연제구 144310 111229 250 67599 43044 21 39 169 107 110979 2192 40 		 
201212192253 부산광역시 연제구 150806 116193 265 70724 44853 22 42 174 113 115928 4964 41 		 
201212192255 부산광역시 연제구 155168 120261 323 72673 46875 24 49 188 129 119938 4068 42 		 
201212192258 부산광역시 연제구 158834 123243 327 74331 48180 24 54 195 132 122916 2982 43 		 
201212192301 부산광역시 연제구 161736 125522 329 75744 49039 24 55 197 134 125193 2279 44 		 
201212192307 부산광역시 연제구 164955 128120 337 77332 50032 24 55 202 138 127783 2598 45 		 
201212192308 부산광역시 연제구 173524 134846 347 81114 52949 27 57 210 142 134499 6726 46 		 
201212192309 부산광역시 연제구 174375 135450 350 81370 53294 27 57 210 142 135100 604 47 		 
