Time AreaA AreaB Total TotalA Invalid VoteA VoteB VoteC VoteD VoteE VoteF TotalB Diff Count
201212192012 서울특별시 금천구 3862 2768 11 1197 1543 3 3 5 6 2757 2768 1 		 
201212192024 서울특별시 금천구 7373 5732 24 2608 3074 5 4 11 6 5708 2964 2 		 
201212192035 서울특별시 금천구 9940 7657 34 3439 4147 7 4 14 12 7623 1925 3 		 
201212192040 서울특별시 금천구 13309 10151 44 4627 5432 8 5 18 17 10107 2494 4 		 
201212192043 서울특별시 금천구 16212 12294 52 5570 6616 9 8 18 21 12242 2143 5 		 
201212192045 서울특별시 금천구 20421 14926 63 6782 8018 13 9 20 21 14863 2632 6 		 
201212192049 서울특별시 금천구 24500 17566 82 8045 9372 14 10 22 21 17484 2640 7 		 
201212192050 서울특별시 금천구 27875 19865 89 9049 10654 15 12 24 22 19776 2299 8 		 
201212192057 서울특별시 금천구 32681 23618 105 10541 12886 17 16 28 25 23513 3753 9 		 
201212192058 서울특별시 금천구 36648 26658 122 11958 14481 18 18 32 29 26536 3040 10 		 
201212192059 서울특별시 금천구 40202 29401 138 13241 15919 19 20 34 30 29263 2743 11 		 
201212192100 서울특별시 금천구 43367 31578 153 14218 17092 21 22 38 34 31425 2177 12 		 
201212192102 서울특별시 금천구 46657 33823 168 15017 18517 21 23 40 37 33655 2245 13 		 
201212192106 서울특별시 금천구 48374 35202 176 15682 19215 23 24 42 40 35026 1379 14 		 
201212192107 서울특별시 금천구 51900 37600 194 16860 20407 24 26 48 41 37406 2398 15 		 
201212192119 서울특별시 금천구 55936 40465 204 18085 22032 25 26 51 42 40261 2865 16 		 
201212192120 서울특별시 금천구 61740 44564 222 19642 24544 26 27 57 46 44342 4099 17 		 
201212192122 서울특별시 금천구 65418 47223 242 20854 25966 26 28 60 47 46981 2659 18 		 
201212192132 서울특별시 금천구 68644 49428 253 21821 27186 27 29 65 47 49175 2205 19 		 
201212192133 서울특별시 금천구 71625 51372 269 22705 28222 28 30 71 47 51103 1944 20 		 
201212192137 서울특별시 금천구 76307 54989 291 24460 30048 29 32 79 50 54698 3617 21 		 
201212192144 서울특별시 금천구 80556 58175 305 25948 31722 29 33 85 53 57870 3186 22 		 
201212192145 서울특별시 금천구 84458 60662 311 26968 33181 30 34 85 53 60351 2487 23 		 
201212192150 서울특별시 금천구 88313 63309 323 27864 34912 31 38 87 54 62986 2647 24 		 
201212192156 서울특별시 금천구 91505 65435 330 28768 36121 32 40 90 54 65105 2126 25 		 
201212192157 서울특별시 금천구 96842 69710 342 30798 38345 32 42 95 56 69368 4275 26 		 
201212192202 서울특별시 금천구 101063 72895 377 32188 40090 38 43 100 59 72518 3185 27 		 
201212192212 서울특별시 금천구 103919 74794 388 32939 41221 40 44 101 61 74406 1899 28 		 
201212192220 서울특별시 금천구 107673 77573 409 34223 42684 40 48 106 63 77164 2779 29 		 
201212192223 서울특별시 금천구 111036 79998 419 35305 44007 42 52 110 63 79579 2425 30 		 
201212192224 서울특별시 금천구 111927 80618 419 35559 44369 42 52 111 66 80199 620 31 		 
201212192228 서울특별시 금천구 115410 82922 435 36619 45583 46 52 116 71 82487 2304 32 		 
201212192229 서울특별시 금천구 118434 85261 448 37654 46864 48 55 120 72 84813 2339 33 		 
201212192236 서울특별시 금천구 122286 88905 520 39314 48737 54 66 127 87 88385 3644 34 		 
201212192300 서울특별시 금천구 125930 91630 532 40504 50248 55 69 131 91 91098 2725 35 		 
201212192306 서울특별시 금천구 129965 94632 551 41761 51965 56 72 135 92 94081 3002 36 		 
201212192307 서울특별시 금천구 132916 96781 570 42729 53123 56 72 137 94 96211 2149 37 		 
201212192308 서울특별시 금천구 136227 99192 586 43934 54307 57 72 142 94 98606 2411 38 		 
201212192313 서울특별시 금천구 140987 103103 596 45656 56473 62 74 146 96 102507 3911 39 		 
201212192314 서울특별시 금천구 144169 105546 607 46841 57708 64 75 153 98 104939 2443 40 		 
201212192316 서울특별시 금천구 145272 106339 610 47158 58178 65 75 154 99 105729 793 41 		 
201212192318 서울특별시 금천구 148199 108417 627 48144 59244 69 75 157 101 107790 2078 42 		 
201212192322 서울특별시 금천구 151673 110588 639 49085 60450 72 78 162 102 109949 2171 43 		 
201212192324 서울특별시 금천구 155647 113820 649 50516 62226 76 79 170 104 113171 3232 44 		 
201212192325 서울특별시 금천구 159157 115896 658 51503 63301 78 80 172 104 115238 2076 45 		 
201212192334 서울특별시 금천구 162226 118057 668 52478 64468 81 83 174 105 117389 2161 46 		 
201212192336 서울특별시 금천구 166759 121282 681 53838 66311 82 86 178 106 120601 3225 47 		 
201212192356 서울특별시 금천구 170092 123733 696 55008 67568 83 88 184 106 123037 2451 48 		 
201212192359 서울특별시 금천구 173168 125729 708 55971 68583 85 89 185 108 125021 1996 49 		 
201212200002 서울특별시 금천구 176453 128082 723 57115 69769 85 92 187 111 127359 2353 50 		 
201212200003 서울특별시 금천구 183412 133265 750 59646 72375 87 96 195 116 132515 5183 51 		 
201212200005 서울특별시 금천구 186356 135397 763 60623 73513 87 97 196 118 134634 2132 52 		 
201212200006 서울특별시 금천구 189013 137387 772 61524 74577 88 101 205 120 136615 1990 53 		 
201212200014 서울특별시 금천구 193237 140241 787 62863 76068 92 102 207 122 139454 2854 54 		 
201212200016 서울특별시 금천구 195916 142377 799 63884 77167 93 105 207 122 141578 2136 55 		 
201212200018 서울특별시 금천구 199220 145030 808 65049 78631 96 108 211 127 144222 2653 56 		 
201212200036 서울특별시 금천구 202808 147599 828 66300 79917 97 112 213 132 146771 2569 57 		 
201212200135 서울특별시 금천구 202808 147632 829 66316 79933 97 112 213 132 146803 33 58 		 
