Time AreaA AreaB Total TotalA Invalid VoteA VoteB VoteC VoteD VoteE VoteF TotalB Diff Count
201212191945 서울특별시 동대문구 2210 1291 8 623 652 1 1 5 1 1283 1291 1 		 
201212192000 서울특별시 동대문구 6989 4894 17 2379 2481 1 2 12 2 4877 3603 2 		 
201212192009 서울특별시 동대문구 9990 7019 37 3482 3470 3 6 16 5 6982 2125 3 		 
201212192021 서울특별시 동대문구 13539 9730 53 4764 4876 4 7 20 6 9677 2711 4 		 
201212192028 서울특별시 동대문구 16673 12173 61 5853 6218 5 9 21 6 12112 2443 5 		 
201212192032 서울특별시 동대문구 23470 17170 88 8299 8724 7 13 27 12 17082 4997 6 		 
201212192046 서울특별시 동대문구 26472 19407 106 9320 9909 11 13 34 14 19301 2237 7 		 
201212192056 서울특별시 동대문구 28125 20659 115 9926 10543 11 13 36 15 20544 1252 8 		 
201212192108 서울특별시 동대문구 36030 26244 147 12910 13085 14 16 51 21 26097 5585 9 		 
201212192111 서울특별시 동대문구 39481 29112 152 14220 14624 16 17 60 23 28960 2868 10 		 
201212192114 서울특별시 동대문구 48029 35211 200 17267 17607 20 25 66 26 35011 6099 11 		 
201212192122 서울특별시 동대문구 50900 37358 214 18309 18694 21 25 69 26 37144 2147 12 		 
201212192124 서울특별시 동대문구 53755 39421 220 19250 19805 22 26 71 27 39201 2063 13 		 
201212192128 서울특별시 동대문구 58337 42883 246 20862 21614 26 28 79 28 42637 3462 14 		 
201212192140 서울특별시 동대문구 61585 45341 257 22002 22917 26 29 82 28 45084 2458 15 		 
201212192143 서울특별시 동대문구 64892 47902 280 23108 24340 26 31 88 29 47622 2561 16 		 
201212192146 서울특별시 동대문구 68633 50671 309 24465 25713 28 31 91 34 50362 2769 17 		 
201212192153 서울특별시 동대문구 73037 53895 330 26035 27332 34 32 93 39 53565 3224 18 		 
201212192155 서울특별시 동대문구 77736 56811 355 27657 28579 38 34 104 44 56456 2916 19 		 
201212192157 서울특별시 동대문구 84811 61617 381 29981 31018 38 39 112 48 61236 4806 20 		 
201212192159 서울특별시 동대문구 91861 67141 407 32698 33775 40 44 123 54 66734 5524 21 		 
201212192200 서울특별시 동대문구 96438 70168 426 34152 35323 41 45 126 55 69742 3027 22 		 
201212192202 서울특별시 동대문구 103477 75655 455 36622 38295 45 45 134 59 75200 5487 23 		 
201212192203 서울특별시 동대문구 106970 77806 468 37705 39342 45 47 136 63 77338 2151 24 		 
201212192204 서울특별시 동대문구 111045 80781 488 39077 40917 48 47 138 66 80293 2975 25 		 
201212192206 서울특별시 동대문구 113831 82828 504 40075 41943 48 49 140 69 82324 2047 26 		 
201212192209 서울특별시 동대문구 116930 85151 516 41054 43261 50 55 144 71 84635 2323 27 		 
201212192210 서울특별시 동대문구 118940 86616 523 41759 44011 50 55 147 71 86093 1465 28 		 
201212192211 서울특별시 동대문구 122469 89507 537 43259 45379 53 57 150 72 88970 2891 29 		 
201212192212 서울특별시 동대문구 125131 91519 553 44109 46515 54 57 158 73 90966 2012 30 		 
201212192215 서울특별시 동대문구 128687 94456 561 45524 48014 57 59 165 76 93895 2937 31 		 
201212192216 서울특별시 동대문구 132140 96777 576 46589 49240 60 60 173 79 96201 2321 32 		 
201212192217 서울특별시 동대문구 135702 99752 584 48144 50648 61 60 176 79 99168 2975 33 		 
201212192219 서울특별시 동대문구 138825 102202 592 49330 51893 61 62 181 83 101610 2450 34 		 
201212192220 서울특별시 동대문구 143119 105840 606 51081 53755 63 62 187 86 105234 3638 35 		 
201212192221 서울특별시 동대문구 146548 108469 626 52511 54917 65 65 195 90 107843 2629 36 		 
201212192222 서울특별시 동대문구 149806 111036 646 53729 56240 67 65 196 93 110390 2567 37 		 
201212192223 서울특별시 동대문구 152659 112994 653 54634 57271 72 69 201 94 112341 1958 38 		 
201212192225 서울특별시 동대문구 155304 114747 664 55540 58103 72 70 202 96 114083 1753 39 		 
201212192226 서울특별시 동대문구 159682 117563 688 56877 59551 73 70 207 97 116875 2816 40 		 
201212192228 서울특별시 동대문구 162922 119894 701 57965 60774 73 73 209 99 119193 2331 41 		 
201212192239 서울특별시 동대문구 166621 122775 720 59315 62272 75 75 216 102 122055 2881 42 		 
201212192243 서울특별시 동대문구 173484 127489 749 61542 64712 78 78 225 105 126740 4714 43 		 
201212192249 서울특별시 동대문구 176372 129797 763 62615 65924 80 82 228 105 129034 2308 44 		 
201212192251 서울특별시 동대문구 180144 132958 777 64104 67574 82 83 232 106 132181 3161 45 		 
201212192252 서울특별시 동대문구 184673 136103 802 65576 69209 85 85 237 109 135301 3145 46 		 
201212192346 서울특별시 동대문구 187750 138316 812 66556 70428 85 85 239 111 137504 2213 47 		 
201212192347 서울특별시 동대문구 191697 141028 829 67796 71877 86 88 241 111 140199 2712 48 		 
201212192350 서울특별시 동대문구 197390 146355 953 70179 74644 98 94 252 135 145402 5327 49 		 
201212192351 서울특별시 동대문구 200079 148498 966 71200 75747 99 95 255 136 147532 2143 50 		 
201212192353 서울특별시 동대문구 202527 150289 974 71932 76785 101 95 264 138 149315 1791 51 		 
201212192355 서울특별시 동대문구 206270 153322 985 73506 78222 103 99 268 139 152337 3033 52 		 
201212192356 서울특별시 동대문구 209923 155921 1004 74675 79623 106 101 270 142 154917 2599 53 		 
201212192357 서울특별시 동대문구 214457 159480 1018 76399 81426 109 105 278 145 158462 3559 54 		 
201212200006 서울특별시 동대문구 217791 161966 1028 77605 82688 112 107 281 145 160938 2486 55 		 
201212200007 서울특별시 동대문구 221621 164537 1046 78866 83971 116 108 285 145 163491 2571 56 		 
201212200008 서울특별시 동대문구 224350 166675 1057 79914 85045 116 108 288 147 165618 2138 57 		 
201212200011 서울특별시 동대문구 227904 169188 1066 80861 86589 116 112 295 149 168122 2513 58 		 
201212200012 서울특별시 동대문구 231191 171611 1079 82002 87850 118 114 298 150 170532 2423 59 		 
201212200013 서울특별시 동대문구 234736 174229 1095 83260 89180 122 117 301 154 173134 2618 60 		 
201212200014 서울특별시 동대문구 238280 176456 1107 84286 90358 124 120 304 157 175349 2227 61 		 
201212200016 서울특별시 동대문구 241224 178917 1116 85356 91726 126 123 311 159 177801 2461 62 		 
201212200029 서울특별시 동대문구 245147 181829 1131 86709 93262 127 126 314 160 180698 2912 63 		 
201212200031 서울특별시 동대문구 248624 184653 1143 87983 94798 127 127 314 161 183510 2824 64 		 
201212200032 서울특별시 동대문구 252434 187568 1161 89451 96219 128 127 319 163 186407 2915 65 		 
201212200034 서울특별시 동대문구 256782 190777 1173 90847 98009 130 130 322 166 189604 3209 66 		 
201212200035 서울특별시 동대문구 260605 193860 1195 92259 99636 139 132 330 169 192665 3083 67 		 
201212200043 서울특별시 동대문구 267457 199098 1233 94955 102120 143 134 338 175 197865 5238 68 		 
201212200045 서울특별시 동대문구 269967 200912 1244 95740 103127 144 134 344 179 199668 1814 69 		 
201212200046 서울특별시 동대문구 275807 205197 1258 97729 105381 149 138 359 183 203939 4285 70 		 
201212200048 서울특별시 동대문구 280176 208316 1282 99236 106959 152 139 364 184 207034 3119 71 		 
201212200049 서울특별시 동대문구 283252 210533 1293 100296 108095 155 140 366 188 209240 2217 72 		 
201212200104 서울특별시 동대문구 291250 216664 1320 103304 111168 159 143 376 194 215344 6131 73 		 
201212200105 서울특별시 동대문구 294135 218674 1335 104211 112253 159 144 378 194 217339 2010 74 		 
201212200107 서울특별시 동대문구 297932 221690 1349 105529 113922 160 147 387 196 220341 3016 75 		 
201212200108 서울특별시 동대문구 301731 224523 1365 106736 115522 161 149 394 196 223158 2833 76 		 
201212200110 서울특별시 동대문구 305303 227148 1385 107956 116898 164 151 398 196 225763 2625 77 		 
201212200217 서울특별시 동대문구 305303 227177 1387 107972 116909 164 151 398 196 225790 29 78 		 
