Time AreaA AreaB Total TotalA Invalid VoteA VoteB VoteC VoteD VoteE VoteF TotalB Diff Count
201212192011 서울특별시 성동구 5936 4702 18 2136 2530 3 3 11 1 4684 2604 2 		 
201212192018 서울특별시 성동구 7768 6117 25 2808 3262 4 5 12 1 6092 1415 3 		 
201212192023 서울특별시 성동구 11678 8912 32 4268 4581 6 6 17 2 8880 2795 4 		 
201212192024 서울특별시 성동구 13919 10550 42 4973 5495 7 9 21 3 10508 1638 5 		 
201212192027 서울특별시 성동구 17628 13623 53 6413 7104 9 9 30 5 13570 3073 6 		 
201212192028 서울특별시 성동구 20724 15886 63 7480 8280 11 9 33 10 15823 2263 7 		 
201212192029 서울특별시 성동구 24368 18253 73 8516 9588 15 10 37 14 18180 2367 8 		 
201212192032 서울특별시 성동구 27587 20842 83 9626 11048 15 11 44 15 20759 2589 9 		 
201212192033 서울특별시 성동구 32119 24040 97 11145 12703 16 12 50 17 23943 3198 10 		 
201212192035 서울특별시 성동구 36174 27196 112 12546 14433 19 14 55 17 27084 3156 11 		 
201212192037 서울특별시 성동구 40133 29906 120 13829 15845 20 15 59 18 29786 2710 12 		 
201212192038 서울특별시 성동구 43380 32465 144 15138 17058 23 17 65 20 32321 2559 13 		 
201212192044 서울특별시 성동구 47104 35416 152 16606 18521 26 19 69 23 35264 2951 14 		 
201212192046 서울특별시 성동구 50657 38043 165 17807 19924 27 21 75 24 37878 2627 15 		 
201212192047 서울특별시 성동구 51618 38555 169 18028 20208 29 21 75 25 38386 512 16 		 
201212192049 서울특별시 성동구 55059 40970 179 19142 21485 32 23 81 28 40791 2415 17 		 
201212192057 서울특별시 성동구 59710 45324 249 21222 23659 36 31 88 39 45075 4354 18 		 
201212192100 서울특별시 성동구 63675 48114 258 22651 25001 36 34 93 41 47856 2790 19 		 
201212192101 서울특별시 성동구 67315 50733 271 23805 26443 39 34 97 44 50462 2619 20 		 
201212192102 서울특별시 성동구 70614 53109 276 24835 27777 41 36 99 45 52833 2376 21 		 
201212192106 서울특별시 성동구 73945 55481 291 25982 28976 42 39 102 49 55190 2372 22 		 
201212192107 서울특별시 성동구 77999 58723 302 27594 30584 44 40 108 51 58421 3242 23 		 
201212192111 서울특별시 성동구 82041 61969 315 29089 32309 48 41 112 55 61654 3246 24 		 
201212192113 서울특별시 성동구 85142 64315 326 30226 33496 48 44 115 60 63989 2346 25 		 
201212192114 서울특별시 성동구 89192 67146 342 31547 34978 49 46 119 65 66804 2831 26 		 
201212192115 서울특별시 성동구 92361 69360 353 32602 36109 51 49 125 71 69007 2214 27 		 
201212192129 서울특별시 성동구 94910 71223 365 33421 37134 54 49 129 71 70858 1863 28 		 
201212192130 서울특별시 성동구 99466 74666 389 35016 38947 57 50 135 72 74277 3443 29 		 
201212192131 서울특별시 성동구 104446 78110 420 36477 40879 61 52 144 77 77690 3444 30 		 
201212192132 서울특별시 성동구 108243 80910 431 38097 42039 63 55 148 77 80479 2800 31 		 
201212192205 서울특별시 성동구 112231 84074 444 39721 43553 64 57 155 80 83630 3164 32 		 
201212192208 서울특별시 성동구 115208 86403 457 40761 44821 65 58 160 81 85946 2329 33 		 
201212192210 서울특별시 성동구 118936 89184 483 42039 46291 68 60 162 81 88701 2781 34 		 
201212192217 서울특별시 성동구 122128 91472 502 43062 47529 71 61 166 81 90970 2288 35 		 
201212192218 서울특별시 성동구 125442 93935 515 44010 49022 71 62 173 82 93420 2463 36 		 
201212192226 서울특별시 성동구 128623 96507 532 45300 50280 72 63 176 84 95975 2572 37 		 
201212192230 서울특별시 성동구 131992 98657 546 46353 51352 73 64 179 90 98111 2150 38 		 
201212192240 서울특별시 성동구 136330 101640 566 47829 52827 75 65 183 95 101074 2983 39 		 
201212192242 서울특별시 성동구 140598 104599 580 49600 53989 76 66 191 97 104019 2959 40 		 
201212192243 서울특별시 성동구 143696 106784 598 50615 55131 76 68 193 103 106186 2185 41 		 
201212192247 서울특별시 성동구 147744 110013 605 52297 56656 79 69 201 106 109408 3229 42 		 
201212192253 서울특별시 성동구 152704 113270 621 53835 58345 83 69 208 109 112649 3257 43 		 
201212192255 서울특별시 성동구 154585 114565 623 54399 59070 83 71 209 110 113942 1295 44 		 
201212192303 서울특별시 성동구 158778 117579 636 55806 60657 84 72 212 112 116943 3014 45 		 
201212192304 서울특별시 성동구 163077 120657 653 57262 62258 86 72 214 112 120004 3078 46 		 
201212192306 서울특별시 성동구 167227 123886 663 58850 63872 89 76 222 114 123223 3229 47 		 
201212192311 서울특별시 성동구 171392 127262 681 60739 65334 89 77 226 116 126581 3376 48 		 
201212192312 서울특별시 성동구 175970 130669 694 62518 66943 91 77 226 120 129975 3407 49 		 
201212192324 서울특별시 성동구 179202 133026 707 63610 68185 92 80 229 123 132319 2357 50 		 
201212192329 서울특별시 성동구 186535 138550 733 66357 70922 95 82 236 125 137817 5524 51 		 
201212192331 서울특별시 성동구 191484 142410 750 68355 72757 96 84 243 125 141660 3860 52 		 
201212192334 서울특별시 성동구 195082 144880 762 69431 74130 98 85 247 127 144118 2470 53 		 
201212192335 서울특별시 성동구 198429 147525 778 70725 75456 100 86 251 129 146747 2645 54 		 
201212192340 서울특별시 성동구 203886 151264 810 72420 77456 103 87 257 131 150454 3739 55 		 
201212192343 서울특별시 성동구 208157 154582 820 73907 79266 104 88 265 132 153762 3318 56 		 
201212192344 서울특별시 성동구 211080 156663 832 74878 80356 104 92 268 133 155831 2081 57 		 
201212192353 서울특별시 성동구 215132 159593 843 76380 81763 104 94 273 136 158750 2930 58 		 
201212192355 서울특별시 성동구 219406 162920 858 77861 83582 106 97 277 139 162062 3327 59 		 
201212192356 서울특별시 성동구 222680 165223 871 78934 84794 106 99 279 140 164352 2303 60 		 
201212200001 서울특별시 성동구 227383 168867 881 80734 86608 107 103 288 146 167986 3644 61 		 
201212200002 서울특별시 성동구 231356 172015 890 82181 88293 107 105 292 147 171125 3148 62 		 
201212200012 서울특별시 성동구 235792 175562 903 83781 90211 108 109 300 150 174659 3547 63 		 
201212200023 서울특별시 성동구 244432 181837 939 86874 93336 111 112 309 156 180898 6275 64 		 
201212200027 서울특별시 성동구 249514 185553 970 88655 95229 112 113 315 159 184583 3716 65 		 
201212200133 서울특별시 성동구 249514 185566 970 88658 95239 112 113 315 159 184596 13 66 		 
