Time AreaA AreaB Total TotalA Invalid VoteA VoteB VoteC VoteD VoteE VoteF TotalB Diff Count
201212192047 서울특별시 강남구 5453 3961 32 2255 1660 1 0 8 5 3929 1704 2         		 
201212192049 서울특별시 강남구 8326 6096 52 3369 2651 3 0 13 8 6044 2135 3         		 
201212192053 서울특별시 강남구 12520 9290 64 5189 4005 4 3 16 9 9226 3194 4         		 
201212192101 서울특별시 강남구 15604 11514 75 6273 5126 5 3 21 11 11439 2224 5         		 
201212192104 서울특별시 강남구 21756 16163 108 8566 7425 12 7 29 16 16055 4649 6         		 
201212192107 서울특별시 강남구 25061 18803 119 9786 8825 14 7 35 17 18684 2640 7         		 
201212192117 서울특별시 강남구 28278 21427 129 11532 9679 15 9 42 21 21298 2624 8         		 
201212192120 서울특별시 강남구 32927 24481 142 13552 10696 16 9 45 21 24339 3054 9         		 
201212192121 서울특별시 강남구 35499 26358 156 14491 11608 18 12 47 26 26202 1877 10         		 
201212192126 서울특별시 강남구 39317 29369 161 16624 12468 18 15 53 30 29208 3011 11         		 
201212192130 서울특별시 강남구 45296 33702 204 19104 14268 19 16 58 33 33498 4333 12         		 
201212192131 서울특별시 강남구 48278 36029 213 20558 15125 19 17 64 33 35816 2327 13         		 
201212192137 서울특별시 강남구 56236 42599 244 24995 17200 21 20 81 38 42355 6570 14         		 
201212192140 서울특별시 강남구 59981 45587 252 27114 18041 22 24 94 40 45335 2988 15         		 
201212192141 서울특별시 강남구 64863 48979 266 28712 19806 24 25 102 44 48713 3392 16         		 
201212192151 서울특별시 강남구 68581 51758 274 30372 20909 26 25 106 46 51484 2779 17         		 
201212192153 서울특별시 강남구 71410 54015 282 31659 21863 26 25 112 48 53733 2257 18         		 
201212192200 서울특별시 강남구 74895 56697 289 33280 22911 26 26 115 50 56408 2682 19         		 
201212192201 서울특별시 강남구 79394 60131 297 35420 24186 26 30 119 53 59834 3434 20         		 
201212192213 서울특별시 강남구 82199 62398 304 36675 25185 27 30 124 53 62094 2267 21         		 
201212192215 서울특별시 강남구 86350 65845 323 39184 26091 28 32 134 53 65522 3447 22         		 
201212192233 서울특별시 강남구 89685 68632 334 41329 26713 28 33 140 55 68298 2787 23         		 
201212192234 서울특별시 강남구 93831 72008 342 42460 28940 28 33 146 59 71666 3376 24         		 
201212192246 서울특별시 강남구 97086 74341 360 43954 29756 30 33 147 61 73981 2333 25         		 
201212192249 서울특별시 강남구 101358 77652 364 46277 30730 30 33 152 66 77288 3311 26         		 
201212192251 서울특별시 강남구 105697 80982 377 48150 32163 32 35 157 68 80605 3330 27         		 
201212192300 서울특별시 강남구 109030 83793 384 50290 32811 32 36 171 69 83409 2811 28         		 
201212192302 서울특별시 강남구 112930 86739 389 52074 33957 33 37 178 71 86350 2946 29         		 
201212192310 서울특별시 강남구 118784 91538 412 55893 34895 33 38 193 74 91126 4799 30         		 
201212192313 서울특별시 강남구 122022 94252 424 57608 35870 33 38 201 78 93828 2714 31         		 
201212192315 서울특별시 강남구 124250 96087 427 58891 36411 33 39 207 79 95660 1835 32         		 
201212192317 서울특별시 강남구 126835 98039 432 60415 36830 33 39 211 79 97607 1952 33         		 
201212192323 서울특별시 강남구 130579 100764 443 61809 38135 34 40 218 85 100321 2725 34         		 
201212192324 서울특별시 강남구 134833 104312 459 63888 39580 34 42 223 86 103853 3548 35         		 
201212192328 서울특별시 강남구 139972 107486 472 65505 41115 35 43 228 88 107014 3174 36         		 
201212192329 서울특별시 강남구 142655 109316 477 66481 41961 35 44 230 88 108839 1830 37         		 
201212192331 서울특별시 강남구 145510 111472 487 67536 43044 38 44 234 89 110985 2156 38         		 
201212192343 서울특별시 강남구 148963 114190 498 68885 44390 41 44 241 91 113692 2718 39         		 
201212192346 서울특별시 강남구 153133 117693 508 70820 45927 41 46 258 93 117185 3503 40         		 
201212192356 서울특별시 강남구 156656 120297 534 72061 47251 43 46 266 96 119763 2604 41         		 
201212200002 서울특별시 강남구 160792 123478 553 73766 48692 43 47 280 97 122925 3181 42         		 
201212200004 서울특별시 강남구 167491 128880 568 77060 50761 43 51 299 98 128312 5402 43         		 
201212200009 서울특별시 강남구 171611 131941 579 78690 52167 44 52 308 101 131362 3061 44         		 
201212200013 서울특별시 강남구 176071 134597 596 80010 53481 44 54 311 101 134001 2656 45         		 
201212200015 서울특별시 강남구 179721 137438 606 81761 54544 46 55 321 105 136832 2841 46         		 
201212200019 서울특별시 강남구 182862 139806 613 83435 55227 47 55 324 105 139193 2368 47         		 
201212200020 서울특별시 강남구 186909 142277 615 84645 56479 48 56 326 108 141662 2471 48         		 
201212200022 서울특별시 강남구 189815 144507 633 85852 57476 50 56 330 110 143874 2230 49         		 
201212200029 서울특별시 강남구 194098 147908 646 88403 58303 50 57 337 112 147262 3401 50         		 
201212200034 서울특별시 강남구 198402 151477 657 90989 59263 50 58 346 114 150820 3569 51         		 
201212200036 서울특별시 강남구 202138 154306 670 93137 59920 51 61 352 115 153636 2829 52         		 
201212200040 서울특별시 강남구 206357 157647 682 96008 60366 54 61 360 116 156965 3341 53         		 
201212200041 서울특별시 강남구 208824 159310 690 97081 60944 55 62 362 116 158620 1663 54         		 
201212200042 서울특별시 강남구 211694 161313 698 98075 61943 55 62 364 116 160615 2003 55         		 
201212200044 서울특별시 강남구 219209 166883 710 101412 64137 56 65 383 120 166173 5570 56         		 
201212200047 서울특별시 강남구 223178 169458 717 102738 65371 57 67 387 121 168741 2575 57         		 
201212200049 서울특별시 강남구 227719 172591 729 104282 66943 59 67 389 122 171862 3133 58         		 
201212200051 서울특별시 강남구 232729 176693 740 106844 68453 62 69 402 123 175953 4102 59         		 
201212200056 서울특별시 강남구 240004 181772 757 110138 70207 62 71 411 126 181015 5079 60         		 
201212200100 서울특별시 강남구 244830 184820 770 112022 71350 63 71 417 127 184050 3048 61         		 
201212200103 서울특별시 강남구 249027 187964 778 113963 72533 64 71 427 128 187186 3144 62         		 
201212200104 서울특별시 강남구 252134 190426 790 115897 73043 64 71 432 129 189636 2462 63         		 
201212200105 서울특별시 강남구 259178 195185 818 118479 75164 66 73 451 134 194367 4759 64         		 
201212200106 서울특별시 강남구 263658 198759 827 120882 76311 66 73 463 137 197932 3574 65         		 
201212200110 서울특별시 강남구 267543 201572 837 122678 77309 67 73 469 139 200735 2813 66         		 
201212200112 서울특별시 강남구 269748 203333 843 123531 78200 68 75 475 141 202490 1761 67         		 
201212200114 서울특별시 강남구 275010 206125 851 124897 79602 68 77 488 142 205274 2792 68         		 
201212200116 서울특별시 강남구 279341 208831 858 126268 80921 68 78 494 144 207973 2706 69         		 
201212200117 서울특별시 강남구 286206 214287 875 130070 82544 68 79 505 146 213412 5456 70         		 
201212200118 서울특별시 강남구 290181 217520 883 132094 83734 68 79 514 148 216637 3233 71         		 
201212200119 서울특별시 강남구 298598 223928 902 135384 86805 70 86 528 153 223026 6408 72         		 
201212200120 서울특별시 강남구 302950 226830 913 136833 88239 72 87 533 153 225917 2902 73         		 
201212200121 서울특별시 강남구 306887 229723 919 138540 89408 75 88 538 155 228804 2893 74         		 
201212200122 서울특별시 강남구 311695 233629 927 141008 90819 76 90 551 158 232702 3906 75 2468 1411 63.62% 36.38% 		 
201212200123 서울특별시 강남구 316345 237268 963 142769 92638 78 91 566 163 236305 3639 76 1761 1819 49.19% 50.81% 		 
201212200124 서울특별시 강남구 318186 238517 967 143618 93030 79 93 567 163 237550 1249 77 849 392 68.41% 31.59% 		 
201212200125 서울특별시 강남구 321626 241266 978 145862 93509 80 94 580 163 240288 2749 78 2244 479 82.41% 17.59% 		 
201212200129 서울특별시 강남구 325464 243669 986 147017 94743 80 96 584 163 242683 2403 79 1155 1234 48.35% 51.65% 		 
201212200136 서울특별시 강남구 328969 246282 988 148592 95769 83 96 591 163 245294 2613 80 1575 1026 60.55% 39.45% 		 
201212200138 서울특별시 강남구 333096 249229 999 151056 96236 83 96 596 163 248230 2947 81 2464 467 84.07% 15.93% 		 
201212200139 서울특별시 강남구 337845 252064 1011 152415 97692 84 97 601 164 251053 2835 82 1359 1456 48.28% 51.72% 		 
201212200140 서울특별시 강남구 347726 259706 1029 157433 100273 85 99 620 167 258677 7642 83 5018 2581 66.04% 33.96% 		 
201212200143 서울특별시 강남구 350477 261638 1048 158394 101209 88 100 622 177 260590 1932 84 961 936 50.66% 49.34% 		 
201212200145 서울특별시 강남구 354829 265055 1060 160650 102344 89 101 632 179 263995 3417 85 2256 1135 66.53% 33.47% 		 
201212200146 서울특별시 강남구 363230 271033 1074 164136 104803 89 101 649 181 269959 5978 86 3486 2459 58.64% 41.36% 		 
201212200147 서울특별시 강남구 366799 273870 1087 166504 105251 89 104 654 181 272783 2837 87 2368 448 84.09% 15.91% 		 
201212200148 서울특별시 강남구 374053 279237 1112 169363 107714 90 108 665 185 278125 5367 88 2859 2463 53.72% 46.28% 		 
201212200149 서울특별시 강남구 379236 283413 1133 172043 109173 91 110 673 190 282280 4176 89 2680 1459 64.75% 35.25% 		 
201212200150 서울특별시 강남구 388688 289814 1166 175839 111720 91 112 692 194 288648 6401 90 3796 2547 59.85% 40.15% 		 
201212200151 서울특별시 강남구 403469 301619 1311 182468 116697 98 121 715 209 300308 11805 91         		 
201212200155 서울특별시 강남구 408547 305040 1325 184376 118181 98 124 725 211 303715 3421 92         		 
201212200156 서울특별시 강남구 413526 308615 1339 186488 119612 100 124 739 213 307276 3575 93         		 
201212200157 서울특별시 강남구 427069 318277 1377 191945 123740 102 129 765 219 316900 9662 94         		 
201212200158 서울특별시 강남구 432263 322316 1384 194602 125100 102 134 775 219 320932 4039 95         		 
201212200159 서울특별시 강남구 437241 326280 1402 196524 127108 104 137 781 224 324878 3964 96         		 
201212200202 서울특별시 강남구 441349 328876 1413 197744 128462 106 137 788 226 327463 2596 97         		 
201212200213 서울특별시 강남구 444181 330937 1416 198924 129329 107 138 795 228 329521 2061 98         		 
201212200214 서울특별시 강남구 448783 333873 1428 200460 130703 107 138 807 230 332445 2936 99         		 
201212200224 서울특별시 강남구 452359 336312 1430 202009 131587 107 139 810 230 334882 2439 100         		 
201212200233 서울특별시 강남구 457173 339818 1446 203785 133280 109 142 823 233 338372 3506 101         		 
201212200238 서울특별시 강남구 461592 343202 1460 205553 134873 111 142 829 234 341742 3384 102         		 
201212200313 서울특별시 강남구 461592 343220 1461 205563 134880 111 142 829 234 341759 18 103         		 
