Time AreaA AreaB Total TotalA Invalid VoteA VoteB VoteC VoteD VoteE VoteF TotalB Diff Count
201212192014 서울특별시 중랑구 3214 1954 13 954 982 2 1 1 1 1941 1954 1 		 
201212192022 서울특별시 중랑구 7544 4775 25 2303 2437 4 1 1 4 4750 2821 2 		 
201212192037 서울특별시 중랑구 10498 6825 37 3335 3436 6 2 2 7 6788 2050 3 		 
201212192047 서울특별시 중랑구 14155 9384 55 4603 4699 9 5 4 9 9329 2559 4 		 
201212192051 서울특별시 중랑구 18193 12198 68 5967 6125 12 7 9 10 12130 2814 5 		 
201212192057 서울특별시 중랑구 21894 14886 88 7265 7471 15 10 22 15 14798 2688 6 		 
201212192101 서울특별시 중랑구 26067 17745 104 8848 8725 15 13 24 16 17641 2859 7 		 
201212192109 서울특별시 중랑구 29879 20352 121 10143 10010 15 14 30 19 20231 2607 8 		 
201212192123 서울특별시 중랑구 33081 22728 135 11411 11099 16 14 32 21 22593 2376 9 		 
201212192129 서울특별시 중랑구 36921 25446 146 12685 12521 18 16 34 26 25300 2718 10 		 
201212192136 서울특별시 중랑구 40001 27696 154 13837 13600 19 16 39 31 27542 2250 11 		 
201212192138 서울특별시 중랑구 43401 30098 168 14911 14906 19 16 42 36 29930 2402 12 		 
201212192140 서울특별시 중랑구 47416 33272 180 16323 16645 21 19 47 37 33092 3174 13 		 
201212192141 서울특별시 중랑구 51581 35933 195 17588 18023 22 19 49 37 35738 2661 14 		 
201212192153 서울특별시 중랑구 53432 37250 208 18083 18828 23 19 51 38 37042 1317 15 		 
201212192201 서울특별시 중랑구 56683 39848 218 19323 20163 24 21 60 39 39630 2598 16 		 
201212192203 서울특별시 중랑구 60858 42765 242 20653 21712 24 24 64 46 42523 2917 17 		 
201212192205 서울특별시 중랑구 65746 46309 256 22459 23423 27 24 69 51 46053 3544 18 		 
201212192217 서울특별시 중랑구 73494 51884 284 25233 26178 32 26 75 56 51600 5575 19 		 
201212192219 서울특별시 중랑구 77847 55016 302 26685 27832 33 27 78 59 54714 3132 20 		 
201212192221 서울특별시 중랑구 81563 57942 310 28122 29298 33 30 87 62 57632 2926 21 		 
201212192226 서울특별시 중랑구 85763 61060 328 29634 30877 34 31 91 65 60732 3118 22 		 
201212192231 서울특별시 중랑구 90041 64008 345 31059 32374 34 32 98 66 63663 2948 23 		 
201212192232 서울특별시 중랑구 95391 67483 355 32707 34177 36 33 101 74 67128 3475 24 		 
201212192242 서울특별시 중랑구 99060 70201 363 33947 35640 40 34 102 75 69838 2718 25 		 
201212192246 서울특별시 중랑구 102875 73016 382 35492 36880 42 35 106 79 72634 2815 26 		 
201212192248 서울특별시 중랑구 106336 75453 395 36619 38158 46 37 114 84 75058 2437 27 		 
201212192253 서울특별시 중랑구 110581 78391 417 37925 39755 47 41 118 88 77974 2938 28 		 
201212192255 서울특별시 중랑구 114179 80912 434 39125 41053 48 41 121 90 80478 2521 29 		 
201212192259 서울특별시 중랑구 119250 84708 452 40848 43103 49 41 123 92 84256 3796 30 		 
201212192304 서울특별시 중랑구 122558 87075 463 41915 44386 50 41 127 93 86612 2367 31 		 
201212192346 서울특별시 중랑구 129411 93631 618 44943 47669 62 62 145 132 93013 6556 32 		 
201212192354 서울특별시 중랑구 132966 96181 633 46246 48893 63 63 148 135 95548 2550 33 		 
201212192358 서울특별시 중랑구 137394 99254 661 47659 50519 65 63 152 135 98593 3073 34 		 
201212200002 서울특별시 중랑구 142440 103030 680 49406 52516 68 63 157 140 102350 3776 35 		 
201212200005 서울특별시 중랑구 146786 106177 700 50888 54149 68 65 165 142 105477 3147 36 		 
201212200015 서울특별시 중랑구 150433 109129 712 52110 55858 69 65 168 147 108417 2952 37 		 
201212200016 서울특별시 중랑구 153685 111199 718 52998 57031 71 66 168 147 110481 2070 38 		 
201212200020 서울특별시 중랑구 157602 114166 734 54412 58553 79 68 171 149 113432 2967 39 		 
201212200021 서울특별시 중랑구 161372 117282 745 55782 60273 82 70 177 153 116537 3116 40 		 
201212200022 서울특별시 중랑구 165561 120278 768 57136 61887 83 71 180 153 119510 2996 41 		 
201212200024 서울특별시 중랑구 168639 122549 786 58193 63076 84 74 182 154 121763 2271 42 		 
201212200025 서울특별시 중랑구 172571 125305 797 59533 64467 84 78 190 156 124508 2756 43 		 
201212200029 서울특별시 중랑구 176857 128472 811 60983 66161 86 78 195 158 127661 3167 44 		 
201212200031 서울특별시 중랑구 181336 131685 825 62494 67842 86 79 200 159 130860 3213 45 		 
201212200034 서울특별시 중랑구 188774 137047 857 64895 70755 87 81 208 164 136190 5362 46 		 
201212200037 서울특별시 중랑구 193096 140245 873 66383 72439 88 83 210 169 139372 3198 47 		 
201212200046 서울특별시 중랑구 196919 142840 888 67572 73822 90 84 213 171 141952 2595 48 		 
201212200047 서울특별시 중랑구 201094 145841 904 69002 75367 96 84 216 172 144937 3001 49 		 
201212200054 서울특별시 중랑구 204570 148701 927 70629 76564 96 86 224 175 147774 2860 50 		 
201212200058 서울특별시 중랑구 208568 151353 934 71945 77877 102 89 229 177 150419 2652 51 		 
201212200100 서울특별시 중랑구 213621 155292 949 73777 79954 104 90 236 182 154343 3939 52 		 
201212200102 서울특별시 중랑구 217743 158055 968 75015 81448 105 92 243 184 157087 2763 53 		 
201212200103 서울특별시 중랑구 222470 161788 977 76791 83383 106 92 254 185 160811 3733 54 		 
201212200105 서울특별시 중랑구 226986 164973 991 78349 84988 107 92 258 188 163982 3185 55 		 
201212200114 서울특별시 중랑구 231465 168165 1010 79971 86532 108 95 260 189 167155 3192 56 		 
201212200115 서울특별시 중랑구 235194 170791 1030 81214 87891 108 96 262 190 169761 2626 57 		 
201212200117 서울특별시 중랑구 239345 173658 1050 82680 89260 111 98 268 191 172608 2867 58 		 
201212200118 서울특별시 중랑구 243783 176545 1062 84254 90556 113 98 270 192 175483 2887 59 		 
201212200121 서울특별시 중랑구 248637 179846 1087 85900 92171 118 99 274 197 178759 3301 60 		 
201212200122 서울특별시 중랑구 253064 182996 1106 87419 93768 121 102 278 202 181890 3150 61 		 
201212200129 서울특별시 중랑구 256436 185647 1117 88680 95140 122 103 281 204 184530 2651 62 		 
201212200131 서울특별시 중랑구 261009 188851 1135 90195 96802 123 106 284 206 187716 3204 63 		 
201212200134 서울특별시 중랑구 266193 192267 1151 91854 98535 124 109 286 208 191116 3416 64 		 
201212200135 서울특별시 중랑구 270066 195076 1170 93223 99951 125 109 289 209 193906 2809 65 		 
201212200140 서울특별시 중랑구 273474 197818 1182 94646 101245 127 112 296 210 196636 2742 66 		 
201212200144 서울특별시 중랑구 280195 203005 1211 97207 103822 132 114 305 214 201794 5187 67 		 
201212200149 서울특별시 중랑구 288497 209162 1247 100102 107038 134 115 309 217 207915 6157 68 		 
201212200153 서울특별시 중랑구 292434 212208 1267 101468 108689 134 116 315 219 210941 3046 69 		 
201212200157 서울특별시 중랑구 296749 215480 1278 103093 110314 135 118 321 221 214202 3272 70 		 
201212200200 서울특별시 중랑구 301357 218866 1292 104692 112072 137 119 328 226 217574 3386 71 		 
201212200207 서울특별시 중랑구 305795 222301 1304 106406 113770 137 121 333 230 220997 3435 72 		 
201212200209 서울특별시 중랑구 310033 225472 1318 108095 115230 139 123 336 231 224154 3171 73 		 
201212200211 서울특별시 중랑구 314430 228529 1332 109616 116746 139 126 337 233 227197 3057 74 		 
201212200214 서울특별시 중랑구 322984 234753 1355 112469 120072 142 131 344 240 233398 6224 75 		 
201212200220 서울특별시 중랑구 325744 236618 1364 113301 121093 144 131 344 241 235254 1865 76 		 
201212200222 서울특별시 중랑구 330056 239589 1374 114687 122663 145 131 346 243 238215 2971 77 		 
201212200234 서울특별시 중랑구 333914 242589 1385 116142 124191 145 131 348 247 241204 3000 78 		 
201212200236 서울특별시 중랑구 337261 244958 1404 117246 125428 147 132 352 249 243554 2369 79 		 
201212200240 서울특별시 중랑구 341124 247810 1418 118667 126833 149 135 354 254 246392 2852 80 		 
201212200253 서울특별시 중랑구 344131 250306 1426 119911 128072 149 136 358 254 248880 2496 81 		 
201212200255 서울특별시 중랑구 348329 253338 1440 121375 129614 152 138 364 255 251898 3032 82 		 
201212200411 서울특별시 중랑구 348329 253369 1440 121391 129629 152 138 364 255 251929 31 83 		 
201212200418 서울특별시 중랑구 348329 253370 1440 121391 129630 152 138 364 255 251930 1 84 		 
201212200429 서울특별시 중랑구 348329 253369 1439 121391 129630 152 138 364 255 251930 -1 85 		 
