Time AreaA AreaB Total TotalA Invalid VoteA VoteB VoteC VoteD VoteE VoteF TotalB Diff Count
201212192101 서울특별시 양천구 3334 2571 15 1114 1439 1 0 1 1 2556 2571 1 		 
201212192119 서울특별시 양천구 6567 5020 27 2250 2732 3 0 5 3 4993 2449 2 		 
201212192132 서울특별시 양천구 10577 8241 38 3876 4306 3 1 13 4 8203 3221 3 		 
201212192134 서울특별시 양천구 14100 10794 45 5129 5592 3 2 19 4 10749 2553 4 		 
201212192136 서울특별시 양천구 17879 13804 53 7019 6694 3 4 26 5 13751 3010 5 		 
201212192138 서울특별시 양천구 21973 16609 75 8380 8107 4 6 29 8 16534 2805 6 		 
201212192139 서울특별시 양천구 25836 19637 88 9867 9626 4 6 35 11 19549 3028 7 		 
201212192141 서울특별시 양천구 30094 22915 101 11249 11492 5 8 44 16 22814 3278 8 		 
201212192142 서울특별시 양천구 33624 25673 113 12521 12953 7 9 54 16 25560 2758 9 		 
201212192150 서울특별시 양천구 37912 29213 124 14373 14621 8 9 60 18 29089 3540 10 		 
201212192152 서울특별시 양천구 42136 32188 139 15677 16269 9 12 63 19 32049 2975 11 		 
201212192153 서울특별시 양천구 46457 35543 157 17325 17943 10 15 70 23 35386 3355 12 		 
201212192158 서울특별시 양천구 50355 38229 170 18576 19357 12 18 72 24 38059 2686 13 		 
201212192200 서울특별시 양천구 54013 41303 180 20071 20916 12 21 78 25 41123 3074 14 		 
201212192205 서울특별시 양천구 57199 43669 185 21260 22077 14 23 84 26 43484 2366 15 		 
201212192207 서울특별시 양천구 59972 46041 189 22569 23130 14 24 88 27 45852 2372 16 		 
201212192209 서울특별시 양천구 61127 46694 196 22864 23478 17 24 88 27 46498 653 17 		 
201212192210 서울특별시 양천구 64948 49521 216 24109 25023 20 27 96 30 49305 2827 18 		 
201212192211 서울특별시 양천구 68430 52421 231 25797 26207 21 27 106 32 52190 2900 19 		 
201212192213 서울특별시 양천구 71331 54558 239 26799 27324 22 30 109 35 54319 2137 20 		 
201212192214 서울특별시 양천구 74997 57539 252 28525 28555 24 30 117 36 57287 2981 21 		 
201212192224 서울특별시 양천구 78419 60033 263 29521 30032 24 32 123 38 59770 2494 22 		 
201212192226 서울특별시 양천구 83025 63443 288 31069 31849 25 35 133 44 63155 3410 23 		 
201212192228 서울특별시 양천구 87508 66985 298 32764 33682 25 35 137 44 66687 3542 24 		 
201212192231 서울특별시 양천구 90779 69686 303 34255 34873 27 36 147 45 69383 2701 25 		 
201212192232 서울특별시 양천구 98729 75106 329 36622 37874 33 37 158 53 74777 5420 26 		 
201212192237 서울특별시 양천구 102800 78532 344 38477 39414 33 37 171 56 78188 3426 27 		 
201212192302 서울특별시 양천구 106641 81513 358 39905 40941 33 39 179 58 81155 2981 28 		 
201212192305 서울특별시 양천구 110254 84303 371 41099 42520 34 39 181 59 83932 2790 29 		 
201212192311 서울특별시 양천구 113833 86927 383 42317 43905 34 40 186 62 86544 2624 30 		 
201212192312 서울특별시 양천구 125836 95908 431 46885 48234 42 50 197 69 95477 8981 31 		 
201212192318 서울특별시 양천구 129702 99113 435 48658 49648 42 50 209 71 98678 3205 32 		 
201212192321 서울특별시 양천구 133252 101686 450 49814 51036 44 51 215 76 101236 2573 33 		 
201212192322 서울특별시 양천구 137552 105075 458 51352 52861 47 52 224 81 104617 3389 34 		 
201212192324 서울특별시 양천구 141187 107949 469 52604 54458 51 54 232 81 107480 2874 35 		 
201212192325 서울특별시 양천구 144310 110482 477 53867 55713 52 56 236 81 110005 2533 36 		 
201212192334 서울특별시 양천구 148622 113498 494 55216 57357 53 57 238 83 113004 3016 37 		 
201212192337 서울특별시 양천구 151722 115732 500 56273 58515 57 58 241 88 115232 2234 38 		 
201212192338 서울특별시 양천구 155680 118524 507 57560 60000 59 60 247 91 118017 2792 39 		 
201212192343 서울특별시 양천구 159820 121823 515 59261 61581 60 62 252 92 121308 3299 40 		 
201212192344 서울특별시 양천구 163188 124515 528 60409 63102 61 63 258 94 123987 2692 41 		 
201212192346 서울특별시 양천구 166782 127023 544 61566 64428 62 64 261 98 126479 2508 42 		 
201212192350 서울특별시 양천구 170527 129924 558 62841 66031 63 67 266 98 129366 2901 43 		 
201212192354 서울특별시 양천구 173734 132541 566 64292 67174 63 69 279 98 131975 2617 44 		 
201212192355 서울특별시 양천구 177092 134851 579 65322 68434 64 71 281 100 134272 2310 45 		 
201212192356 서울특별시 양천구 179748 137046 586 66520 69418 64 72 286 100 136460 2195 46 		 
201212192359 서울특별시 양천구 182524 139151 593 67487 70543 66 73 288 101 138558 2105 47 		 
201212200000 서울특별시 양천구 186323 141636 611 68581 71909 67 75 291 102 141025 2485 48 		 
201212200001 서울특별시 양천구 189875 144459 622 69870 73422 67 75 299 104 143837 2823 49 		 
201212200005 서울특별시 양천구 193710 147496 632 71337 74972 67 75 306 107 146864 3037 50 		 
201212200007 서울특별시 양천구 198178 150628 644 72750 76668 70 76 309 111 149984 3132 51 		 
201212200011 서울특별시 양천구 202346 153979 653 74602 78143 70 80 317 114 153326 3351 52 		 
201212200016 서울특별시 양천구 205523 156469 664 75701 79519 70 81 320 114 155805 2490 53 		 
201212200026 서울특별시 양천구 208485 158927 671 77112 80549 72 81 326 116 158256 2458 54 		 
201212200028 서울특별시 양천구 211340 161311 678 78366 81665 74 81 330 117 160633 2384 55 		 
201212200034 서울특별시 양천구 215112 164450 688 79795 83361 74 81 333 118 163762 3139 56 		 
201212200037 서울특별시 양천구 218024 166739 700 80795 84629 75 82 338 120 166039 2289 57 		 
201212200038 서울특별시 양천구 220964 168878 715 81888 85640 79 84 346 126 168163 2139 58 		 
201212200040 서울특별시 양천구 223976 171094 730 82896 86827 80 84 350 127 170364 2216 59 		 
201212200041 서울특별시 양천구 227229 173522 742 84008 88122 82 86 355 127 172780 2428 60 		 
201212200043 서울특별시 양천구 231260 176523 754 85412 89697 85 87 357 131 175769 3001 61 		 
201212200045 서울특별시 양천구 234360 179088 762 86665 90989 87 88 363 134 178326 2565 62 		 
201212200048 서울특별시 양천구 238207 182119 771 88106 92556 87 90 368 141 181348 3031 63 		 
201212200054 서울특별시 양천구 241541 184615 779 89195 93947 88 91 373 142 183836 2496 64 		 
201212200057 서울특별시 양천구 245836 187660 791 90458 95710 91 91 377 142 186869 3045 65 		 
201212200105 서울특별시 양천구 249334 190648 803 91870 97261 92 93 386 143 189845 2988 66 		 
201212200109 서울특별시 양천구 258321 199056 931 95937 101403 104 105 404 172 198125 8408 67 		 
201212200113 서울특별시 양천구 262452 202450 939 97431 103282 106 106 414 172 201511 3394 68 		 
201212200117 서울특별시 양천구 266264 205230 954 98712 104751 110 109 418 176 204276 2780 69 		 
201212200118 서울특별시 양천구 272759 210477 973 101610 107063 112 109 430 180 209504 5247 70 		 
201212200119 서울특별시 양천구 276215 213225 982 102734 108665 114 112 435 183 212243 2748 71 		 
201212200121 서울특별시 양천구 280376 216230 1002 104066 110304 116 114 442 186 215228 3005 72 		 
201212200122 서울특별시 양천구 284158 219123 1022 105417 111818 116 116 446 188 218101 2893 73 		 
201212200123 서울특별시 양천구 286426 220947 1028 106459 112592 116 117 447 188 219919 1824 74 		 
201212200126 서울특별시 양천구 290754 224157 1032 107898 114350 118 119 450 190 223125 3210 75 		 
201212200128 서울특별시 양천구 294912 227341 1038 109233 116182 121 120 456 191 226303 3184 76 		 
201212200129 서울특별시 양천구 298043 229598 1046 110255 117406 121 121 457 192 228552 2257 77 		 
201212200130 서울특별시 양천구 301101 231981 1053 111215 118817 121 121 461 193 230928 2383 78 		 
201212200131 서울특별시 양천구 304438 234436 1066 112314 120155 122 121 464 194 233370 2455 79 		 
201212200133 서울특별시 양천구 307920 236971 1074 113402 121591 123 121 464 196 235897 2535 80 		 
201212200136 서울특별시 양천구 312046 240427 1086 115076 123350 125 124 467 199 239341 3456 81 		 
201212200138 서울특별시 양천구 314866 242358 1100 115933 124402 126 125 471 201 241258 1931 82 		 
201212200142 서울특별시 양천구 318248 245188 1104 117651 125502 127 125 476 203 244084 2830 83 		 
201212200143 서울특별시 양천구 321388 247213 1116 118668 126491 128 127 479 204 246097 2025 84 		 
201212200146 서울특별시 양천구 324438 249529 1126 119842 127610 131 127 484 209 248403 2316 85 		 
201212200147 서울특별시 양천구 327738 251995 1141 120840 129049 135 129 488 213 250854 2466 86 		 
201212200149 서울특별시 양천구 330922 254715 1146 122076 130517 135 130 497 214 253569 2720 87 		 
201212200151 서울특별시 양천구 333916 256738 1157 122998 131599 138 132 500 214 255581 2023 88 		 
201212200154 서울특별시 양천구 337448 259519 1164 124210 133148 141 135 505 216 258355 2781 89 		 
201212200155 서울특별시 양천구 341192 262179 1186 125363 134625 142 137 508 218 260993 2660 90 		 
201212200159 서울특별시 양천구 343385 264024 1193 126089 135730 143 137 513 219 262831 1845 91 		 
201212200200 서울특별시 양천구 344612 264885 1203 126494 136175 143 137 513 220 263682 861 92 		 
201212200202 서울특별시 양천구 351161 269104 1228 128481 138357 149 139 523 227 267876 4219 93 		 
201212200204 서울특별시 양천구 353455 271024 1237 129227 139516 150 140 524 230 269787 1920 94 		 
201212200205 서울특별시 양천구 357261 274051 1245 130572 141179 152 141 529 233 272806 3027 95 		 
201212200208 서울특별시 양천구 360081 276120 1254 131607 142197 153 141 533 235 274866 2069 96 		 
201212200209 서울특별시 양천구 364209 279354 1267 133299 143712 154 144 541 237 278087 3234 97 		 
201212200220 서울특별시 양천구 367809 282320 1272 134558 145406 154 145 547 238 281048 2966 98 		 
201212200222 서울특별시 양천구 371206 284867 1276 135697 146802 156 145 551 240 283591 2547 99 		 
201212200230 서울특별시 양천구 375093 287581 1291 136918 148274 157 146 555 240 286290 2714 100 		 
201212200231 서울특별시 양천구 379234 290695 1303 138289 149993 160 148 561 241 289392 3114 101 		 
201212200240 서울특별시 양천구 382031 292914 1309 139192 151293 160 150 566 244 291605 2219 102 		 
201212200255 서울특별시 양천구 385798 295504 1324 140362 152685 164 151 571 247 294180 2590 103 		 
201212200319 서울특별시 양천구 390352 298925 1341 141920 154524 164 152 576 248 297584 3421 104 		 
201212200326 서울특별시 양천구 390352 298957 1345 141933 154539 164 152 576 248 297612 32 105 		 
