Time AreaA AreaB Total TotalA Invalid VoteA VoteB VoteC VoteD VoteE VoteF TotalB Diff Count
201212192020 서울특별시 강북구 3219 2381 17 1062 1292 2 1 4 3 2364 2381 1 		 
201212192024 서울특별시 강북구 5848 4224 34 1945 2233 3 2 4 3 4190 1843 2 		 
201212192115 서울특별시 강북구 12689 8830 61 4064 4676 6 5 9 9 8769 4606 3 		 
201212192118 서울특별시 강북구 16544 11795 72 5411 6271 10 8 13 10 11723 2965 4 		 
201212192122 서울특별시 강북구 20302 14733 81 6762 7839 11 10 19 11 14652 2938 5 		 
201212192135 서울특별시 강북구 23033 16703 103 7649 8887 13 13 23 15 16600 1970 6 		 
201212192138 서울특별시 강북구 26516 19196 109 8786 10224 21 14 27 15 19087 2493 7 		 
201212192139 서울특별시 강북구 30069 21762 121 9994 11558 24 15 32 18 21641 2566 8 		 
201212192140 서울특별시 강북구 33212 23958 138 11051 12671 25 16 37 20 23820 2196 9 		 
201212192144 서울특별시 강북구 36757 26469 145 12165 14053 29 17 39 21 26324 2511 10 		 
201212192148 서울특별시 강북구 39767 28604 150 13030 15315 30 17 41 21 28454 2135 11 		 
201212192153 서울특별시 강북구 43614 31158 166 14192 16684 32 18 43 23 30992 2554 12 		 
201212192219 서울특별시 강북구 46985 33622 172 15371 17957 35 19 45 23 33450 2464 13 		 
201212192220 서울특별시 강북구 50738 36554 180 16615 19630 36 19 50 24 36374 2932 14 		 
201212192221 서울특별시 강북구 53710 38685 196 17567 20778 38 22 55 29 38489 2131 15 		 
201212192222 서울특별시 강북구 61622 44328 216 20266 23680 48 25 62 31 44112 5643 16 		 
201212192223 서울특별시 강북구 65644 47347 237 21816 25122 50 26 64 32 47110 3019 17 		 
201212192225 서울특별시 강북구 70455 50564 254 23503 26619 54 28 72 34 50310 3217 18 		 
201212192245 서울특별시 강북구 73931 52976 272 24665 27843 56 28 77 35 52704 2412 19 		 
201212192308 서울특별시 강북구 77794 55645 283 25930 29227 58 29 81 37 55362 2669 20 		 
201212192317 서울특별시 강북구 81748 58470 305 27151 30801 58 30 85 40 58165 2825 21 		 
201212192318 서울특별시 강북구 85487 61555 313 28339 32680 61 30 90 42 61242 3085 22 		 
201212192320 서울특별시 강북구 88250 63809 318 29290 33971 62 31 95 42 63491 2254 23 		 
201212192321 서울특별시 강북구 90837 65905 327 30112 35227 63 32 100 44 65578 2096 24 		 
201212192322 서울특별시 강북구 94075 68298 340 31240 36471 64 32 105 46 67958 2393 25 		 
201212192334 서울특별시 강북구 101436 73314 366 33564 39113 68 35 117 51 72948 5016 26 		 
201212192335 서울특별시 강북구 105066 76286 381 35169 40452 69 36 124 55 75905 2972 27 		 
201212192337 서울특별시 강북구 111631 81393 408 37309 43377 73 38 132 56 80985 5107 28 		 
201212192340 서울특별시 강북구 115198 84055 423 38510 44816 74 40 135 57 83632 2662 29 		 
201212192341 서울특별시 강북구 121039 88504 444 40440 47298 80 42 140 60 88060 4449 30 		 
201212192345 서울특별시 강북구 125263 91681 462 42069 48817 83 43 146 61 91219 3177 31 		 
201212200005 서울특별시 강북구 128608 94085 471 43119 50158 83 43 148 63 93614 2404 32 		 
201212200006 서울특별시 강북구 131104 95837 478 43942 51075 85 44 150 63 95359 1752 33 		 
201212200007 서울특별시 강북구 139017 101410 506 46662 53878 87 47 158 72 100904 5573 34 		 
201212200008 서울특별시 강북구 143123 104382 519 48127 55357 91 49 164 75 103863 2972 35 		 
201212200012 서울특별시 강북구 146651 106944 530 49265 56763 93 49 168 76 106414 2562 36 		 
201212200013 서울특별시 강북구 149832 109324 543 50401 57989 93 50 171 77 108781 2380 37 		 
201212200027 서울특별시 강북구 152737 111064 552 51190 58925 94 50 172 81 110512 1740 38 		 
201212200028 서울특별시 강북구 156063 113472 576 52240 60250 96 50 175 85 112896 2408 39 		 
201212200029 서울특별시 강북구 160882 117245 591 53788 62437 98 53 191 87 116654 3773 40 		 
201212200033 서울특별시 강북구 164086 119620 609 54929 63646 102 55 192 87 119011 2375 41 		 
201212200040 서울특별시 강북구 167812 122344 621 56252 65022 104 58 196 91 121723 2724 42 		 
201212200041 서울특별시 강북구 169682 123713 629 56801 65829 106 59 198 91 123084 1369 43 		 
201212200042 서울특별시 강북구 176097 128327 655 58838 68361 108 65 207 93 127672 4614 44 		 
201212200043 서울특별시 강북구 179880 131078 661 60062 69876 108 67 208 96 130417 2751 45 		 
201212200044 서울특별시 강북구 183543 133815 676 61330 71320 110 68 212 99 133139 2737 46 		 
201212200048 서울특별시 강북구 187806 136905 706 62757 72944 111 69 218 100 136199 3090 47 		 
201212200049 서울특별시 강북구 190774 139003 719 63711 74069 114 69 221 100 138284 2098 48 		 
201212200052 서울특별시 강북구 194023 141140 728 64748 75152 115 69 227 101 140412 2137 49 		 
201212200100 서울특별시 강북구 200842 146024 757 66975 77761 120 72 233 106 145267 4884 50 		 
201212200101 서울특별시 강북구 208376 151610 781 69285 80995 121 74 243 111 150829 5586 51 		 
201212200102 서울특별시 강북구 211468 153887 794 70244 82287 121 77 251 113 153093 2277 52 		 
201212200105 서울특별시 강북구 215425 156799 808 71504 83916 123 79 255 114 155991 2912 53 		 
201212200121 서울특별시 강북구 221061 160743 830 73262 86067 128 79 260 117 159913 3944 54 		 
201212200122 서울특별시 강북구 227717 165529 855 75493 88577 133 86 265 120 164674 4786 55 		 
201212200123 서울특별시 강북구 234233 170051 886 77430 91112 136 87 275 125 169165 4522 56 		 
201212200124 서울특별시 강북구 238162 172445 895 78448 92474 136 87 278 127 171550 2394 57 		 
201212200127 서울특별시 강북구 242229 174977 908 79554 93875 138 88 285 129 174069 2532 58 		 
201212200129 서울특별시 강북구 245351 177337 923 80610 95159 138 89 289 129 176414 2360 59 		 
201212200134 서울특별시 강북구 249087 180037 949 81956 96475 142 89 296 130 179088 2700 60 		 
201212200139 서울특별시 강북구 255524 184600 972 83915 99045 145 92 299 132 183628 4563 61 		 
201212200142 서울특별시 강북구 258765 186965 985 85025 100274 148 93 307 133 185980 2365 62 		 
201212200143 서울특별시 강북구 262229 189305 997 86165 101456 150 95 308 134 188308 2340 63 		 
201212200154 서울특별시 강북구 269703 194740 1011 88456 104567 153 98 320 135 193729 5435 64 		 
201212200155 서울특별시 강북구 274829 199587 1124 90635 107081 158 104 326 159 198463 4847 65 		 
201212200156 서울특별시 강북구 278509 202381 1148 91931 108541 164 104 329 164 201233 2794 66 		 
201212200212 서울특별시 강북구 282849 205544 1171 93436 110160 168 108 336 165 204373 3163 67 		 
201212200213 서울특별시 강북구 286118 207903 1187 94473 111452 169 110 341 171 206716 2359 68 		 
201212200255 서울특별시 강북구 286118 207927 1187 94479 111470 169 110 341 171 206740 24 69 		 
