Time AreaA AreaB Total TotalA Invalid VoteA VoteB VoteC VoteD VoteE VoteF TotalB Diff Count
201212192028 서울특별시 서초구 3337 2562 3 1425 1123 2 2 6 1 2559 2562 1 		 
201212192042 서울특별시 서초구 4934 3748 7 2135 1590 3 2 10 1 3741 1186 2 		 
201212192047 서울특별시 서초구 8547 6468 20 3859 2553 4 3 24 5 6448 2720 3 		 
201212192050 서울특별시 서초구 9832 7415 30 4471 2874 4 4 26 6 7385 947 4 		 
201212192052 서울특별시 서초구 13515 10280 33 6103 4089 6 5 35 9 10247 2865 5 		 
201212192054 서울특별시 서초구 17061 13135 47 7802 5220 8 6 42 10 13088 2855 6 		 
201212192055 서울특별시 서초구 22229 17194 56 10526 6529 8 7 57 11 17138 4059 7 		 
201212192057 서울특별시 서초구 25392 19744 66 12118 7472 8 7 62 11 19678 2550 8 		 
201212192059 서울특별시 서초구 29315 22602 78 13701 8720 9 8 72 14 22524 2858 9 		 
201212192111 서울특별시 서초구 32889 25235 90 15053 9983 9 9 77 14 25145 2633 10 		 
201212192113 서울특별시 서초구 36802 28274 102 16595 11457 10 11 84 15 28172 3039 11 		 
201212192115 서울특별시 서초구 40040 30981 113 18187 12554 10 13 87 17 30868 2707 12 		 
201212192125 서울특별시 서초구 42474 33033 117 19353 13428 10 13 92 20 32916 2052 13 		 
201212192142 서울특별시 서초구 46376 36122 133 21503 14340 10 13 102 21 35989 3089 14 		 
201212192143 서울특별시 서초구 49678 38866 142 23472 15093 10 15 112 22 38724 2744 15 		 
201212192154 서울특별시 서초구 54337 42613 157 25505 16781 10 16 121 23 42456 3747 16 		 
201212192155 서울특별시 서초구 57206 44613 169 26607 17660 12 16 124 25 44444 2000 17 		 
201212192159 서울특별시 서초구 60996 47536 179 28029 19143 13 17 128 27 47357 2923 18 		 
201212192201 서울특별시 서초구 64895 50476 185 29351 20746 14 19 131 30 50291 2940 19 		 
201212192204 서울특별시 서초구 68147 52924 196 30846 21676 14 21 140 31 52728 2448 20 		 
201212192214 서울특별시 서초구 71665 55653 208 32137 23091 14 22 148 33 55445 2729 21 		 
201212192215 서울특별시 서초구 73267 56915 215 32787 23692 14 23 150 34 56700 1262 22 		 
201212192216 서울특별시 서초구 77537 60120 227 34896 24756 16 26 165 34 59893 3205 23 		 
201212192217 서울특별시 서초구 80507 62542 232 36462 25603 16 26 169 34 62310 2422 24 		 
201212192218 서울특별시 서초구 84180 65282 237 37934 26857 19 27 173 35 65045 2740 25 		 
201212192221 서울특별시 서초구 88307 68405 247 39860 28035 20 28 180 35 68158 3123 26 		 
201212192225 서울특별시 서초구 92559 71684 262 41767 29385 22 28 184 36 71422 3279 27 		 
201212192226 서울특별시 서초구 95663 73818 272 42871 30403 23 28 184 37 73546 2134 28 		 
201212192227 서울특별시 서초구 98974 76458 287 44532 31351 25 30 196 37 76171 2640 29 		 
201212192228 서울특별시 서초구 102801 78671 294 45513 32573 25 30 199 37 78377 2213 30 		 
201212192230 서울특별시 서초구 105850 80966 299 46599 33767 25 34 205 37 80667 2295 31 		 
201212192231 서울특별시 서초구 109062 83573 307 47673 35284 25 36 210 38 83266 2607 32 		 
201212192300 서울특별시 서초구 111452 85416 314 48710 36078 25 37 213 39 85102 1843 33 		 
201212192301 서울특별시 서초구 115083 88319 322 50475 37189 26 38 226 43 87997 2903 34 		 
201212192305 서울특별시 서초구 119361 91551 334 52390 38482 29 38 233 45 91217 3232 35 		 
201212192320 서울특별시 서초구 123331 94781 343 54550 39530 29 38 243 48 94438 3230 36 		 
201212192325 서울특별시 서초구 126784 97506 352 56281 40503 29 40 253 48 97154 2725 37 		 
201212192326 서울특별시 서초구 129762 99697 356 57498 41468 29 40 257 49 99341 2191 38 		 
201212192330 서울특별시 서초구 133194 102261 368 59202 42305 29 42 265 50 101893 2564 39 		 
201212192331 서울특별시 서초구 135991 104373 375 60355 43255 29 42 266 51 103998 2112 40 		 
201212192333 서울특별시 서초구 140375 107577 382 62433 44364 29 42 272 55 107195 3204 41 		 
201212192334 서울특별시 서초구 144445 110603 387 64359 45447 29 44 279 58 110216 3026 42 		 
201212192336 서울특별시 서초구 150454 115075 400 66608 47642 30 48 287 60 114675 4472 43 		 
201212192337 서울특별시 서초구 153558 117550 409 68154 48546 31 50 297 63 117141 2475 44 		 
201212192343 서울특별시 서초구 156355 119709 412 69246 49602 33 50 301 65 119297 2159 45 		 
201212192344 서울특별시 서초구 158614 121563 418 70306 50385 33 50 305 66 121145 1854 46 		 
201212192345 서울특별시 서초구 162628 124686 430 71834 51958 36 52 309 67 124256 3123 47 		 
201212192353 서울특별시 서초구 165878 127306 437 73316 53082 36 54 314 67 126869 2620 48 		 
201212192356 서울특별시 서초구 168972 129865 444 75103 53830 36 55 328 69 129421 2559 49 		 
201212192357 서울특별시 서초구 172606 132826 449 76986 54890 36 57 338 70 132377 2961 50 		 
201212200002 서울특별시 서초구 176286 135413 463 78318 56128 36 57 339 72 134950 2587 51 		 
201212200007 서울특별시 서초구 179941 137638 470 79411 57247 36 59 342 73 137168 2225 52 		 
201212200008 서울특별시 서초구 183143 140215 482 81054 58160 36 59 350 74 139733 2577 53 		 
201212200009 서울특별시 서초구 186930 142954 491 82412 59521 36 62 357 75 142463 2739 54 		 
201212200010 서울특별시 서초구 190989 145991 506 84083 60864 37 62 363 76 145485 3037 55 		 
201212200011 서울특별시 서초구 194508 148589 514 85544 61986 37 65 367 76 148075 2598 56 		 
201212200012 서울특별시 서초구 202278 154302 526 89152 64055 38 69 384 78 153776 5713 57 		 
201212200019 서울특별시 서초구 206792 157814 536 91185 65511 39 71 391 81 157278 3512 58 		 
201212200021 서울특별시 서초구 211197 160958 540 93471 66358 39 71 397 82 160418 3144 59 		 
201212200029 서울특별시 서초구 215756 164476 550 95463 67864 40 71 404 84 163926 3518 60 		 
201212200030 서울특별시 서초구 219010 167198 562 97483 68545 40 73 410 85 166636 2722 61 		 
201212200031 서울특별시 서초구 223996 170561 580 99649 69709 40 74 421 88 169981 3363 62 		 
201212200032 서울특별시 서초구 227667 173179 591 100821 71137 40 75 425 90 172588 2618 63 		 
201212200035 서울특별시 서초구 230761 175657 601 102473 71943 41 76 432 91 175056 2478 64 		 
201212200045 서울특별시 서초구 234496 178586 609 104495 72832 41 77 440 92 177977 2929 65 		 
201212200046 서울특별시 서초구 237533 181047 618 106102 73665 42 77 451 92 180429 2461 66 		 
201212200047 서울특별시 서초구 239847 182984 626 107510 74181 42 77 455 93 182358 1937 67 		 
201212200053 서울특별시 서초구 243262 185768 633 109336 75114 44 77 469 95 185135 2784 68 		 
201212200054 서울특별시 서초구 247095 188630 642 111349 75940 44 80 479 96 187988 2862 69 		 
201212200056 서울특별시 서초구 248558 189806 649 111959 76497 45 80 480 96 189157 1176 70 		 
201212200057 서울특별시 서초구 251786 192222 666 113180 77668 45 80 486 97 191556 2416 71 		 
201212200101 서울특별시 서초구 255007 194755 677 114783 78578 45 80 494 98 194078 2533 72 		 
201212200103 서울특별시 서초구 258686 197642 691 116533 79690 47 83 498 100 196951 2887 73 		 
201212200105 서울특별시 서초구 264006 201794 720 118687 81647 47 84 506 103 201074 4152 74 		 
201212200106 서울특별시 서초구 267005 204096 731 119776 82840 47 87 511 104 203365 2302 75 		 
201212200107 서울특별시 서초구 271513 207467 742 121317 84648 47 88 519 106 206725 3371 76 		 
201212200108 서울특별시 서초구 274496 209783 752 122327 85938 47 89 522 108 209031 2316 77 		 
201212200109 서울특별시 서초구 277888 212331 766 123833 86949 47 92 534 110 211565 2548 78 		 
201212200115 서울특별시 서초구 280570 214582 776 125412 87603 47 93 541 110 213806 2251 79 		 
201212200116 서울특별시 서초구 283755 217057 785 126666 88806 47 96 546 111 216272 2475 80 		 
201212200126 서울특별시 서초구 290849 222580 804 130181 90773 48 97 564 113 221776 5523 81 		 
201212200127 서울특별시 서초구 295341 226161 815 132329 92179 49 100 576 113 225346 3581 82 		 
201212200129 서울특별시 서초구 300393 230009 837 134663 93657 50 103 583 116 229172 3848 83 		 
201212200132 서울특별시 서초구 304003 232182 842 135647 94836 50 105 586 116 231340 2173 84 		 
201212200133 서울특별시 서초구 307093 234477 853 137026 95727 50 105 598 118 233624 2295 85 		 
201212200134 서울특별시 서초구 309801 236646 863 138447 96457 50 106 605 118 235783 2169 86 		 
201212200135 서울특별시 서초구 311747 238038 873 139314 96964 50 108 609 120 237165 1392 87 		 
201212200139 서울특별시 서초구 315390 240842 879 141066 98003 50 110 614 120 239963 2804 88 		 
201212200145 서울특별시 서초구 322310 247308 965 144729 100675 57 117 631 134 246343 6466 89 		 
201212200149 서울특별시 서초구 324859 249188 983 145709 101550 59 118 632 137 248205 1880 90 		 
201212200151 서울특별시 서초구 327994 251777 992 147439 102393 59 119 637 138 250785 2589 91 		 
201212200155 서울특별시 서초구 331311 254406 999 148677 103760 61 122 645 142 253407 2629 92 		 
201212200158 서울특별시 서초구 335208 257156 1010 150012 105149 64 124 654 143 256146 2750 93 		 
201212200213 서울특별시 서초구 338868 260091 1024 151809 106260 64 126 665 143 259067 2935 94 		 
201212200214 서울특별시 서초구 342605 263064 1038 153780 107243 65 126 669 143 262026 2973 95 		 
201212200215 서울특별시 서초구 345946 265576 1047 154974 108546 66 129 671 143 264529 2512 96 		 
201212200218 서울특별시 서초구 348950 268008 1052 156295 109647 66 129 675 144 266956 2432 97 		 
201212200304 서울특별시 서초구 352640 270849 1064 158112 110649 68 129 680 147 269785 2841 98 		 
201212200407 서울특별시 서초구 352640 270848 1063 158112 110649 68 129 680 147 269785 -1 99 		 
