Time AreaA AreaB Total TotalA Invalid VoteA VoteB VoteC VoteD VoteE VoteF TotalB Diff Count
201212192021 서울특별시 강서구 5503 4156 21 2379 1733 1 3 8 11 4135 4156 1 		 
201212192029 서울특별시 강서구 9186 6966 33 3992 2912 1 3 12 13 6933 2810 2 		 
201212192041 서울특별시 강서구 13516 9874 43 5263 4528 3 5 19 13 9831 2908 3 		 
201212192044 서울특별시 강서구 17485 13062 51 6685 6278 4 7 22 15 13011 3188 4 		 
201212192054 서울특별시 강서구 21038 15543 81 7862 7536 11 10 25 18 15462 2481 5 		 
201212192059 서울특별시 강서구 24449 18082 102 9104 8799 14 11 31 21 17980 2539 6 		 
201212192102 서울특별시 강서구 28663 21165 115 10592 10370 17 12 38 21 21050 3083 7 		 
201212192106 서울특별시 강서구 31001 22970 125 11380 11366 20 12 44 23 22845 1805 8 		 
201212192107 서울특별시 강서구 36051 26635 132 13067 13324 20 12 54 26 26503 3665 9 		 
201212192112 서울특별시 강서구 38733 28917 140 14151 14506 21 12 59 28 28777 2282 10 		 
201212192116 서울특별시 강서구 40614 30331 149 15000 15055 24 13 60 30 30182 1414 11 		 
201212192120 서울특별시 강서구 44363 33231 157 16255 16677 26 15 69 32 33074 2900 12 		 
201212192121 서울특별시 강서구 49027 36972 170 18082 18564 29 15 75 37 36802 3741 13 		 
201212192123 서울특별시 강서구 51548 38718 188 18992 19369 34 16 78 41 38530 1746 14 		 
201212192125 서울특별시 강서구 54597 40816 199 19982 20455 36 17 84 43 40617 2098 15 		 
201212192129 서울특별시 강서구 57997 43235 221 21131 21680 41 21 93 48 43014 2419 16 		 
201212192136 서울특별시 강서구 61028 45711 232 22125 23140 41 24 98 51 45479 2476 17 		 
201212192137 서울특별시 강서구 64900 48507 243 23361 24685 42 25 99 52 48264 2796 18 		 
201212192138 서울특별시 강서구 68076 51008 255 24444 26082 45 27 101 54 50753 2501 19 		 
201212192140 서울특별시 강서구 71354 53283 260 25506 27286 45 27 103 56 53023 2275 20 		 
201212192143 서울특별시 강서구 75921 56931 279 27256 29157 49 29 104 57 56652 3648 21 		 
201212192145 서울특별시 강서구 83775 62657 320 29983 32088 52 32 120 62 62337 5726 22 		 
201212192146 서울특별시 강서구 88055 65817 332 31315 33896 52 35 123 64 65485 3160 23 		 
201212192149 서울특별시 강서구 92789 69442 349 32961 35839 55 38 133 67 69093 3625 24 		 
201212192150 서울특별시 강서구 96929 72724 365 34356 37696 56 39 141 71 72359 3282 25 		 
201212192151 서울특별시 강서구 99963 75137 378 35337 39110 56 41 143 72 74759 2413 26 		 
201212192224 서울특별시 강서구 103330 77553 392 36482 40358 57 42 148 74 77161 2416 27 		 
201212192226 서울특별시 강서구 108777 81908 404 38485 42687 59 43 155 75 81504 4355 28 		 
201212192227 서울특별시 강서구 115862 87287 423 40902 45610 59 45 167 81 86864 5379 29 		 
201212192229 서울특별시 강서구 119914 90402 434 42325 47279 63 47 172 82 89968 3115 30 		 
201212192230 서울특별시 강서구 123689 92863 447 43618 48422 64 49 177 86 92416 2461 31 		 
201212192232 서울특별시 강서구 127676 96143 457 45172 50127 65 50 186 86 95686 3280 32 		 
201212192235 서울특별시 강서구 135708 102115 496 48026 53179 70 52 200 92 101619 5972 33 		 
201212192236 서울특별시 강서구 138869 104740 501 49196 54618 70 53 206 96 104239 2625 34 		 
201212192237 서울특별시 강서구 141952 106917 515 50201 55768 72 54 208 99 106402 2177 35 		 
201212192245 서울특별시 강서구 151533 115850 686 54403 60253 78 65 234 131 115164 8933 36 		 
201212192248 서울특별시 강서구 154607 118054 703 55361 61472 78 68 238 134 117351 2204 37 		 
201212192249 서울특별시 강서구 157156 120035 710 56354 62444 79 70 240 138 119325 1981 38 		 
201212192250 서울특별시 강서구 161882 123420 722 57832 64332 80 72 242 140 122698 3385 39 		 
201212192252 서울특별시 강서구 166553 126880 734 59218 66382 81 74 250 141 126146 3460 40 		 
201212192255 서울특별시 강서구 170281 129653 742 60472 67882 82 75 258 142 128911 2773 41 		 
201212192302 서울특별시 강서구 173365 132291 748 62117 68863 82 76 261 144 131543 2638 42 		 
201212192303 서울특별시 강서구 177221 135207 761 63346 70529 82 77 268 144 134446 2916 43 		 
201212192315 서울특별시 강서구 181417 138594 771 64812 72431 82 79 274 145 137823 3387 44 		 
201212192316 서울특별시 강서구 186035 141948 792 66177 74392 82 80 278 147 141156 3354 45 		 
201212192317 서울특별시 강서구 190109 145352 799 67844 76113 82 81 284 149 144553 3404 46 		 
201212192319 서울특별시 강서구 194406 148559 807 69134 78012 84 84 287 151 147752 3207 47 		 
201212192320 서울특별시 강서구 198304 151166 817 70263 79471 86 86 291 152 150349 2607 48 		 
201212192321 서울특별시 강서구 201759 153665 824 71496 80727 86 88 292 152 152841 2499 49 		 
201212192324 서울특별시 강서구 210547 159977 848 74366 84124 86 91 303 159 159129 6312 50 		 
201212192325 서울특별시 강서구 218834 166045 874 77015 87497 91 95 309 164 165171 6068 51 		 
201212192326 서울특별시 강서구 223361 169844 883 79212 89083 93 97 312 164 168961 3799 52 		 
201212192328 서울특별시 강서구 231874 176014 901 81887 92539 100 101 320 166 175113 6170 53 		 
201212192329 서울특별시 강서구 234899 178530 910 83250 93671 101 103 325 170 177620 2516 54 		 
201212192331 서울특별시 강서구 238561 181258 920 84550 95081 101 105 330 171 180338 2728 55 		 
201212192345 서울특별시 강서구 246263 187681 941 87373 98635 104 108 342 178 186740 6423 56 		 
201212192346 서울특별시 강서구 250120 190624 948 88882 100057 104 109 344 180 189676 2943 57 		 
201212192347 서울특별시 강서구 253816 193469 951 90189 101586 105 110 346 182 192518 2845 58 		 
201212192348 서울특별시 강서구 256956 195729 968 91358 102649 105 110 352 187 194761 2260 59 		 
201212192349 서울특별시 강서구 260515 198333 979 92669 103921 107 112 357 188 197354 2604 60 		 
201212192350 서울특별시 강서구 264480 201169 992 93860 105543 110 113 360 191 200177 2836 61 		 
201212192351 서울특별시 강서구 268525 204510 1001 95278 107445 110 113 371 192 203509 3341 62 		 
201212200000 서울특별시 강서구 271395 206734 1013 96436 108495 110 114 372 194 205721 2224 63 		 
201212200001 서울특별시 강서구 276460 209874 1019 97809 110247 111 114 378 196 208855 3140 64 		 
201212200005 서울특별시 강서구 280582 212973 1034 99377 111751 113 117 383 198 211939 3099 65 		 
201212200011 서울특별시 강서구 285672 216551 1045 100830 113847 115 122 390 202 215506 3578 66 		 
201212200012 서울특별시 강서구 289805 219568 1066 102095 115571 116 123 393 204 218502 3017 67 		 
201212200013 서울특별시 강서구 294222 223120 1076 103435 117760 117 124 401 207 222044 3552 68 		 
201212200015 서울특별시 강서구 297319 225514 1083 104657 118917 118 125 406 208 224431 2394 69 		 
201212200025 서울특별시 강서구 305616 232009 1102 108017 122011 120 126 421 212 230907 6495 70 		 
201212200030 서울특별시 강서구 309458 234659 1109 109246 123414 120 127 425 218 233550 2650 71 		 
201212200031 서울특별시 강서구 312805 236999 1119 110417 124566 121 129 428 219 235880 2340 72 		 
201212200032 서울특별시 강서구 316458 239660 1133 111465 126155 122 130 433 222 238527 2661 73 		 
201212200034 서울특별시 강서구 320110 242711 1143 112924 127721 123 133 441 226 241568 3051 74 		 
201212200035 서울특별시 강서구 328178 248971 1168 115715 131145 124 136 450 233 247803 6260 75 		 
201212200036 서울특별시 강서구 332312 251874 1179 117103 132644 126 137 451 234 250695 2903 76 		 
201212200040 서울특별시 강서구 336913 255613 1192 118738 134724 126 138 459 236 254421 3739 77 		 
201212200042 서울특별시 강서구 340267 258198 1204 119935 136092 126 139 465 237 256994 2585 78 		 
201212200043 서울특별시 강서구 343881 260715 1216 121053 137469 128 140 471 238 259499 2517 79 		 
201212200044 서울특별시 강서구 347554 263543 1225 122487 138842 131 140 475 243 262318 2828 80 		 
201212200045 서울특별시 강서구 351661 266778 1236 124038 140500 132 142 484 246 265542 3235 81 		 
201212200046 서울특별시 강서구 354359 268710 1263 125024 141406 136 143 487 251 267447 1932 82 		 
201212200050 서울특별시 강서구 359583 272370 1272 126540 143530 137 148 490 253 271098 3660 83 		 
201212200053 서울특별시 강서구 363220 275122 1282 127804 145004 137 150 492 253 273840 2752 84 		 
201212200054 서울특별시 강서구 366021 277165 1297 128774 146051 140 150 496 257 275868 2043 85 		 
201212200055 서울특별시 강서구 373796 282811 1318 131642 148781 144 154 507 265 281493 5646 86 		 
201212200057 서울특별시 강서구 379919 287480 1340 133806 151254 145 154 515 266 286140 4669 87 		 
201212200102 서울특별시 강서구 383628 290569 1360 135294 152828 145 154 520 268 289209 3089 88 		 
201212200111 서울특별시 강서구 390361 295676 1370 137411 155790 147 155 528 275 294306 5107 89 		 
201212200114 서울특별시 강서구 394149 298418 1383 138575 157347 150 155 531 277 297035 2742 90 		 
201212200116 서울특별시 강서구 397063 300477 1412 139610 158330 153 158 532 282 299065 2059 91 		 
201212200119 서울특별시 강서구 404948 306594 1439 142517 161489 154 160 549 286 305155 6117 92 		 
201212200128 서울특별시 강서구 408464 309006 1449 143690 162709 154 162 553 289 307557 2412 93 		 
201212200133 서울특별시 강서구 412966 312658 1469 145309 164710 155 164 559 292 311189 3652 94 		 
201212200134 서울특별시 강서구 418168 316143 1487 146747 166732 157 166 561 293 314656 3485 95 		 
201212200135 서울특별시 강서구 423180 319665 1502 148282 168694 157 169 564 297 318163 3522 96 		 
201212200136 서울특별시 강서구 426895 322419 1517 149509 170198 157 171 569 298 320902 2754 97 		 
201212200138 서울특별시 강서구 430765 325224 1523 150757 171741 158 173 573 299 323701 2805 98 		 
201212200139 서울특별시 강서구 435592 328703 1535 152183 173773 159 173 578 302 327168 3479 99 		 
201212200140 서울특별시 강서구 438683 330968 1544 153300 174905 160 173 580 306 329424 2265 100 		 
201212200145 서울특별시 강서구 442301 333727 1557 154556 176380 161 177 590 306 332170 2759 101 		 
201212200146 서울특별시 강서구 446695 337150 1581 156004 178316 164 179 596 310 335569 3423 102 		 
201212200150 서울특별시 강서구 456066 344321 1609 159570 181867 169 184 610 312 342712 7171 103 		 
201212200154 서울특별시 강서구 459980 347441 1619 161008 183531 170 184 615 314 345822 3120 104 		 
201212200156 서울특별시 강서구 463571 350003 1652 162199 184859 173 186 617 317 348351 2562 105 		 
201212200314 서울특별시 강서구 463571 350023 1652 162212 184866 173 186 617 317 348371 20 106 		 
