Time AreaA AreaB Total TotalA Invalid VoteA VoteB VoteC VoteD VoteE VoteF TotalB Diff Count
201212191947 서울특별시 성북구 2367 1633 15 843 767 3 1 2 2 1618 1633 1 정릉제3동제2투표구 		 
201212192002 서울특별시 성북구 5688 4360 18 1920 2398 7 6 7 4 4342 2727 2 돈암제2동제3투표구 		 
201212192004 서울특별시 성북구 10245 7778 36 3544 4158 10 9 14 7 7742 3418 3 　 		 
201212192012 서울특별시 성북구 12733 9847 41 4512 5247 11 10 16 10 9806 2069 4 길음제1동제7투표구 		 
201212192024 서울특별시 성북구 17335 13060 62 6051 6889 12 13 22 11 12998 3213 5 　 		 
201212192026 서울특별시 성북구 20204 15011 74 6868 8002 15 15 24 13 14937 1951 6 　 		 
201212192030 서울특별시 성북구 24779 18558 85 8549 9846 17 18 28 15 18473 3547 7 　 		 
201212192034 서울특별시 성북구 29595 22033 101 10161 11676 18 22 36 19 21932 3475 8   		 
201212192035 서울특별시 성북구 32852 24544 112 11541 12782 20 25 41 23 24432 2511 9   		 
201212192048 서울특별시 성북구 38249 28610 130 13320 15038 21 29 46 26 28480 4066 10   		 
201212192049 서울특별시 성북구 42286 31570 146 14734 16553 22 30 58 27 31424 2960 11   		 
201212192056 서울특별시 성북구 45746 34238 150 16007 17930 22 31 67 31 34088 2668 12   		 
201212192101 서울특별시 성북구 50132 37530 165 17418 19782 22 34 74 35 37365 3292 13   		 
201212192102 서울특별시 성북구 55376 41264 188 19217 21683 23 34 82 37 41076 3734 14   		 
201212192104 서울특별시 성북구 60114 44986 198 21016 23583 26 37 88 38 44788 3722 15   		 
201212192109 서울특별시 성북구 63493 47545 211 22190 24947 26 39 92 40 47334 2559 16   		 
201212192113 서울특별시 성북구 68493 50918 224 23696 26785 26 41 102 44 50694 3373 17   		 
201212192115 서울특별시 성북구 72260 53337 243 24790 28080 28 41 107 48 53094 2419 18   		 
201212192118 서울특별시 성북구 76819 56364 264 26311 29552 30 45 113 49 56100 3027 19   		 
201212192119 서울특별시 성북구 79088 58065 273 27100 30447 32 46 115 52 57792 1701 20   		 
201212192125 서울특별시 성북구 84185 61626 288 28755 32325 33 48 118 59 61338 3561 21   		 
201212192127 서울특별시 성북구 88253 64913 297 30201 34146 34 48 125 62 64616 3287 22   		 
201212192136 서울특별시 성북구 92219 67704 309 31479 35636 38 49 128 65 67395 2791 23   		 
201212192138 서울특별시 성북구 96869 71023 332 32830 37568 41 50 135 67 70691 3319 24   		 
201212192140 서울특별시 성북구 101410 74616 343 34440 39531 43 53 138 68 74273 3593 25   		 
201212192144 서울특별시 성북구 104867 77141 357 35453 41020 43 55 144 69 76784 2525 26   		 
201212192146 서울특별시 성북구 108106 79567 373 36532 42343 45 56 147 71 79194 2426 27   		 
201212192152 서울특별시 성북구 111991 82455 384 37964 43776 47 59 150 75 82071 2888 28   		 
201212192154 서울특별시 성북구 119477 88349 399 40633 46967 51 61 159 79 87950 5894 29   		 
201212192157 서울특별시 성북구 126543 93516 417 43060 49671 53 63 169 83 93099 5167 30   		 
201212192159 서울특별시 성북구 134425 99410 458 46189 52381 56 67 174 85 98952 5894 31   		 
201212192215 서울특별시 성북구 138164 102381 470 47594 53930 57 68 175 87 101911 2971 32   		 
201212192221 서울특별시 성북구 141446 105099 478 48897 55325 59 72 178 90 104621 2718 33   		 
201212192222 서울특별시 성북구 144434 107222 488 49841 56484 63 73 183 90 106734 2123 34   		 
201212192224 서울특별시 성북구 148541 110474 502 51168 58384 65 76 188 91 109972 3252 35   		 
201212192226 서울특별시 성북구 153237 114072 512 52745 60387 66 76 194 92 113560 3598 36   		 
201212192228 서울특별시 성북구 156832 116673 519 53766 61954 69 76 196 93 116154 2601 37   		 
201212192229 서울특별시 성북구 164336 122295 543 56427 64873 72 76 204 100 121752 5622 38   		 
201212192232 서울특별시 성북구 167865 125227 556 57809 66398 73 77 210 104 124671 2932 39   		 
201212192233 서울특별시 성북구 175652 130948 587 60383 69496 77 79 218 108 130361 5721 40   		 
201212192238 서울특별시 성북구 182255 135648 608 62578 71960 82 82 225 113 135040 4700 41   		 
201212192243 서울특별시 성북구 186662 138956 622 63991 73834 83 84 228 114 138334 3308 42   		 
201212192244 서울특별시 성북구 191774 143093 631 65960 75980 85 86 233 118 142462 4137 43   		 
201212192246 서울특별시 성북구 195569 146086 646 67234 77675 88 88 236 119 145440 2993 44   		 
201212192247 서울특별시 성북구 200106 149677 662 68927 79551 89 91 237 120 149015 3591 45   		 
201212192248 서울특별시 성북구 203307 152013 678 69805 80983 89 93 241 124 151335 2336 46   		 
201212192252 서울특별시 성북구 207623 155375 697 71361 82760 91 96 245 125 154678 3362 47   		 
201212192253 서울특별시 성북구 211588 158472 712 72839 84347 94 96 257 127 157760 3097 48   		 
201212192254 서울특별시 성북구 215156 161285 723 74001 85974 96 97 263 131 160562 2813 49   		 
201212192256 서울특별시 성북구 218347 163647 736 75078 87234 100 98 267 134 162911 2362 50   		 
201212192300 서울특별시 성북구 221720 166130 748 76319 88456 102 101 270 134 165382 2483 51   		 
201212192302 서울특별시 성북구 225291 168990 754 77517 90103 103 102 275 136 168236 2860 52   		 
201212192307 서울특별시 성북구 229998 172114 766 78969 91759 103 102 278 137 171348 3124 53   		 
201212192315 서울특별시 성북구 237792 177966 805 81662 94853 105 106 291 144 177161 5852 54   		 
201212192317 서울특별시 성북구 241298 180531 819 82843 96212 108 107 293 149 179712 2565 55   		 
201212192318 서울특별시 성북구 246602 184283 839 84524 98249 110 113 295 153 183444 3752 56   		 
201212192319 서울특별시 성북구 255358 190584 866 87358 101662 115 117 306 160 189718 6301 57   		 
201212192320 서울특별시 성북구 259912 193830 881 88766 103477 116 121 307 162 192949 3246 58   		 
201212192324 서울특별시 성북구 269166 200752 906 92008 107110 124 125 317 162 199846 6922 59   		 
201212192329 서울특별시 성북구 273907 203995 919 93499 108837 127 126 323 164 203076 3243 60   		 
201212192331 서울특별시 성북구 278338 207386 933 95031 110673 128 128 327 166 206453 3391 61   		 
201212192333 서울특별시 성북구 281469 209850 948 96105 112037 129 131 332 168 208902 2464 62   		 
201212192352 서울특별시 성북구 286106 213609 966 97552 114316 133 132 340 170 212643 3759 63   		 
201212192353 서울특별시 성북구 290025 216402 989 98897 115730 135 135 344 172 215413 2793 64   		 
201212192354 서울특별시 성북구 294971 219818 1001 100567 117459 136 137 346 172 218817 3416 65   		 
201212192357 서울특별시 성북구 297585 221997 1009 101472 118715 137 137 354 173 220988 2179 66   		 
201212200001 서울특별시 성북구 301339 224711 1024 102749 120127 138 140 359 174 223687 2714 67   		 
201212200011 서울특별시 성북구 305729 227842 1034 104060 121930 139 140 362 177 226808 3131 68   		 
201212200012 서울특별시 성북구 308543 229829 1044 104980 122980 140 143 365 177 228785 1987 69   		 
201212200016 서울특별시 성북구 312575 232892 1057 106327 124669 141 145 372 181 231835 3063 70   		 
201212200049 서울특별시 성북구 316838 235650 1068 107613 126125 142 146 373 183 234582 2758 71   		 
201212200050 서울특별시 성북구 319851 237770 1078 108618 127226 142 147 374 185 236692 2120 72   		 
201212200051 서울특별시 성북구 323696 240439 1091 110007 128487 146 147 375 186 239348 2669 73   		 
201212200054 서울특별시 성북구 326027 242137 1103 110752 129425 146 148 377 186 241034 1698 74   		 
201212200056 서울특별시 성북구 330989 245953 1115 112382 131592 146 148 383 187 244838 3816 75   		 
201212200057 서울특별시 성북구 335720 249468 1133 113794 133664 148 148 389 192 248335 3515 76   		 
201212200101 서울특별시 성북구 339431 251923 1149 115044 134838 150 148 397 197 250774 2455 77   		 
201212200107 서울특별시 성북구 344580 255976 1166 116726 137179 152 151 400 202 254810 4053 78   		 
201212200110 서울특별시 성북구 347928 258354 1180 117839 138419 156 153 404 203 257174 2378 79   		 
201212200112 서울특별시 성북구 351229 260691 1204 118776 139788 157 154 409 203 259487 2337 80   		 
201212200116 서울특별시 성북구 358194 265627 1231 121019 142443 157 156 415 206 264396 4936 81   		 
201212200118 서울특별시 성북구 361022 267725 1240 122101 143445 158 157 416 208 266485 2098 82   		 
201212200125 서울특별시 성북구 364763 270835 1250 123484 145158 158 157 419 209 269585 3110 83   		 
201212200128 서울특별시 성북구 369136 274223 1264 124915 147079 160 163 423 219 272959 3388 84   		 
201212200142 서울특별시 성북구 376945 281505 1390 128181 150918 169 168 437 242 280115 7282 85   		 
201212200143 서울특별시 성북구 380588 284105 1411 129426 152247 169 170 440 242 282694 2600 86   		 
201212200150 서울특별시 성북구 384133 286771 1418 130533 153783 170 173 451 243 285353 2666 87   		 
201212200151 서울특별시 성북구 388138 289426 1436 131764 155183 170 176 452 245 287990 2655 88   		 
201212200155 서울특별시 성북구 392977 292829 1456 133406 156914 172 177 456 248 291373 3403 89   		 
201212200158 서울특별시 성북구 396699 295472 1474 134531 158402 174 181 459 251 293998 2643 90   		 
201212200338 서울특별시 성북구 396699 295525 1474 134557 158429 174 181 459 251 294051 53 91   		 
