Time AreaA AreaB Total TotalA Invalid VoteA VoteB VoteC VoteD VoteE VoteF TotalB Diff Count
201212192028 서울특별시 송파구 6911 5464 18 2766 2658 0 2 13 7 5446 3014 2 		 
201212192029 서울특별시 송파구 10317 7859 29 4115 3685 0 2 20 8 7830 2395 3 		 
201212192039 서울특별시 송파구 14295 11058 48 5981 4981 0 4 34 10 11010 3199 4 		 
201212192043 서울특별시 송파구 18839 14477 69 7519 6832 3 6 38 10 14408 3419 5 		 
201212192046 서울특별시 송파구 22972 17346 88 8891 8298 5 9 42 13 17258 2869 6 		 
201212192049 서울특별시 송파구 26536 20189 101 10404 9608 5 10 48 13 20088 2843 7 		 
201212192054 서울특별시 송파구 31324 23590 120 11969 11416 7 12 51 15 23470 3401 8 		 
201212192055 서울특별시 송파구 35619 26953 135 13827 12893 9 13 61 15 26818 3363 9 		 
201212192106 서울특별시 송파구 39630 30306 147 16068 13978 9 16 71 17 30159 3353 10 		 
201212192110 서울특별시 송파구 42832 32787 154 17292 15221 10 17 75 18 32633 2481 11 		 
201212192111 서울특별시 송파구 45869 35350 166 19025 16024 12 18 86 19 35184 2563 12 		 
201212192113 서울특별시 송파구 50504 38982 183 21056 17594 13 20 97 19 38799 3632 13 		 
201212192117 서울특별시 송파구 53886 41713 195 22574 18785 14 21 104 20 41518 2731 14 		 
201212192118 서울특별시 송파구 55497 42817 198 23141 19314 16 21 106 21 42619 1104 15 		 
201212192119 서울특별시 송파구 59988 46517 212 25190 20939 16 22 117 21 46305 3700 16 		 
201212192122 서울특별시 송파구 63694 49391 223 26537 22443 18 22 127 21 49168 2874 17 		 
201212192123 서울특별시 송파구 69834 53909 244 28667 24795 19 28 131 25 53665 4518 18 		 
201212192125 서울특별시 송파구 74334 57234 256 30338 26416 25 31 142 26 56978 3325 19 		 
201212192128 서울특별시 송파구 77816 59918 267 31728 27685 30 33 147 28 59651 2684 20 		 
201212192137 서울특별시 송파구 82069 63431 274 33744 29168 32 33 152 28 63157 3513 21 		 
201212192139 서울특별시 송파구 86218 66621 291 35247 30830 33 35 157 28 66330 3190 22 		 
201212192142 서울특별시 송파구 88007 67922 299 35885 31481 35 35 159 28 67623 1301 23 		 
201212192144 서울특별시 송파구 92490 71604 311 37958 33064 36 38 168 29 71293 3682 24 		 
201212192152 서울특별시 송파구 96908 75277 317 40183 34489 36 41 177 34 74960 3673 25 		 
201212192206 서울특별시 송파구 100994 78334 327 41560 36150 39 43 179 36 78007 3057 26 		 
201212192209 서울특별시 송파구 105148 81857 339 43296 37917 40 43 186 36 81518 3523 27 		 
201212192215 서울특별시 송파구 109414 85191 354 44804 39717 42 45 190 39 84837 3334 28 		 
201212192216 서울특별시 송파구 112599 87824 360 46308 40826 43 45 203 39 87464 2633 29 		 
201212192218 서울특별시 송파구 116722 91216 367 48204 42307 44 45 209 40 90849 3392 30 		 
201212192225 서울특별시 송파구 121154 94726 379 50132 43861 46 46 219 43 94347 3510 31 		 
201212192230 서울특별시 송파구 126081 98463 388 52623 45088 47 47 226 44 98075 3737 32 		 
201212192234 서울특별시 송파구 129414 100966 397 53667 46533 47 47 231 44 100569 2503 33 		 
201212192236 서울특별시 송파구 133072 103671 407 54816 48073 47 49 233 46 103264 2705 34 		 
201212192237 서울특별시 송파구 136887 106670 420 56183 49673 48 51 245 50 106250 2999 35 		 
201212192240 서울특별시 송파구 141106 109780 433 57548 51390 49 53 253 54 109347 3110 36 		 
201212192243 서울특별시 송파구 149444 116321 464 60551 54871 53 54 273 55 115857 6541 37 		 
201212192244 서울특별시 송파구 152265 118578 472 61987 55676 54 54 277 58 118106 2257 38 		 
201212192248 서울특별시 송파구 156501 121680 483 63524 57216 58 56 282 61 121197 3102 39 		 
201212192250 서울특별시 송파구 158621 123254 491 64290 58008 59 57 287 62 122763 1574 40 		 
201212192252 서울특별시 송파구 161786 125910 498 65906 59031 60 57 296 62 125412 2656 41 		 
201212192254 서울특별시 송파구 165123 128610 509 67233 60378 61 60 303 66 128101 2700 42 		 
201212192256 서울특별시 송파구 169220 131593 519 68532 62047 62 60 305 68 131074 2983 43 		 
201212192258 서울특별시 송파구 172957 134706 535 70539 63126 64 60 313 69 134171 3113 44 		 
201212192259 서울특별시 송파구 176384 137502 549 72444 63992 65 62 319 71 136953 2796 45 		 
201212192300 서울특별시 송파구 180304 140407 560 73854 65459 72 63 326 73 139847 2905 46 		 
201212192301 서울특별시 송파구 184265 143706 570 75978 66610 74 66 334 74 143136 3299 47 		 
201212192304 서울특별시 송파구 188068 146797 576 77648 68008 74 71 344 76 146221 3091 48 		 
201212192306 서울특별시 송파구 190031 148070 577 78277 68645 74 72 347 78 147493 1273 49 		 
201212192307 서울특별시 송파구 193421 150643 584 79365 70113 77 72 353 79 150059 2573 50 		 
201212192308 서울특별시 송파구 198068 153894 596 80866 71833 79 73 364 83 153298 3251 51 		 
201212192316 서울특별시 송파구 202596 157263 608 82447 73593 82 77 370 86 156655 3369 52 		 
201212192318 서울특별시 송파구 206553 160476 618 84185 75047 85 77 374 90 159858 3213 53 		 
201212192319 서울특별시 송파구 210315 163382 632 85419 76696 88 78 376 93 162750 2906 54 		 
201212192320 서울특별시 송파구 214209 166259 647 86774 78192 88 79 383 96 165612 2877 55 		 
201212192321 서울특별시 송파구 218149 169219 660 88051 79846 90 81 394 97 168559 2960 56 		 
201212192324 서울특별시 송파구 221976 172293 674 89436 81505 93 81 405 99 171619 3074 57 		 
201212192327 서울특별시 송파구 229784 178448 698 92336 84716 95 81 419 103 177750 6155 58 		 
201212192329 서울특별시 송파구 233699 181358 714 93699 86233 96 84 426 106 180644 2910 59 		 
201212192332 서울특별시 송파구 237425 184360 719 95556 87367 96 84 431 107 183641 3002 60 		 
201212192334 서울특별시 송파구 240693 186629 730 96677 88497 96 84 435 110 185899 2269 61 		 
201212192335 서울특별시 송파구 244366 189156 742 97878 89799 99 86 439 113 188414 2527 62 		 
201212192337 서울특별시 송파구 248173 192231 756 99438 91283 101 86 447 120 191475 3075 63 		 
201212192339 서울특별시 송파구 253082 196301 765 102133 92639 101 88 455 120 195536 4070 64 		 
201212192340 서울특별시 송파구 256458 198877 777 103238 94094 101 89 458 120 198100 2576 65 		 
201212192342 서울특별시 송파구 265082 205388 802 106405 97399 103 90 467 122 204586 6511 66 		 
201212192359 서울특별시 송파구 267977 207785 811 107964 98214 105 90 476 125 206974 2397 67 		 
201212200002 서울특별시 송파구 272442 211337 826 109998 99703 107 92 483 128 210511 3552 68 		 
201212200009 서울특별시 송파구 277001 214978 839 111735 101585 109 92 489 129 214139 3641 69 		 
201212200020 서울특별시 송파구 284743 220551 859 114167 104687 111 94 499 134 219692 5573 70 		 
201212200022 서울특별시 송파구 289098 223856 867 115704 106434 113 95 507 136 222989 3305 71 		 
201212200024 서울특별시 송파구 293193 227160 881 117906 107509 113 97 517 137 226279 3304 72 		 
201212200025 서울특별시 송파구 297375 230154 892 119245 109144 116 98 520 139 229262 2994 73 		 
201212200027 서울특별시 송파구 300670 232427 905 120403 110234 118 98 526 143 231522 2273 74 		 
201212200028 서울특별시 송파구 303903 234804 910 121360 111642 119 98 531 144 233894 2377 75 		 
201212200032 서울특별시 송파구 307599 237497 917 122553 113129 119 99 533 147 236580 2693 76 		 
201212200033 서울특별시 송파구 311473 240469 933 123933 114697 120 99 535 152 239536 2972 77 		 
201212200036 서울특별시 송파구 314971 243006 938 125056 116100 121 101 538 152 242068 2537 78 		 
201212200038 서울특별시 송파구 318474 245511 948 126154 117491 122 101 542 153 244563 2505 79 		 
201212200039 서울특별시 송파구 323072 249280 959 128386 119004 124 103 549 155 248321 3769 80 		 
201212200042 서울특별시 송파구 327275 252186 970 129662 120610 126 104 555 159 251216 2906 81 		 
201212200045 서울특별시 송파구 335547 258370 996 132467 123930 128 111 574 164 257374 6184 82 		 
201212200047 서울특별시 송파구 339417 261615 1011 134585 125032 128 113 580 166 260604 3245 83 		 
201212200054 서울특별시 송파구 343413 264452 1022 135984 126446 128 115 584 173 263430 2837 84 		 
201212200055 서울특별시 송파구 347226 267166 1028 137213 127916 129 117 588 175 266138 2714 85 		 
201212200056 서울특별시 송파구 350824 270108 1032 138761 129290 130 117 602 176 269076 2942 86 		 
201212200057 서울특별시 송파구 352983 271817 1034 140051 129704 130 117 604 177 270783 1709 87 		 
201212200113 서울특별시 송파구 357668 275589 1055 142431 131062 131 118 614 178 274534 3772 88 		 
201212200116 서울특별시 송파구 361131 277985 1072 143572 132292 131 119 618 181 276913 2396 89 		 
201212200118 서울특별시 송파구 365623 281742 1085 145764 133834 133 120 625 181 280657 3757 90 		 
201212200120 서울특별시 송파구 373148 287646 1106 148712 136758 134 121 632 183 286540 5904 91 		 
201212200121 서울특별시 송파구 377223 290780 1118 150082 138501 135 122 637 185 289662 3134 92 		 
201212200123 서울특별시 송파구 386026 297833 1143 153999 141582 135 128 656 190 296690 7053 93 		 
201212200124 서울특별시 송파구 389809 300540 1159 155131 143137 135 128 657 193 299381 2707 94 		 
201212200125 서울특별시 송파구 394367 303765 1169 156519 144954 135 130 661 197 302596 3225 95 		 
201212200126 서울특별시 송파구 399129 307281 1178 158261 146705 135 133 670 199 306103 3516 96 		 
201212200128 서울특별시 송파구 407838 313631 1217 161252 149999 140 136 686 201 312414 6350 97 		 
201212200132 서울특별시 송파구 418620 321919 1251 165422 154055 142 139 696 214 320668 8288 98 		 
201212200133 서울특별시 송파구 426649 328494 1276 169140 156865 145 141 712 215 327218 6575 99 		 
201212200134 서울특별시 송파구 435159 334707 1301 171884 160291 147 145 717 222 333406 6213 100 		 
201212200136 서울특별시 송파구 446538 343334 1325 177062 163688 151 148 733 227 342009 8627 101 		 
201212200140 서울특별시 송파구 453436 348668 1347 179961 166084 152 148 745 231 347321 5334 102 		 
201212200143 서울특별시 송파구 457324 351561 1365 181345 167561 154 150 750 236 350196 2893 103 		 
201212200155 서울특별시 송파구 460629 354320 1381 183129 168505 155 151 760 239 352939 2759 104 		 
201212200201 서울특별시 송파구 465587 357571 1386 184633 170237 157 151 766 241 356185 3251 105 		 
201212200202 서울특별시 송파구 469727 360740 1393 186139 171882 157 151 774 244 359347 3169 106 		 
201212200204 서울특별시 송파구 478538 367269 1412 189692 174817 161 152 784 251 365857 6529 107 		 
201212200206 서울특별시 송파구 482408 370398 1417 191484 176140 161 152 791 253 368981 3129 108 		 
201212200207 서울특별시 송파구 485065 372534 1427 192686 177055 163 152 797 254 371107 2136 109 		 
201212200215 서울특별시 송파구 496837 383527 1618 198527 181940 174 166 826 276 381909 10993 110 		 
201212200216 서울특별시 송파구 500238 386047 1680 199766 183131 181 170 836 283 384367 2520 111 		 
201212200217 서울특별시 송파구 504629 389583 1691 202451 183956 182 172 844 287 387892 3536 112 		 
201212200219 서울특별시 송파구 509886 393166 1709 204083 185882 182 173 849 288 391457 3583 113 		 
201212200222 서울특별시 송파구 513462 395627 1717 205263 187146 183 173 855 290 393910 2461 114 		 
201212200223 서울특별시 송파구 516910 398084 1729 206342 188501 186 173 861 292 396355 2457 115 		 
201212200232 서울특별시 송파구 521509 401582 1745 208009 190308 187 173 866 294 399837 3498 116 		 
201212200244 서울특별시 송파구 525952 405260 1759 210115 191857 188 174 871 296 403501 3678 117 		 
201212200245 서울특별시 송파구 529504 407917 1767 211543 193075 189 174 871 298 406150 2657 118 		 
201212200249 서울특별시 송파구 533644 411147 1781 213050 194769 191 176 879 301 409366 3230 119 		 
201212200251 서울특별시 송파구 537395 413859 1797 214341 196165 192 177 885 302 412062 2712 120 		 
201212200252 서울특별시 송파구 541746 417203 1813 216358 197464 193 177 894 304 415390 3344 121 		 
201212200254 서울특별시 송파구 545369 419592 1819 217629 198572 194 177 897 304 417773 2389 122 		 
201212200345 서울특별시 송파구 545369 419630 1819 217650 198589 194 177 897 304 417811 38 123 		 
201212200404 서울특별시 송파구 545369 419631 1819 217650 198590 194 177 897 304 417812 1 124 		 
