Time AreaA AreaB Total TotalA Invalid VoteA VoteB VoteC VoteD VoteE VoteF TotalB Diff Count
201212192020 서울특별시 동작구 3623 2828 12 1207 1601 1 1 4 2 2816 2828 1 		 
201212192031 서울특별시 동작구 7385 5709 25 2714 2953 3 1 10 3 5684 2881 2 		 
201212192038 서울특별시 동작구 10835 8311 37 3802 4439 6 4 15 8 8274 2602 3 		 
201212192039 서울특별시 동작구 14943 11476 46 5162 6217 8 5 26 12 11430 3165 4 		 
201212192041 서울특별시 동작구 18485 14026 66 6406 7490 10 5 30 19 13960 2550 5 		 
201212192049 서울특별시 동작구 22915 17468 72 8322 9005 11 5 32 21 17396 3442 6 		 
201212192051 서울특별시 동작구 26886 20479 90 9638 10665 13 7 41 25 20389 3011 7 		 
201212192114 서울특별시 동작구 30936 23823 103 11430 12183 13 8 59 27 23720 3344 8 		 
201212192137 서울특별시 동작구 35091 27009 121 12786 13985 14 12 62 29 26888 3186 9 		 
201212192138 서울특별시 동작구 39933 30697 127 14591 15845 15 12 76 31 30570 3688 10 		 
201212192139 서울특별시 동작구 44705 34524 138 16485 17757 16 12 83 33 34386 3827 11 		 
201212192150 서울특별시 동작구 47519 36678 149 17420 18959 17 15 84 34 36529 2154 12 		 
201212192153 서울특별시 동작구 51384 39528 170 18649 20548 20 16 88 37 39358 2850 13 		 
201212192155 서울특별시 동작구 55557 42888 177 20094 22440 22 20 96 39 42711 3360 14 		 
201212192157 서울특별시 동작구 59845 45987 190 21499 24111 23 25 97 42 45797 3099 15 		 
201212192158 서울특별시 동작구 62606 48056 204 22378 25283 25 26 98 42 47852 2069 16 		 
201212192159 서울특별시 동작구 66388 50921 217 23681 26822 25 28 101 47 50704 2865 17 		 
201212192200 서울특별시 동작구 70271 54031 231 25042 28541 26 30 108 53 53800 3110 18 		 
201212192202 서울특별시 동작구 74997 58032 246 26905 30644 28 31 121 57 57786 4001 19 		 
201212192204 서울특별시 동작구 79048 61301 263 28808 31985 28 32 126 59 61038 3269 20 		 
201212192207 서울특별시 동작구 83580 65076 275 30781 33758 31 37 134 60 64801 3775 21 		 
201212192210 서울특별시 동작구 87173 67743 293 32045 35137 31 37 138 62 67450 2667 22 		 
201212192215 서울특별시 동작구 90820 70463 305 33288 36581 32 41 147 69 70158 2720 23 		 
201212192219 서울특별시 동작구 94350 73063 326 34355 38085 34 43 150 70 72737 2600 24 		 
201212192220 서울특별시 동작구 99309 76862 343 35939 40262 38 46 160 74 76519 3799 25 		 
201212192221 서울특별시 동작구 102668 79358 356 36971 41702 39 49 165 76 79002 2496 26 		 
201212192228 서울특별시 동작구 106691 81946 382 38272 42952 43 49 169 79 81564 2588 27 		 
201212192229 서울특별시 동작구 110261 84645 392 39324 44583 44 50 172 80 84253 2699 28 		 
201212192240 서울특별시 동작구 114309 87920 402 40887 46273 47 50 181 80 87518 3275 29 		 
201212192241 서울특별시 동작구 117367 90340 409 41919 47646 48 50 186 82 89931 2420 30 		 
201212192242 서울특별시 동작구 121152 93091 432 43136 49143 49 51 194 86 92659 2751 31 		 
201212192249 서울특별시 동작구 125503 96373 449 44523 51009 50 54 199 89 95924 3282 32 		 
201212192252 서울특별시 동작구 129579 99422 464 45852 52706 55 55 199 91 98958 3049 33 		 
201212192259 서울특별시 동작구 132767 101881 481 46841 54150 56 56 205 92 101400 2459 34 		 
201212192300 서울특별시 동작구 136337 104387 499 47976 55493 56 57 210 96 103888 2506 35 		 
201212192301 서울특별시 동작구 139096 106534 508 48913 56684 56 57 213 103 106026 2147 36 		 
201212192304 서울특별시 동작구 142905 109329 530 50158 58203 56 57 217 108 108799 2795 37 		 
201212192305 서울특별시 동작구 145165 111196 532 50979 59238 56 61 221 109 110664 1867 38 		 
201212192307 서울특별시 동작구 149948 114725 554 52569 61142 58 63 225 114 114171 3529 39 		 
201212192308 서울특별시 동작구 154515 118245 572 54006 63193 61 65 231 117 117673 3520 40 		 
201212192309 서울특별시 동작구 161257 123410 612 56244 66064 65 67 238 120 122798 5165 41 		 
201212192311 서울특별시 동작구 166358 127259 623 58294 67838 66 70 246 122 126636 3849 42 		 
201212192312 서울특별시 동작구 170226 130094 634 59454 69489 67 71 252 127 129460 2835 43 		 
201212192314 서울특별시 동작구 173766 133075 646 61053 70848 70 73 257 128 132429 2981 44 		 
201212192338 서울특별시 동작구 177719 136155 656 62183 72776 74 74 260 132 135499 3080 45 		 
201212192339 서울특별시 동작구 181397 138485 678 63210 74043 78 75 268 133 137807 2330 46 		 
201212192340 서울특별시 동작구 185429 141349 691 64436 75659 79 76 274 134 140658 2864 47 		 
201212192341 서울특별시 동작구 190584 145093 701 66226 77590 79 79 282 136 144392 3744 48 		 
201212192342 서울특별시 동작구 195285 148870 717 68139 79415 80 85 295 139 148153 3777 49 		 
201212192343 서울특별시 동작구 203513 155071 750 70972 82729 83 85 309 143 154321 6201 50 		 
201212192344 서울특별시 동작구 206366 157264 755 71838 84040 83 86 317 145 156509 2193 51 		 
201212192345 서울특별시 동작구 210914 160804 763 73497 85906 84 87 321 146 160041 3540 52 		 
201212192346 서울특별시 동작구 219172 166871 793 76019 89400 88 91 331 149 166078 6067 53 		 
201212192348 서울특별시 동작구 222647 169488 804 77049 90971 88 92 334 150 168684 2617 54 		 
201212192354 서울특별시 동작구 226491 172468 825 78277 92689 92 95 337 153 171643 2980 55 		 
201212200005 서울특별시 동작구 229141 174393 843 79008 93860 95 95 338 154 173550 1925 56 		 
201212200008 서울특별시 동작구 232323 176815 854 80037 95234 95 96 345 154 175961 2422 57 		 
201212200009 서울특별시 동작구 235606 179281 867 81034 96681 99 96 347 157 178414 2466 58 		 
201212200012 서울특별시 동작구 243468 185274 886 83821 99848 102 97 361 159 184388 5993 59 		 
201212200014 서울특별시 동작구 247299 188305 896 85186 101495 106 98 363 161 187409 3031 60 		 
201212200015 서울특별시 동작구 254173 194720 988 88085 104871 115 109 378 174 193732 6415 61 		 
201212200020 서울특별시 동작구 257893 197373 998 89235 106353 117 109 385 176 196375 2653 62 		 
201212200021 서울특별시 동작구 261442 200052 1006 90309 107937 119 109 391 181 199046 2679 63 		 
201212200022 서울특별시 동작구 268110 205411 1028 92964 110593 123 112 404 187 204383 5359 64 		 
201212200023 서울특별시 동작구 271510 208165 1044 94084 112203 126 114 406 188 207121 2754 65 		 
201212200102 서울특별시 동작구 275030 210734 1066 95192 113630 127 117 410 192 209668 2569 66 		 
201212200105 서울특별시 동작구 278222 213425 1078 96460 115030 130 118 417 192 212347 2691 67 		 
201212200107 서울특별시 동작구 283526 217367 1102 98179 117211 133 118 428 196 216265 3942 68 		 
201212200108 서울특별시 동작구 287556 220478 1113 99491 118985 135 121 435 198 219365 3111 69 		 
201212200109 서울특별시 동작구 290617 223054 1123 100854 120181 138 123 437 198 221931 2576 70 		 
201212200110 서울특별시 동작구 294423 226008 1137 102182 121779 139 126 445 200 224871 2954 71 		 
201212200113 서울특별시 동작구 296571 227612 1141 102924 122633 139 127 446 202 226471 1604 72 		 
201212200114 서울특별시 동작구 301715 231649 1163 104771 124783 143 127 457 205 230486 4037 73 		 
201212200115 서울특별시 동작구 304786 234127 1175 105844 126161 145 128 466 208 232952 2478 74 		 
201212200116 서울특별시 동작구 309053 237416 1200 107337 127920 145 129 476 209 236216 3289 75 		 
201212200123 서울특별시 동작구 314021 241190 1227 108933 130052 149 135 481 213 239963 3774 76 		 
201212200134 서울특별시 동작구 317327 243715 1235 109989 131501 152 136 488 214 242480 2525 77 		 
201212200136 서울특별시 동작구 319112 245241 1238 110612 132399 152 137 489 214 244003 1526 78 		 
201212200137 서울특별시 동작구 322035 247533 1247 111622 133661 153 138 494 218 246286 2292 79 		 
201212200139 서울특별시 동작구 324701 249557 1253 112486 134810 153 139 497 219 248304 2024 80 		 
201212200142 서울특별시 동작구 328071 252202 1262 113777 136150 153 139 500 221 250940 2645 81 		 
201212200148 서울특별시 동작구 331359 254911 1269 115091 137530 153 141 504 223 253642 2709 82 		 
201212200204 서울특별시 동작구 333764 256812 1281 115970 138537 153 143 505 223 255531 1901 83 		 
201212200226 서울특별시 동작구 338206 260285 1294 117528 140425 154 143 514 227 258991 3473 84 		 
201212200238 서울특별시 동작구 338206 260307 1294 117538 140437 154 143 514 227 259013 22 85 		 
