Time AreaA AreaB Total TotalA Invalid VoteA VoteB VoteC VoteD VoteE VoteF TotalB Diff Count
201212191956 서울특별시 종로구 2138 1626 9 798 807 1 0 5 6 1617 1626 1 		 
201212192013 서울특별시 종로구 4548 3203 12 1619 1554 1 2 9 6 3191 1577 2 		 
201212192022 서울특별시 종로구 7315 5235 24 2718 2463 1 3 18 8 5211 2032 3 		 
201212192025 서울특별시 종로구 10428 7457 31 4009 3373 1 6 28 9 7426 2222 4 		 
201212192026 서울특별시 종로구 12926 9467 36 5119 4262 1 6 32 11 9431 2010 5 		 
201212192037 서울특별시 종로구 15442 11379 45 6253 5023 1 7 38 12 11334 1912 6 		 
201212192040 서울특별시 종로구 17366 12377 51 6749 5510 3 7 43 14 12326 998 7 		 
201212192041 서울특별시 종로구 20169 14374 54 7643 6607 5 7 43 15 14320 1997 8 		 
201212192049 서울특별시 종로구 22722 16291 70 8423 7712 6 11 50 19 16221 1917 9 		 
201212192050 서울특별시 종로구 25277 17916 80 9081 8660 6 13 57 19 17836 1625 10 		 
201212192053 서울특별시 종로구 29076 20553 90 10353 10006 8 15 61 20 20463 2637 11 		 
201212192054 서울특별시 종로구 32141 22686 102 11377 11096 9 16 65 21 22584 2133 12 		 
201212192055 서울특별시 종로구 35462 25053 114 12604 12211 12 19 70 23 24939 2367 13 		 
201212192104 서울특별시 종로구 38679 27540 126 13761 13515 13 24 75 26 27414 2487 14 		 
201212192105 서울특별시 종로구 40442 28676 137 14316 14082 14 24 76 27 28539 1136 15 		 
201212192112 서울특별시 종로구 43207 30693 153 15158 15233 17 26 79 27 30540 2017 16 		 
201212192139 서울특별시 종로구 46503 33096 173 16158 16611 20 26 80 28 32923 2403 17 		 
201212192147 서울특별시 종로구 49169 35162 182 17253 17570 20 27 82 28 34980 2066 18 		 
201212192149 서울특별시 종로구 52916 37754 189 18367 19028 22 30 88 30 37565 2592 19 		 
201212192150 서울특별시 종로구 56657 40436 201 19490 20559 27 31 95 33 40235 2682 20 		 
201212192157 서울특별시 종로구 60253 43067 209 20792 21866 28 35 103 34 42858 2631 21 		 
201212192159 서울특별시 종로구 63334 45384 223 21778 23174 30 35 109 35 45161 2317 22 		 
201212192207 서울특별시 종로구 67283 47457 237 22983 24016 34 36 114 37 47220 2073 23 		 
201212192212 서울특별시 종로구 71632 50424 250 24343 25591 37 43 116 44 50174 2967 24 		 
201212192229 서울특별시 종로구 74285 52456 266 25183 26756 40 44 120 47 52190 2032 25 		 
201212192244 서울특별시 종로구 77016 54618 274 26269 27814 42 47 123 49 54344 2162 26 		 
201212192247 서울특별시 종로구 79882 56756 285 26985 29208 42 51 133 52 56471 2138 27 		 
201212192250 서울특별시 종로구 82240 58677 294 27935 30164 42 52 135 55 58383 1921 28 		 
201212192251 서울특별시 종로구 84929 61184 342 29102 31438 44 55 141 62 60842 2507 29 		 
201212192252 서울특별시 종로구 88997 64343 357 30678 32994 47 58 145 64 63986 3159 30 		 
201212192255 서울특별시 종로구 93228 67539 376 32230 34606 49 58 155 65 67163 3196 31 		 
201212192301 서울특별시 종로구 96626 69768 383 33267 35784 50 59 156 69 69385 2229 32 		 
201212192323 서울특별시 종로구 101102 73171 396 34932 37489 51 62 163 78 72775 3403 33 		 
201212192324 서울특별시 종로구 105645 76574 406 37108 38694 53 65 169 79 76168 3403 34 		 
201212192337 서울특별시 종로구 109586 79691 423 38463 40429 53 68 175 80 79268 3117 35 		 
201212192339 서울특별시 종로구 112985 82098 441 39353 41914 58 70 178 84 81657 2407 36 		 
201212192351 서울특별시 종로구 117590 85546 458 41541 43144 59 73 186 85 85088 3448 37 		 
201212192358 서울특별시 종로구 121627 88755 464 42952 44924 62 75 191 87 88291 3209 38 		 
201212200000 서울특별시 종로구 124210 90566 488 43675 45982 64 76 193 88 90078 1811 39 		 
201212200009 서울특별시 종로구 127053 92727 498 44910 46892 64 77 196 90 92229 2161 40 		 
201212200021 서울특별시 종로구 131003 95743 514 46114 48678 67 79 199 92 95229 3016 41 		 
201212200026 서울특별시 종로구 134503 98203 527 47314 49917 68 81 203 93 97676 2460 42 		 
201212200032 서울특별시 종로구 138040 100986 539 48457 51534 70 83 208 95 100447 2783 43 		 
201212200037 서울특별시 종로구 141447 103185 553 49422 52743 73 86 211 97 102632 2199 44 		 
201212200110 서울특별시 종로구 141447 103189 553 49422 52747 73 86 211 97 102636 4 45 		 
