Time AreaA AreaB Total TotalA Invalid VoteA VoteB VoteC VoteD VoteE VoteF TotalB Diff Count
201212191947 서울특별시 도봉구 1957 1415 10 563 839 1 0 1 1 1405 1415 1 		 
201212192012 서울특별시 도봉구 5143 3513 20 1531 1949 1 3 5 4 3493 2098 2 		 
201212192041 서울특별시 도봉구 8804 6319 34 2834 3429 2 5 9 6 6285 2806 3 		 
201212192045 서울특별시 도봉구 11899 8465 50 3851 4533 3 6 13 9 8415 2146 4 		 
201212192051 서울특별시 도봉구 15462 10808 62 4968 5738 4 6 18 12 10746 2343 5 		 
201212192053 서울특별시 도봉구 19830 14311 76 6729 7449 9 8 26 14 14235 3503 6 		 
201212192054 서울특별시 도봉구 24045 17536 86 8238 9141 10 11 32 18 17450 3225 7 		 
201212192056 서울특별시 도봉구 26934 19682 103 9257 10244 11 11 36 20 19579 2146 8 		 
201212192057 서울특별시 도봉구 30322 22401 113 10539 11660 11 17 40 21 22288 2719 9 		 
201212192059 서울특별시 도봉구 34305 25503 120 11839 13438 13 18 53 22 25383 3102 10 		 
201212192101 서울특별시 도봉구 37666 27855 138 12922 14681 17 18 55 24 27717 2352 11 		 
201212192103 서울특별시 도봉구 41033 30482 151 14044 16167 18 18 60 24 30331 2627 12 		 
201212192104 서울특별시 도봉구 43881 32627 162 15121 17215 20 18 66 25 32465 2145 13 		 
201212192110 서울특별시 도봉구 47271 35313 177 16251 18744 22 22 70 27 35136 2686 14 		 
201212192113 서울특별시 도봉구 51264 38582 193 17764 20473 25 23 75 29 38389 3269 15 		 
201212192115 서울특별시 도봉구 55203 41200 207 18976 21850 28 25 80 34 40993 2618 16 		 
201212192116 서울특별시 도봉구 57384 42852 209 19808 22661 29 26 85 34 42643 1652 17 		 
201212192119 서울특별시 도봉구 61176 45871 221 21300 24159 30 27 95 39 45650 3019 18 		 
201212192120 서울특별시 도봉구 65420 49284 237 22828 26016 31 27 104 41 49047 3413 19 		 
201212192125 서울특별시 도봉구 69595 52818 244 24474 27880 34 29 112 45 52574 3534 20 		 
201212192126 서울특별시 도봉구 73730 55952 253 25988 29485 36 29 115 46 55699 3134 21 		 
201212192128 서울특별시 도봉구 77658 59145 263 27547 31098 37 30 121 49 58882 3193 22 		 
201212192129 서울특별시 도봉구 81240 61782 281 28880 32371 39 31 131 49 61501 2637 23 		 
201212192130 서울특별시 도봉구 85485 65336 293 30548 34237 39 32 137 50 65043 3554 24 		 
201212192131 서울특별시 도봉구 90133 68739 311 32160 36006 39 32 141 50 68428 3403 25 		 
201212192132 서울특별시 도봉구 93337 71200 325 33345 37259 39 32 149 51 70875 2461 26 		 
201212192134 서울특별시 도봉구 96638 73580 340 34448 38511 40 34 153 54 73240 2380 27 		 
201212192141 서울특별시 도봉구 100202 76373 350 35737 39994 41 35 157 59 76023 2793 28 		 
201212192145 서울특별시 도봉구 105247 80184 363 37600 41923 41 36 162 59 79821 3811 29 		 
201212192146 서울특별시 도봉구 108600 82860 376 38890 43287 42 38 166 61 82484 2676 30 		 
201212192156 서울특별시 도봉구 111756 85174 391 39966 44504 44 38 168 63 84783 2314 31 		 
201212192158 서울특별시 도봉구 114779 87292 399 40937 45637 46 39 171 63 86893 2118 32 		 
201212192203 서울특별시 도봉구 118921 90104 418 42253 47105 47 41 174 66 89686 2812 33 		 
201212192204 서울특별시 도봉구 123026 93529 430 43832 48922 48 44 187 66 93099 3425 34 		 
201212192205 서울특별시 도봉구 126804 96485 440 45141 50550 50 44 193 67 96045 2956 35 		 
201212192211 서울특별시 도봉구 131359 99939 449 46815 52308 52 46 200 69 99490 3454 36 		 
201212192220 서울특별시 도봉구 135874 103663 463 48641 54176 53 47 213 70 103200 3724 37 		 
201212192224 서울특별시 도봉구 139626 106339 480 49880 55589 54 48 217 71 105859 2676 38 		 
201212192228 서울특별시 도봉구 143270 109001 492 51136 56977 55 49 220 72 108509 2662 39 		 
201212192229 서울특별시 도봉구 146453 111273 503 52225 58140 58 51 223 73 110770 2272 40 		 
201212192242 서울특별시 도봉구 150005 114169 512 53542 59700 59 53 228 75 113657 2896 41 		 
201212192244 서울특별시 도봉구 154760 117783 531 55405 61415 64 54 234 80 117252 3614 42 		 
201212192245 서울특별시 도봉구 157763 120115 546 56649 62483 65 55 236 81 119569 2332 43 		 
201212192250 서울특별시 도봉구 161277 122485 559 57714 63764 70 55 237 86 121926 2370 44 		 
201212192252 서울특별시 도봉구 165576 125934 575 59377 65527 71 56 240 88 125359 3449 45 		 
201212192300 서울특별시 도봉구 168671 128060 591 60392 66616 73 56 242 90 127469 2126 46 		 
201212192303 서울특별시 도봉구 171977 130551 609 61430 68040 73 62 245 92 129942 2491 47 		 
201212192313 서울특별시 도봉구 173986 132025 617 62217 68712 73 64 246 96 131408 1474 48 		 
201212192317 서울특별시 도봉구 177089 134457 628 63251 70088 75 66 249 100 133829 2432 49 		 
201212192318 서울특별시 도봉구 180096 136633 645 64299 71189 78 69 250 103 135988 2176 50 		 
201212192325 서울특별시 도봉구 184617 139888 661 65825 72891 79 72 254 106 139227 3255 51 		 
201212192327 서울특별시 도봉구 188364 142596 673 67148 74242 83 77 262 111 141923 2708 52 		 
201212200007 서울특별시 도봉구 191679 145007 684 68225 75558 85 80 264 111 144323 2411 53 		 
201212200008 서울특별시 도봉구 196360 148313 706 69819 77237 89 81 268 113 147607 3306 54 		 
201212200011 서울특별시 도봉구 199736 150460 717 70907 78278 90 82 270 116 149743 2147 55 		 
201212200012 서울특별시 도봉구 204284 153803 729 72340 80162 93 85 275 119 153074 3343 56 		 
201212200013 서울특별시 도봉구 208121 156884 739 73839 81722 93 88 283 120 156145 3081 57 		 
201212200014 서울특별시 도봉구 212053 159642 757 75106 83186 93 89 289 122 158885 2758 58 		 
201212200015 서울특별시 도봉구 215700 162304 778 76448 84476 94 92 293 123 161526 2662 59 		 
201212200016 서울특별시 도봉구 219263 165061 786 77672 85990 94 94 298 127 164275 2757 60 		 
201212200019 서울특별시 도봉구 221494 166975 793 78732 86832 94 94 302 128 166182 1914 61 		 
201212200021 서울특별시 도봉구 227963 173063 917 81603 89868 103 110 317 145 172146 6088 62 		 
201212200025 서울특별시 도봉구 230604 174987 928 82514 90853 103 113 324 152 174059 1924 63 		 
201212200037 서울특별시 도봉구 233169 176763 941 83331 91793 104 113 327 154 175822 1776 64 		 
201212200040 서울특별시 도봉구 237270 179834 954 84825 93348 106 116 327 158 178880 3071 65 		 
201212200042 서울특별시 도봉구 241311 183010 974 86221 95094 109 119 332 161 182036 3176 66 		 
201212200044 서울특별시 도봉구 245786 186240 988 87835 96687 111 119 336 164 185252 3230 67 		 
201212200045 서울특별시 도봉구 250623 190144 995 89973 98429 113 121 344 169 189149 3904 68 		 
201212200053 서울특별시 도봉구 254752 193087 1010 91277 100043 114 124 350 169 192077 2943 69 		 
201212200055 서울특별시 도봉구 257968 195569 1023 92470 101310 115 125 357 169 194546 2482 70 		 
201212200056 서울특별시 도봉구 262243 198586 1039 93857 102918 118 126 358 170 197547 3017 71 		 
201212200059 서울특별시 도봉구 265707 201397 1052 95230 104336 118 130 360 171 200345 2811 72 		 
201212200101 서울특별시 도봉구 268810 203956 1063 96383 105720 119 133 366 172 202893 2559 73 		 
201212200102 서울특별시 도봉구 271851 206031 1076 97438 106720 119 136 367 175 204955 2075 74 		 
201212200107 서울특별시 도봉구 274786 208420 1082 98634 107895 123 137 371 178 207338 2389 75 		 
201212200109 서울특별시 도봉구 278499 211349 1092 100060 109378 124 143 374 178 210257 2929 76 		 
201212200110 서울특별시 도봉구 282798 214599 1104 101722 110946 125 145 378 179 213495 3250 77 		 
201212200111 서울특별시 도봉구 286105 217371 1110 103295 112125 126 145 388 182 216261 2772 78 		 
201212200121 서울특별시 도봉구 293451 222896 1133 105819 115081 126 148 399 190 221763 5525 79 		 
201212200130 서울특별시 도봉구 296521 225215 1146 106933 116261 128 150 404 193 224069 2319 80 		 
201212200323 서울특별시 도봉구 296521 225230 1147 106942 116266 128 150 404 193 224083 15 81 		 
