Time AreaA AreaB Total TotalA Invalid VoteA VoteB VoteC VoteD VoteE VoteF TotalB Diff Count
201212192013 서울특별시 관악구 8251 5914 25 2357 3503 7 6 10 6 5889 5914 1 		 
201212192031 서울특별시 관악구 12407 8648 39 3603 4959 10 9 18 10 8609 2734 2 		 
201212192034 서울특별시 관악구 16413 11663 54 4672 6876 11 15 22 13 11609 3015 3 		 
201212192037 서울특별시 관악구 20736 14876 69 6028 8701 15 20 26 17 14807 3213 4 		 
201212192047 서울특별시 관악구 25468 18144 85 7163 10810 17 21 29 19 18059 3268 5 		 
201212192052 서울특별시 관악구 29814 20970 99 8297 12477 18 25 34 20 20871 2826 6 		 
201212192056 서울특별시 관악구 33468 23713 111 9585 13912 20 26 38 21 23602 2743 7 		 
201212192059 서울특별시 관악구 36576 26368 119 10744 15389 21 28 44 23 26249 2655 8 		 
201212192101 서울특별시 관악구 41495 30054 136 12004 17786 23 31 49 25 29918 3686 9 		 
201212192104 서울특별시 관악구 51687 37378 174 14547 22492 25 41 63 36 37204 7324 10 		 
201212192111 서울특별시 관악구 64104 46579 216 18153 28004 32 50 83 41 46363 9201 11 		 
201212192113 서울특별시 관악구 69272 50377 233 19516 30406 34 54 89 45 50144 3798 12 		 
201212192114 서울특별시 관악구 73433 53535 245 20628 32429 34 59 94 46 53290 3158 13 		 
201212192118 서울특별시 관악구 78025 57154 268 22218 34424 35 62 101 46 56886 3619 14 		 
201212192140 서울특별시 관악구 82361 60386 280 23517 36326 38 67 109 49 60106 3232 15 		 
201212192143 서울특별시 관악구 87158 63919 296 24844 38508 39 69 111 52 63623 3533 16 		 
201212192150 서울특별시 관악구 91002 66827 313 26069 40165 40 71 116 53 66514 2908 17 		 
201212192152 서울특별시 관악구 94653 69450 322 27155 41686 41 72 120 54 69128 2623 18 		 
201212192153 서울특별시 관악구 98664 72827 331 28467 43725 42 73 131 58 72496 3377 19 		 
201212192155 서울특별시 관악구 106176 78599 355 31058 46844 49 78 150 65 78244 5772 20 		 
201212192158 서울특별시 관악구 110914 81971 369 32374 48880 50 79 152 67 81602 3372 21 		 
201212192159 서울특별시 관악구 114820 84816 384 33668 50407 51 80 155 71 84432 2845 22 		 
201212192200 서울특별시 관악구 119139 87799 402 34805 52221 53 81 163 74 87397 2983 23 		 
201212192201 서울특별시 관악구 123197 90734 419 35964 53972 53 82 168 76 90315 2935 24 		 
201212192202 서울특별시 관악구 127465 93896 440 37119 55945 56 85 170 81 93456 3162 25 		 
201212192203 서울특별시 관악구 131382 96857 453 38337 57665 57 86 175 84 96404 2961 26 		 
201212192206 서울특별시 관악구 135481 99912 474 39685 59338 61 87 179 88 99438 3055 27 		 
201212192207 서울특별시 관악구 139812 103106 490 40820 61366 63 89 186 92 102616 3194 28 		 
201212192213 서울특별시 관악구 143620 106260 498 42291 63019 68 92 194 98 105762 3154 29 		 
201212192214 서울특별시 관악구 147917 109416 525 43578 64848 73 94 195 103 108891 3156 30 		 
201212192218 서울특별시 관악구 151616 112108 539 44653 66439 75 95 202 105 111569 2692 31 		 
201212192219 서울특별시 관악구 159233 118288 566 47326 69886 78 100 218 114 117722 6180 32 		 
201212192221 서울특별시 관악구 163830 121890 584 48645 72132 83 101 228 117 121306 3602 33 		 
201212192223 서울특별시 관악구 167675 124840 601 49773 73924 89 102 233 118 124239 2950 34 		 
201212192226 서울특별시 관악구 176727 131404 628 52368 77838 90 111 246 123 130776 6564 35 		 
201212192229 서울특별시 관악구 181378 134893 644 53908 79764 92 113 248 124 134249 3489 36 		 
201212192239 서울특별시 관악구 186047 138334 658 55261 81828 93 114 256 124 137676 3441 37 		 
201212192241 서울특별시 관악구 189904 141192 665 56342 83579 95 117 266 128 140527 2858 38 		 
201212192246 서울특별시 관악구 199783 148160 702 58531 88293 95 127 275 137 147458 6968 39 		 
201212192249 서울특별시 관악구 204279 151415 720 60014 90041 95 128 278 139 150695 3255 40 		 
201212192252 서울특별시 관악구 213359 158298 744 62877 94004 97 137 293 146 157554 6883 41 		 
201212192323 서울특별시 관악구 218267 161861 763 64289 96125 100 139 296 149 161098 3563 42 		 
201212192324 서울특별시 관악구 222367 164522 775 65358 97698 100 142 299 150 163747 2661 43 		 
201212192335 서울특별시 관악구 226655 167590 787 66672 99430 102 142 304 153 166803 3068 44 		 
201212192338 서울특별시 관악구 235492 174534 807 69747 103249 105 145 327 154 173727 6944 45 		 
201212192339 서울특별시 관악구 240343 177777 818 70760 105457 106 147 333 156 176959 3243 46 		 
201212192341 서울특별시 관악구 244517 181027 834 71977 107464 107 148 339 158 180193 3250 47 		 
201212192345 서울특별시 관악구 249019 184227 852 73269 109344 107 149 344 162 183375 3200 48 		 
201212192348 서울특별시 관악구 252867 187084 864 74249 111198 109 152 347 165 186220 2857 49 		 
201212192352 서울특별시 관악구 258421 191164 874 75699 113790 109 158 364 170 190290 4080 50 		 
201212192353 서울특별시 관악구 263010 194465 897 77133 115622 112 160 370 171 193568 3301 51 		 
201212192357 서울특별시 관악구 268178 198264 917 78503 118015 114 163 379 173 197347 3799 52 		 
201212200004 서울특별시 관악구 272542 201668 931 79891 119998 120 164 386 178 200737 3404 53 		 
201212200009 서울특별시 관악구 275663 204042 945 80903 121342 120 164 389 179 203097 2374 54 		 
201212200012 서울특별시 관악구 279548 206935 955 82025 123092 121 165 396 181 205980 2893 55 		 
201212200014 서울특별시 관악구 283907 210374 968 83448 125078 124 167 404 185 209406 3439 56 		 
201212200015 서울특별시 관악구 288488 213827 983 84832 127123 124 170 408 187 212844 3453 57 		 
201212200018 서울특별시 관악구 292239 216554 997 85983 128676 124 172 413 189 215557 2727 58 		 
201212200024 서울특별시 관악구 296889 219684 1014 87351 130415 125 173 414 192 218670 3130 59 		 
201212200025 서울특별시 관악구 301003 222719 1023 88520 132264 127 175 415 195 221696 3035 60 		 
201212200028 서울특별시 관악구 304630 225436 1039 89574 133897 130 177 421 198 224397 2717 61 		 
201212200031 서울특별시 관악구 308601 228605 1051 91117 135500 131 178 429 199 227554 3169 62 		 
201212200032 서울특별시 관악구 312521 231516 1061 92332 137167 137 179 438 202 230455 2911 63 		 
201212200039 서울특별시 관악구 320645 239055 1194 95509 141357 143 185 458 209 237861 7539 64 		 
201212200041 서울특별시 관악구 325094 242624 1205 96916 143484 146 188 473 212 241419 3569 65 		 
201212200049 서울특별시 관악구 329762 245770 1224 98277 145237 146 190 478 218 244546 3146 66 		 
201212200052 서울특별시 관악구 333437 248591 1235 99448 146861 147 190 487 223 247356 2821 67 		 
201212200058 서울특별시 관악구 337857 251916 1257 100915 148683 151 193 489 228 250659 3325 68 		 
201212200101 서울특별시 관악구 341486 254619 1271 102208 150070 153 194 493 230 253348 2703 69 		 
201212200107 서울특별시 관악구 345252 257622 1282 103582 151682 154 195 496 231 256340 3003 70 		 
201212200108 서울특별시 관악구 352501 263210 1304 106053 154756 156 200 504 237 261906 5588 71 		 
201212200109 서울특별시 관악구 356279 265853 1324 107144 156278 157 203 508 239 264529 2643 72 		 
201212200113 서울특별시 관악구 361129 269440 1335 108308 158662 159 211 521 244 268105 3587 73 		 
201212200118 서울특별시 관악구 364981 272327 1349 109628 160202 162 213 526 247 270978 2887 74 		 
201212200119 서울특별시 관악구 369441 275438 1367 110999 161913 162 215 531 251 274071 3111 75 		 
201212200121 서울특별시 관악구 373471 278824 1374 112434 163843 164 218 539 252 277450 3386 76 		 
201212200125 서울특별시 관악구 377895 282294 1398 113909 165797 168 222 547 253 280896 3470 77 		 
201212200126 서울특별시 관악구 382346 285604 1407 115142 167847 173 224 557 254 284197 3310 78 		 
201212200127 서울특별시 관악구 386772 288481 1415 116026 169821 174 227 563 255 287066 2877 79 		 
201212200128 서울특별시 관악구 391002 291422 1425 117373 171394 177 229 566 258 289997 2941 80 		 
201212200141 서울특별시 관악구 394822 294421 1434 118657 173091 178 230 571 260 292987 2999 81 		 
201212200143 서울특별시 관악구 403707 301306 1457 121204 177385 181 233 581 265 299849 6885 82 		 
201212200154 서울특별시 관악구 407602 304133 1472 122464 178929 183 234 584 267 302661 2827 83 		 
201212200157 서울특별시 관악구 411815 307095 1484 123679 180651 184 236 593 268 305611 2962 84 		 
201212200203 서울특별시 관악구 415643 310094 1494 124955 182350 187 237 599 272 308600 2999 85 		 
201212200205 서울특별시 관악구 419678 313126 1516 126328 183980 188 240 601 273 311610 3032 86 		 
201212200207 서울특별시 관악구 424383 316789 1526 127507 186439 189 245 608 275 315263 3663 87 		 
201212200211 서울특별시 관악구 429285 320415 1541 128733 188803 194 249 617 278 318874 3626 88 		 
201212200214 서울특별시 관악구 433545 323679 1553 130021 190756 196 253 619 281 322126 3264 89 		 
201212200223 서울특별시 관악구 437625 326415 1566 130941 192556 196 254 621 281 324849 2736 90 		 
201212200229 서울특별시 관악구 441640 329841 1578 132798 194100 201 256 626 282 328263 3426 91 		 
201212200231 서울특별시 관악구 446910 333635 1596 134104 196557 201 260 630 287 332039 3794 92 		 
201212200314 서울특별시 관악구 446910 333640 1597 134105 196560 201 260 630 287 332043 5 93 		 
