Time AreaA AreaB Total TotalA Invalid VoteA VoteB VoteC VoteD VoteE VoteF TotalB Diff Count
201212191945 서울특별시 영등포구 1291 909 3 465 439 0 0 2 0 906 909 1 		 
201212192000 서울특별시 영등포구 6618 4419 18 2245 2146 2 2 5 1 4401 3510 2 		 
201212192023 서울특별시 영등포구 9348 6499 30 3147 3303 5 2 9 3 6469 2080 3 		 
201212192026 서울특별시 영등포구 12525 8648 40 4163 4418 7 5 11 4 8608 2149 4 		 
201212192036 서울특별시 영등포구 15915 11307 52 5952 5271 7 6 15 4 11255 2659 5 		 
201212192042 서울특별시 영등포구 22707 16504 73 8420 7966 8 9 21 7 16431 5197 6 		 
201212192046 서울특별시 영등포구 23636 17163 78 8724 8314 8 9 22 8 17085 659 7 		 
201212192051 서울특별시 영등포구 26555 19523 92 9881 9499 9 9 24 9 19431 2360 8 		 
201212192102 서울특별시 영등포구 29638 21882 100 10919 10807 9 10 28 9 21782 2359 9 		 
201212192105 서울특별시 영등포구 33064 24608 106 11933 12500 11 10 36 12 24502 2726 10 		 
201212192107 서울특별시 영등포구 39160 29033 126 13951 14872 15 13 39 17 28907 4425 11 		 
201212192116 서울특별시 영등포구 42118 31143 142 15020 15888 16 14 44 19 31001 2110 12 		 
201212192125 서울특별시 영등포구 44481 32831 160 15807 16767 18 14 46 19 32671 1688 13 		 
201212192126 서울특별시 영등포구 47385 35032 173 16780 17972 19 16 51 21 34859 2201 14 		 
201212192128 서울특별시 영등포구 50778 37521 185 18015 19203 25 16 54 23 37336 2489 15 		 
201212192130 서울특별시 영등포구 53336 39367 204 18970 20064 27 18 58 26 39163 1846 16 		 
201212192144 서울특별시 영등포구 56967 42451 213 20208 21891 29 19 62 29 42238 3084 17 		 
201212192150 서울특별시 영등포구 61657 46244 227 22027 23837 29 22 72 30 46017 3793 18 		 
201212192206 서울특별시 영등포구 63877 47805 228 22765 24652 29 23 78 30 47577 1561 19 		 
201212192211 서울특별시 영등포구 67833 50787 239 24104 26274 29 23 83 35 50548 2982 20 		 
201212192214 서울특별시 영등포구 70176 52253 252 24775 27052 30 23 83 38 52001 1466 21 		 
201212192223 서울특별시 영등포구 73510 54663 266 25900 28308 33 25 91 40 54397 2410 22 		 
201212192228 서울특별시 영등포구 78727 58859 274 27729 30654 33 29 99 41 58585 4196 23 		 
201212192232 서울특별시 영등포구 82557 60963 288 28742 31723 34 30 105 41 60675 2104 24 		 
201212192235 서울특별시 영등포구 86594 64314 294 30217 33587 34 31 110 41 64020 3351 25 		 
201212192236 서울특별시 영등포구 91078 67359 308 32245 34588 34 31 112 41 67051 3045 26 		 
201212192238 서울특별시 영등포구 94476 70129 318 34023 35561 34 33 119 41 69811 2770 27 		 
201212192240 서울특별시 영등포구 97758 72802 327 35294 36935 36 35 131 44 72475 2673 28 		 
201212192243 서울특별시 영등포구 100289 74574 344 36044 37937 37 35 132 45 74230 1772 29 		 
201212192244 서울특별시 영등포구 103574 77172 364 37118 39427 40 38 138 47 76808 2598 30 		 
201212192245 서울특별시 영등포구 106668 79445 373 38198 40599 46 40 141 48 79072 2273 31 		 
201212192250 서울특별시 영등포구 113218 84100 400 40430 42976 47 42 152 53 83700 4655 32 		 
201212192251 서울특별시 영등포구 116652 86524 414 41489 44315 47 42 163 54 86110 2424 33 		 
201212192254 서울특별시 영등포구 119669 88582 427 42335 45502 49 43 169 57 88155 2058 34 		 
201212192255 서울특별시 영등포구 124083 92149 445 44009 47364 50 44 177 60 91704 3567 35 		 
201212192256 서울특별시 영등포구 134098 99246 478 47198 51212 54 47 193 64 98768 7097 36 		 
201212192259 서울특별시 영등포구 138049 102492 485 48569 53070 56 48 198 66 102007 3246 37 		 
201212192302 서울특별시 영등포구 140535 104380 491 49430 54086 57 48 199 69 103889 1888 38 		 
201212192314 서울특별시 영등포구 143060 106110 497 50179 55057 57 48 201 71 105613 1730 39 		 
201212192315 서울특별시 영등포구 147985 109995 511 51944 57151 58 48 209 74 109484 3885 40 		 
201212192316 서울특별시 영등포구 151981 112951 520 53337 58687 59 50 221 77 112431 2956 41 		 
201212192317 서울특별시 영등포구 158658 118140 542 56166 61001 59 52 241 79 117598 5189 42 		 
201212192326 서울특별시 영등포구 165375 123414 560 59009 63396 62 53 253 81 122854 5274 43 		 
201212192330 서울특별시 영등포구 171434 129083 662 61768 66161 66 68 265 93 128421 5669 44 		 
201212192335 서울특별시 영등포구 176975 133305 684 63871 68233 69 70 278 100 132621 4222 45 		 
201212192339 서울특별시 영등포구 179428 135060 694 64683 69155 70 71 285 102 134366 1755 46 		 
201212192340 서울특별시 영등포구 184241 138383 708 66426 70708 72 72 290 107 137675 3323 47 		 
201212192342 서울특별시 영등포구 187421 140957 714 67562 72128 74 73 294 112 140243 2574 48 		 
201212192350 서울특별시 영등포구 189431 142377 727 68245 72842 77 76 298 112 141650 1420 49 		 
201212192359 서울특별시 영등포구 191771 143775 735 68920 73550 78 77 302 113 143040 1398 50 		 
201212200008 서울특별시 영등포구 195587 146726 748 70336 75058 80 82 305 117 145978 2951 51 		 
201212200012 서울특별시 영등포구 198856 149255 763 71522 76373 81 87 307 122 148492 2529 52 		 
201212200020 서울특별시 영등포구 201922 151540 773 72580 77578 85 87 310 127 150767 2285 53 		 
201212200023 서울특별시 영등포구 205794 154867 783 74449 79008 86 87 322 132 154084 3327 54 		 
201212200027 서울특별시 영등포구 208444 156590 789 75202 79966 88 87 325 133 155801 1723 55 		 
201212200028 서울특별시 영등포구 212584 159679 799 76552 81685 90 89 329 135 158880 3089 56 		 
201212200029 서울특별시 영등포구 217628 163111 821 78191 83438 94 90 337 140 162290 3432 57 		 
201212200031 서울특별시 영등포구 220953 165488 833 79280 84705 94 92 339 145 164655 2377 58 		 
201212200032 서울특별시 영등포구 224925 168858 842 81374 85960 96 94 346 146 168016 3370 59 		 
201212200033 서울특별시 영등포구 228465 171825 860 82654 87622 96 94 350 149 170965 2967 60 		 
201212200034 서울특별시 영등포구 231951 174322 875 83671 89075 98 99 354 150 173447 2497 61 		 
201212200041 서울특별시 영등포구 235749 176822 891 84823 90403 98 101 354 152 175931 2500 62 		 
201212200048 서울특별시 영등포구 239597 179423 905 85958 91839 103 103 358 157 178518 2601 63 		 
201212200049 서울특별시 영등포구 243041 182346 909 87778 92931 103 105 361 159 181437 2923 64 		 
201212200051 서울특별시 영등포구 246730 185330 921 88946 94726 104 106 365 162 184409 2984 65 		 
201212200056 서울특별시 영등포구 249987 187835 931 90080 96080 105 107 369 163 186904 2505 66 		 
201212200057 서울특별시 영등포구 253537 190537 945 91357 97484 105 107 375 164 189592 2702 67 		 
201212200058 서울특별시 영등포구 256796 193129 954 92958 98452 106 108 386 165 192175 2592 68 		 
201212200112 서울특별시 영등포구 261561 196882 965 94564 100566 109 113 396 169 195917 3753 69 		 
201212200121 서울특별시 영등포구 265276 199304 979 95728 101797 112 116 402 170 198325 2422 70 		 
201212200122 서울특별시 영등포구 267948 201586 986 96968 102826 112 116 406 172 200600 2282 71 		 
201212200126 서울특별시 영등포구 271759 204764 990 98157 104801 114 116 412 174 203774 3178 72 		 
201212200127 서울특별시 영등포구 275406 207751 994 99436 106492 114 117 420 178 206757 2987 73 		 
201212200128 서울특별시 영등포구 282300 212964 1022 102168 108922 116 121 430 185 211942 5213 74 		 
201212200130 서울특별시 영등포구 285697 215492 1028 103498 110104 117 124 434 187 214464 2528 75 		 
201212200133 서울특별시 영등포구 289152 218345 1037 104788 111646 119 126 441 188 217308 2853 76 		 
201212200137 서울특별시 영등포구 293237 221645 1047 106273 113436 122 126 452 189 220598 3300 77 		 
201212200138 서울특별시 영등포구 297729 224721 1060 107795 114967 123 127 459 190 223661 3076 78 		 
201212200144 서울특별시 영등포구 300844 226767 1070 108747 116045 124 128 461 192 225697 2046 79 		 
201212200145 서울특별시 영등포구 304293 229263 1084 109796 117468 124 132 467 192 228179 2496 80 		 
201212200200 서울특별시 영등포구 308636 232504 1096 111116 119363 127 137 471 194 231408 3241 81 		 
201212200204 서울특별시 영등포구 311628 234607 1108 112029 120535 127 140 472 196 233499 2103 82 		 
201212200207 서울특별시 영등포구 313729 236059 1119 112727 121275 128 141 473 196 234940 1452 83 		 
201212200210 서울특별시 영등포구 319870 240120 1146 114579 123434 132 145 481 203 238974 4061 84 		 
201212200221 서울특별시 영등포구 323806 243200 1154 116893 124180 132 145 491 205 242046 3080 85 		 
201212200227 서울특별시 영등포구 327297 245970 1166 118158 125655 134 149 498 210 244804 2770 86 		 
201212200236 서울특별시 영등포구 327297 245981 1166 118167 125657 134 149 498 210 244815 11 87 		 
201212200247 서울특별시 영등포구 327297 245979 1164 118167 125657 134 149 498 210 244815 -2 88 		 
201212200255 서울특별시 영등포구 327297 245978 1163 118167 125657 134 149 498 210 244815 -1 89 		 
201212200258 서울특별시 영등포구 327297 245976 1161 118167 125657 134 149 498 210 244815 -2 90 		 
201212200259 서울특별시 영등포구 327297 245975 1160 118167 125657 134 149 498 210 244815 -1 91 		 
