Time AreaA AreaB Total TotalA Invalid VoteA VoteB VoteC VoteD VoteE VoteF TotalB Diff Count
201212192007 서울특별시 마포구 2032 1489 11 696 778 0 0 1 3 1478 1489 1 		 
201212192018 서울특별시 마포구 5705 4388 26 2150 2199 1 2 5 5 4362 2899 2 		 
201212192025 서울특별시 마포구 8466 6255 37 3072 3125 2 3 10 6 6218 1867 3 		 
201212192026 서울특별시 마포구 10393 7640 48 3709 3856 3 4 14 6 7592 1385 4 		 
201212192029 서울특별시 마포구 13469 9757 61 4777 4885 3 5 18 8 9696 2117 5 		 
201212192036 서울특별시 마포구 19113 14004 84 6881 6977 4 9 33 16 13920 4247 6 		 
201212192037 서울특별시 마포구 21880 16075 95 7710 8199 5 14 35 17 15980 2071 7 		 
201212192039 서울특별시 마포구 24896 18176 109 8644 9344 6 14 42 17 18067 2101 8 		 
201212192048 서울특별시 마포구 28748 21027 121 9946 10868 8 15 48 21 20906 2851 9 		 
201212192049 서울특별시 마포구 31296 22792 131 10771 11791 10 15 52 22 22661 1765 10 		 
201212192058 서울특별시 마포구 34779 25141 141 12036 12854 11 17 58 24 25000 2349 11 		 
201212192100 서울특별시 마포구 38208 27758 154 13250 14229 13 20 65 27 27604 2617 12 		 
201212192107 서울특별시 마포구 40899 29770 160 14170 15307 13 22 67 31 29610 2012 13 		 
201212192108 서울특별시 마포구 44231 32176 170 15279 16585 14 24 71 33 32006 2406 14 		 
201212192110 서울특별시 마포구 46242 33660 182 15950 17377 14 25 74 38 33478 1484 15 		 
201212192114 서울특별시 마포구 48537 35589 190 16954 18289 15 26 76 39 35399 1929 16 		 
201212192123 서울특별시 마포구 50241 36833 211 17577 18877 16 29 77 46 36622 1244 17 		 
201212192128 서울특별시 마포구 53269 39260 223 18729 20133 17 29 81 48 39037 2427 18 		 
201212192138 서울특별시 마포구 57407 42238 235 20026 21791 17 33 85 51 42003 2978 19 		 
201212192147 서울특별시 마포구 60699 44992 243 21183 23374 17 33 89 53 44749 2754 20 		 
201212192148 서울특별시 마포구 63807 47431 254 22369 24603 20 33 97 55 47177 2439 21 		 
201212192149 서울특별시 마포구 67247 50273 267 23785 26002 20 39 102 58 50006 2842 22 		 
201212192150 서울특별시 마포구 71554 53638 283 25345 27780 21 39 111 59 53355 3365 23 		 
201212192154 서울특별시 마포구 74474 56082 292 26490 29062 22 40 114 62 55790 2444 24 		 
201212192155 서울특별시 마포구 78464 58709 300 27475 30682 24 45 120 63 58409 2627 25 		 
201212192156 서울특별시 마포구 82087 61467 305 28642 32250 26 50 129 65 61162 2758 26 		 
201212192157 서울특별시 마포구 85158 63739 313 29592 33553 26 53 134 68 63426 2272 27 		 
201212192159 서울특별시 마포구 88594 66077 323 30500 34962 27 59 138 68 65754 2338 28 		 
201212192201 서울특별시 마포구 92363 69010 331 31914 36462 29 61 143 70 68679 2933 29 		 
201212192202 서울특별시 마포구 96055 71653 343 33187 37808 29 62 150 74 71310 2643 30 		 
201212192207 서울특별시 마포구 99961 74612 357 34364 39557 30 67 155 82 74255 2959 31 		 
201212192209 서울특별시 마포구 103610 77517 364 35725 41079 30 69 164 86 77153 2905 32 		 
201212192213 서울특별시 마포구 107127 80248 373 36870 42641 36 71 169 88 79875 2731 33 		 
201212192214 서울특별시 마포구 109742 82451 378 37820 43877 36 75 176 89 82073 2203 34 		 
201212192219 서울특별시 마포구 113057 84938 390 38879 45276 38 77 182 96 84548 2487 35 		 
201212192222 서울특별시 마포구 115365 86881 403 39910 46166 38 78 188 98 86478 1943 36 		 
201212192225 서울특별시 마포구 119832 90097 414 41246 48026 38 83 191 99 89683 3216 37 		 
201212192226 서울특별시 마포구 122406 91920 426 42010 49062 40 85 195 102 91494 1823 38 		 
201212192227 서울특별시 마포구 125836 94568 434 43148 50550 41 89 200 106 94134 2648 39 		 
201212192228 서울특별시 마포구 129339 97248 451 44338 52011 41 93 205 109 96797 2680 40 		 
201212192229 서울특별시 마포구 136299 102833 477 46813 55080 41 95 216 111 102356 5585 41 		 
201212192230 서울특별시 마포구 140002 105554 500 47815 56762 42 100 220 115 105054 2721 42 		 
201212192231 서울특별시 마포구 144415 108930 514 49145 58784 43 104 222 118 108416 3376 43 		 
201212192232 서울특별시 마포구 152683 115216 539 51766 62394 47 111 233 126 114677 6286 44 		 
201212192233 서울특별시 마포구 156763 118585 551 53420 64086 48 113 238 129 118034 3369 45 		 
201212192234 서울특별시 마포구 160261 121418 559 54614 65704 49 118 243 131 120859 2833 46 		 
201212192320 서울특별시 마포구 163629 124025 568 55686 67219 49 125 246 132 123457 2607 47 		 
201212192323 서울특별시 마포구 167657 127088 584 56925 69019 51 130 247 132 126504 3063 48 		 
201212192328 서울특별시 마포구 170647 129393 594 57887 70345 51 135 249 132 128799 2305 49 		 
201212192329 서울특별시 마포구 173642 131885 601 59283 71419 51 137 259 135 131284 2492 50 		 
201212192338 서울특별시 마포구 176533 133872 611 60161 72510 53 137 262 138 133261 1987 51 		 
201212192339 서울특별시 마포구 184302 139653 644 62557 75846 55 139 268 144 139009 5781 52 		 
201212192340 서울특별시 마포구 186889 141546 659 63447 76827 58 139 272 144 140887 1893 53 		 
201212192343 서울특별시 마포구 190506 144441 667 64557 78591 59 142 278 147 143774 2895 54 		 
201212192344 서울특별시 마포구 193784 147145 675 65823 80011 60 144 284 148 146470 2704 55 		 
201212200005 서울특별시 마포구 197017 149381 695 66738 81301 63 146 288 150 148686 2236 56 		 
201212200007 서울특별시 마포구 204220 155086 716 69167 84527 66 152 303 155 154370 5705 57 		 
201212200008 서울특별시 마포구 207243 157425 721 70059 85959 68 154 304 160 156704 2339 58 		 
201212200014 서울특별시 마포구 211112 160107 739 71175 87497 68 158 306 164 159368 2682 59 		 
201212200016 서울특별시 마포구 214936 162947 753 72294 89197 68 160 310 165 162194 2840 60 		 
201212200017 서울특별시 마포구 219053 165587 766 73353 90754 68 161 314 171 164821 2640 61 		 
201212200019 서울특별시 마포구 222944 168334 784 74565 92265 69 162 317 172 167550 2747 62 		 
201212200034 서울특별시 마포구 225131 170050 792 75476 93053 70 163 322 174 169258 1716 63 		 
201212200035 서울특별시 마포구 232194 175479 823 77769 96137 71 168 333 178 174656 5429 64 		 
201212200036 서울특별시 마포구 235605 177940 832 78830 97517 73 172 336 180 177108 2461 65 		 
201212200037 서울특별시 마포구 238835 180468 843 79963 98892 75 174 340 181 179625 2528 66 		 
201212200040 서울특별시 마포구 241780 182919 852 81151 100139 75 175 345 182 182067 2451 67 		 
201212200041 서울특별시 마포구 245295 185718 867 82490 101572 75 177 352 185 184851 2799 68 		 
201212200047 서울특별시 마포구 249403 188781 878 83755 103339 78 182 359 190 187903 3063 69 		 
201212200048 서울특별시 마포구 252343 190691 893 84679 104295 78 186 366 194 189798 1910 70 		 
201212200053 서울특별시 마포구 255346 193146 901 85946 105467 78 187 369 198 192245 2455 71 		 
201212200054 서울특별시 마포구 259403 196275 910 87172 107347 79 192 374 201 195365 3129 72 		 
201212200056 서울특별시 마포구 266247 201443 943 89374 110256 83 197 384 206 200500 5168 73 		 
201212200101 서울특별시 마포구 269821 204137 952 90598 111708 88 198 384 209 203185 2694 74 		 
201212200103 서울특별시 마포구 273625 207029 957 91854 113327 89 201 388 213 206072 2892 75 		 
201212200105 서울특별시 마포구 276901 209712 965 93089 114755 91 202 395 215 208747 2683 76 		 
201212200107 서울특별시 마포구 280573 212456 972 94230 116342 94 203 399 216 211484 2744 77 		 
201212200112 서울특별시 마포구 283092 214432 978 95107 117428 95 206 401 217 213454 1976 78 		 
201212200116 서울특별시 마포구 286070 216862 986 96047 118901 97 207 405 219 215876 2430 79 		 
201212200118 서울특별시 마포구 288911 219152 994 96963 120257 99 208 408 223 218158 2290 80 		 
201212200136 서울특별시 마포구 293106 221713 1007 98021 121730 101 210 415 229 220706 2561 81 		 
201212200137 서울특별시 마포구 296120 223963 1013 98873 123106 104 214 420 233 222950 2250 82 		 
201212200139 서울특별시 마포구 299559 226525 1024 100028 124487 105 219 426 236 225501 2562 83 		 
201212200140 서울특별시 마포구 302548 228843 1037 100970 125843 107 220 428 238 227806 2318 84 		 
201212200141 서울특별시 마포구 306187 231674 1048 102101 127516 109 227 432 241 230626 2831 85 		 
201212200145 서울특별시 마포구 309894 234523 1062 103250 129186 110 235 437 243 233461 2849 86 		 
201212200152 서울특별시 마포구 313642 237556 1072 104486 130960 110 238 444 246 236484 3033 87 		 
201212200209 서울특별시 마포구 319501 243010 1174 106916 133838 114 246 460 262 241836 5454 88 		 
201212200259 서울특별시 마포구 319501 243026 1174 106921 133849 114 246 460 262 241852 16 89 		 
