Time AreaA AreaB Total TotalA Invalid VoteA VoteB VoteC VoteD VoteE VoteF TotalB Diff Count
201212191938 서울특별시 서대문구 2491 1722 7 799 907 1 2 6 0 1715 1722 1 		 
201212191943 서울특별시 서대문구 4818 3385 10 1557 1801 1 5 11 0 3375 1663 2 		 
201212191949 서울특별시 서대문구 5620 3992 12 1786 2175 1 5 13 0 3980 607 3 		 
201212191951 서울특별시 서대문구 8428 6116 36 2719 3334 3 6 16 2 6080 2124 4 		 
201212191957 서울특별시 서대문구 12185 8832 50 3934 4804 6 9 19 10 8782 2716 5 		 
201212191958 서울특별시 서대문구 15626 11410 58 5000 6294 10 12 22 14 11352 2578 6 		 
201212192000 서울특별시 서대문구 19141 14185 74 6308 7733 12 14 30 14 14111 2775 7 		 
201212192001 서울특별시 서대문구 22148 16558 88 7391 9004 12 15 33 15 16470 2373 8 		 
201212192003 서울특별시 서대문구 25925 19313 108 8609 10510 15 18 37 16 19205 2755 9 		 
201212192005 서울특별시 서대문구 27303 20328 111 9144 10986 15 18 38 16 20217 1015 10 		 
201212192007 서울특별시 서대문구 31510 23569 127 10790 12556 17 18 43 18 23442 3241 11 		 
201212192008 서울특별시 서대문구 34548 25901 143 11902 13745 22 21 46 22 25758 2332 12 		 
201212192015 서울특별시 서대문구 37641 28288 156 13035 14977 25 24 48 23 28132 2387 13 		 
201212192021 서울특별시 서대문구 40344 30283 168 13872 16111 25 29 53 25 30115 1995 14 		 
201212192024 서울특별시 서대문구 44197 33457 180 15488 17650 27 29 57 26 33277 3174 15 		 
201212192029 서울특별시 서대문구 47305 35767 199 16435 18981 29 30 65 28 35568 2310 16 		 
201212192031 서울특별시 서대문구 50634 38172 214 17506 20287 31 31 73 30 37958 2405 17 		 
201212192032 서울특별시 서대문구 52294 39457 222 18103 20963 32 31 75 31 39235 1285 18 		 
201212192039 서울특별시 서대문구 55763 42140 229 19320 22410 32 31 85 33 41911 2683 19 		 
201212192041 서울특별시 서대문구 59127 44417 247 20335 23641 36 32 91 35 44170 2277 20 		 
201212192045 서울특별시 서대문구 61867 46573 255 21469 24648 36 33 97 35 46318 2156 21 		 
201212192051 서울특별시 서대문구 64944 48846 270 22481 25884 39 36 99 37 48576 2273 22 		 
201212192053 서울특별시 서대문구 68750 51669 291 23752 27401 41 38 105 41 51378 2823 23 		 
201212192054 서울특별시 서대문구 73034 54851 304 25118 29196 45 38 107 43 54547 3182 24 		 
201212192055 서울특별시 서대문구 74359 55779 309 25532 29704 45 38 107 44 55470 928 25 		 
201212192100 서울특별시 서대문구 78247 58810 318 26903 31336 50 39 115 49 58492 3031 26 		 
201212192103 서울특별시 서대문구 81091 60842 333 27720 32523 56 40 118 52 60509 2032 27 		 
201212192104 서울특별시 서대문구 84723 63542 344 28990 33936 56 42 118 56 63198 2700 28 		 
201212192105 서울특별시 서대문구 85930 64584 350 29412 34547 56 43 120 56 64234 1042 29 		 
201212192108 서울특별시 서대문구 88815 66745 363 30429 35667 56 47 125 58 66382 2161 30 		 
201212192109 서울특별시 서대문구 92013 69368 375 31640 37053 59 50 133 58 68993 2623 31 		 
201212192112 서울특별시 서대문구 95861 72110 387 32998 38412 60 52 140 61 71723 2742 32 		 
201212192116 서울특별시 서대문구 99110 74636 392 34119 39802 61 55 142 65 74244 2526 33 		 
201212192141 서울특별시 서대문구 100772 76039 399 34832 40477 61 56 146 68 75640 1403 34 		 
201212192144 서울특별시 서대문구 104007 78666 416 36079 41820 65 59 157 70 78250 2627 35 		 
201212192145 서울특별시 서대문구 107242 81119 427 37152 43182 67 62 158 71 80692 2453 36 		 
201212192149 서울특별시 서대문구 110758 83992 450 38561 44613 69 64 164 71 83542 2873 37 		 
201212192154 서울특별시 서대문구 111788 84868 451 38890 45155 70 65 166 71 84417 876 38 		 
201212192208 서울특별시 서대문구 115958 87929 467 40253 46821 75 68 171 74 87462 3061 39 		 
201212192210 서울특별시 서대문구 119998 91197 474 41814 48512 78 69 175 75 90723 3268 40 		 
201212192212 서울특별시 서대문구 124363 94430 492 43363 50170 79 69 180 77 93938 3233 41 		 
201212192216 서울특별시 서대문구 127953 97103 502 44297 51894 79 69 185 77 96601 2673 42 		 
201212192218 서울특별시 서대문구 131328 99542 508 45408 53204 80 73 189 80 99034 2439 43 		 
201212192227 서울특별시 서대문구 135061 102306 514 46583 54782 80 74 192 81 101792 2764 44 		 
201212192230 서울특별시 서대문구 138954 105287 534 47752 56559 88 77 195 82 104753 2981 45 		 
201212192231 서울특별시 서대문구 141743 107168 542 48547 57628 91 79 198 83 106626 1881 46 		 
201212192239 서울특별시 서대문구 145016 109555 555 49655 58883 93 81 201 87 109000 2387 47 		 
201212192243 서울특별시 서대문구 149009 112459 582 51092 60306 97 82 211 89 111877 2904 48 		 
201212192252 서울특별시 서대문구 151767 114562 589 51998 61489 99 84 212 91 113973 2103 49 		 
201212192253 서울특별시 서대문구 154499 116666 597 52899 62676 99 87 214 94 116069 2104 50 		 
201212192255 서울특별시 서대문구 158508 119315 618 54091 64102 100 87 222 95 118697 2649 51 		 
201212192256 서울특별시 서대문구 165357 124443 645 56572 66711 101 88 227 99 123798 5128 52 		 
201212192300 서울특별시 서대문구 169167 127454 654 58145 68131 102 89 234 99 126800 3011 53 		 
201212192308 서울특별시 서대문구 177536 134716 743 61466 71942 106 96 256 107 133973 7262 54 		 
201212192309 서울특별시 서대문구 181546 137993 761 63061 73591 112 96 263 109 137232 3277 55 		 
201212192311 서울특별시 서대문구 185348 140808 775 64406 75032 114 102 267 112 140033 2815 56 		 
201212192314 서울특별시 서대문구 188753 143479 787 65586 76497 116 103 275 115 142692 2671 57 		 
201212192315 서울특별시 서대문구 192539 146019 804 66691 77904 117 107 279 117 145215 2540 58 		 
201212192320 서울특별시 서대문구 196297 149064 816 67961 79652 119 111 285 120 148248 3045 59 		 
201212192322 서울특별시 서대문구 199086 151191 827 68892 80827 120 111 291 123 150364 2127 60 		 
201212192323 서울특별시 서대문구 200754 152124 838 69354 81284 120 111 294 123 151286 933 61 		 
201212192324 서울특별시 서대문구 204676 154914 855 70426 82973 122 114 298 126 154059 2790 62 		 
201212192330 서울특별시 서대문구 209055 157925 880 71682 84685 123 117 309 129 157045 3011 63 		 
201212192340 서울특별시 서대문구 212538 160674 894 72964 86123 127 119 317 130 159780 2749 64 		 
201212192341 서울특별시 서대문구 216297 163556 908 74117 87821 127 122 326 135 162648 2882 65 		 
201212192346 서울특별시 서대문구 220225 166619 928 75410 89562 129 123 329 138 165691 3063 66 		 
201212192347 서울특별시 서대문구 224554 169925 945 76844 91405 131 128 332 140 168980 3306 67 		 
201212192348 서울특별시 서대문구 227873 172098 957 77887 92512 132 131 337 142 171141 2173 68 		 
201212192352 서울특별시 서대문구 230727 174256 969 78747 93787 135 133 342 143 173287 2158 69 		 
201212192355 서울특별시 서대문구 233828 176592 977 79784 95069 137 135 345 145 175615 2336 70 		 
201212200006 서울특별시 서대문구 238352 179718 996 81255 96694 139 136 352 146 178722 3126 71 		 
201212200009 서울특별시 서대문구 241861 182531 1006 82464 98276 140 138 359 148 181525 2813 72 		 
201212200010 서울특별시 서대문구 246118 185332 1014 83836 99690 143 138 362 149 184318 2801 73 		 
201212200018 서울특별시 서대문구 250469 188123 1026 85238 101058 144 138 367 152 187097 2791 74 		 
201212200028 서울특별시 서대문구 254357 191022 1046 86527 102635 151 140 371 152 189976 2899 75 		 
201212200042 서울특별시 서대문구 258065 193693 1058 87669 104142 153 144 374 153 192635 2671 76 		 
201212200103 서울특별시 서대문구 261540 196125 1072 88809 105409 156 147 378 154 195053 2432 77 		 
201212200132 서울특별시 서대문구 261540 196130 1072 88811 105412 156 147 378 154 195058 5 78 		 
