Time AreaA AreaB Total TotalA Invalid VoteA VoteB VoteC VoteD VoteE VoteF TotalB Diff Count
201212192005 서울특별시 강동구 2897 2124 6 990 1121 1 0 3 3 2118 2124 1 		 
201212192011 서울특별시 강동구 6538 4835 23 2369 2425 2 2 7 7 4812 2711 2 		 
201212192014 서울특별시 강동구 11053 7952 41 3872 4004 3 4 20 8 7911 3117 3 		 
201212192015 서울특별시 강동구 14413 10761 55 5318 5340 4 4 32 8 10706 2809 4 		 
201212192018 서울특별시 강동구 17725 13115 69 6403 6586 6 6 37 8 13046 2354 5 		 
201212192019 서울특별시 강동구 25762 19273 86 9589 9515 9 8 52 14 19187 6158 6 		 
201212192024 서울특별시 강동구 29636 22283 101 11052 11034 10 9 62 15 22182 3010 7 		 
201212192033 서울특별시 강동구 32974 24548 115 12311 12020 11 9 64 18 24433 2265 8 		 
201212192039 서울특별시 강동구 37526 28255 126 14367 13649 13 10 70 20 28129 3707 9 		 
201212192040 서울특별시 강동구 40607 30761 130 15470 15041 13 10 76 21 30631 2506 10 		 
201212192052 서울특별시 강동구 45458 34369 149 17287 16804 17 12 77 23 34220 3608 11 		 
201212192053 서울특별시 강동구 52381 39383 169 19881 19184 21 16 85 27 39214 5014 12 		 
201212192058 서울특별시 강동구 55538 41940 175 21212 20401 21 17 85 29 41765 2557 13 		 
201212192100 서울특별시 강동구 60229 45287 185 22791 22148 23 18 92 30 45102 3347 14 		 
201212192105 서울특별시 강동구 63402 47647 189 23880 23407 25 19 97 30 47458 2360 15 		 
201212192106 서울특별시 강동구 66901 50530 199 25515 24629 29 21 105 32 50331 2883 16 		 
201212192111 서울특별시 강동구 70129 52918 204 26547 25967 31 23 112 34 52714 2388 17 		 
201212192116 서울특별시 강동구 74037 55715 222 27888 27394 34 25 116 36 55493 2797 18 		 
201212192118 서울특별시 강동구 76889 58042 234 29088 28503 35 26 118 38 57808 2327 19 		 
201212192124 서울특별시 강동구 80499 60752 245 30447 29832 37 28 122 41 60507 2710 20 		 
201212192130 서울특별시 강동구 84162 63686 253 31846 31350 40 29 127 41 63433 2934 21 		 
201212192131 서울특별시 강동구 87901 66820 262 33655 32653 40 32 133 45 66558 3134 22 		 
201212192134 서울특별시 강동구 90826 68896 271 34679 33692 41 32 136 45 68625 2076 23 		 
201212192136 서울특별시 강동구 94688 71667 282 35992 35127 42 33 144 47 71385 2771 24 		 
201212192139 서울특별시 강동구 99344 75053 296 37578 36905 42 35 149 48 74757 3386 25 		 
201212192141 서울특별시 강동구 102796 77489 313 38784 38108 45 36 151 52 77176 2436 26 		 
201212192142 서울특별시 강동구 107079 80944 327 40516 39808 47 36 157 53 80617 3455 27 		 
201212192144 서울특별시 강동구 112002 84089 350 42000 41435 48 39 160 57 83739 3145 28 		 
201212192150 서울특별시 강동구 115732 86746 358 43353 42723 50 40 163 59 86388 2657 29 		 
201212192152 서울특별시 강동구 120190 90316 369 45217 44407 51 41 171 60 89947 3570 30 		 
201212192153 서울특별시 강동구 124218 93124 375 46538 45883 52 42 171 63 92749 2808 31 		 
201212192158 서울특별시 강동구 128685 96112 382 48070 47325 52 43 176 64 95730 2988 32 		 
201212192215 서울특별시 강동구 133319 99397 399 49681 48975 54 44 179 65 98998 3285 33 		 
201212192216 서울특별시 강동구 137533 102577 410 51252 50563 56 45 185 66 102167 3180 34 		 
201212192258 서울특별시 강동구 141674 105622 428 52635 52196 56 49 191 67 105194 3045 35 		 
201212192259 서울특별시 강동구 145332 108373 442 53974 53586 57 49 196 69 107931 2751 36 		 
201212192300 서울특별시 강동구 150049 112161 454 55937 55389 58 50 201 72 111707 3788 37 		 
201212192301 서울특별시 강동구 153956 115232 458 57368 57018 59 52 204 73 114774 3071 38 		 
201212192310 서울특별시 강동구 158021 118311 469 58811 58634 62 52 209 74 117842 3079 39 		 
201212192317 서울특별시 강동구 162566 121901 482 60765 60246 63 52 216 77 121419 3590 40 		 
201212192322 서울특별시 강동구 167308 125459 493 62463 62079 66 52 228 78 124966 3558 41 		 
201212192323 서울특별시 강동구 174037 130461 524 64981 64512 67 57 235 85 129937 5002 42 		 
201212192324 서울특별시 강동구 177538 133151 531 66346 65812 68 60 246 88 132620 2690 43 		 
201212192326 서울특별시 강동구 181455 136221 545 67894 67312 68 61 252 89 135676 3070 44 		 
201212192328 서울특별시 강동구 185199 139065 552 69543 68490 68 63 256 93 138513 2844 45 		 
201212192331 서울특별시 강동구 188362 141496 568 70869 69573 68 64 261 93 140928 2431 46 		 
201212192341 서울특별시 강동구 192871 144911 586 72442 71386 68 66 265 98 144325 3415 47 		 
201212192351 서울특별시 강동구 196951 148362 596 74286 72977 69 69 267 98 147766 3451 48 		 
201212200004 서울특별시 강동구 201660 151700 614 75930 74642 71 69 275 99 151086 3338 49 		 
201212200006 서울특별시 강동구 210298 157781 631 79021 77589 78 70 288 104 157150 6081 50 		 
201212200007 서울특별시 강동구 213935 160638 637 80448 79002 79 71 294 107 160001 2857 51 		 
201212200012 서울특별시 강동구 217537 163119 643 81635 80281 80 72 299 109 162476 2481 52 		 
201212200019 서울특별시 강동구 221227 166191 654 83588 81376 82 74 305 112 165537 3072 53 		 
201212200026 서울특별시 강동구 225860 170032 664 85354 83428 86 77 310 113 169368 3841 54 		 
201212200037 서울특별시 강동구 230294 173297 687 87161 84849 89 78 318 115 172610 3265 55 		 
201212200043 서울특별시 강동구 235053 176941 697 89139 86498 89 79 322 117 176244 3644 56 		 
201212200048 서울특별시 강동구 238233 179485 716 90235 87920 90 81 323 120 178769 2544 57 		 
201212200049 서울특별시 강동구 242294 182735 728 91693 89692 92 81 328 121 182007 3250 58 		 
201212200054 서울특별시 강동구 246863 185630 738 93134 91128 92 81 334 123 184892 2895 59 		 
201212200056 서울특별시 강동구 251928 189504 763 94980 93119 94 84 338 126 188741 3874 60 		 
201212200057 서울특별시 강동구 255914 192434 775 96445 94562 94 86 345 127 191659 2930 61 		 
201212200100 서울특별시 강동구 258981 194647 782 97520 95682 96 88 350 129 193865 2213 62 		 
201212200102 서울특별시 강동구 262658 197112 797 98774 96864 101 88 356 132 196315 2465 63 		 
201212200106 서울특별시 강동구 272244 203889 827 102071 100288 104 94 368 137 203062 6777 64 		 
201212200109 서울특별시 강동구 276705 207211 839 103709 101956 104 95 370 138 206372 3322 65 		 
201212200110 서울특별시 강동구 280583 210215 850 105178 103472 105 96 375 139 209365 3004 66 		 
201212200112 서울특별시 강동구 285385 213697 861 106902 105201 111 98 382 142 212836 3482 67 		 
201212200119 서울특별시 강동구 289955 216491 871 108234 106642 114 98 386 146 215620 2794 68 		 
201212200121 서울특별시 강동구 298739 224719 1027 112327 110551 127 107 411 169 223692 8228 69 		 
201212200123 서울특별시 강동구 302150 227286 1033 113625 111804 127 107 421 169 226253 2567 70 		 
201212200135 서울특별시 강동구 306828 231083 1044 115521 113680 129 110 428 171 230039 3797 71 		 
201212200136 서울특별시 강동구 310712 233813 1059 116863 115042 133 112 430 174 232754 2730 72 		 
201212200137 서울특별시 강동구 314650 237102 1070 118711 116462 133 112 437 177 236032 3289 73 		 
201212200138 서울특별시 강동구 318855 240013 1092 120282 117765 136 114 443 181 238921 2911 74 		 
201212200144 서울특별시 강동구 324586 244584 1110 122353 120231 140 115 452 183 243474 4571 75 		 
201212200152 서울특별시 강동구 329206 247568 1127 123785 121755 143 118 457 183 246441 2984 76 		 
201212200158 서울특별시 강동구 333236 250511 1145 125096 123361 144 119 460 186 249366 2943 77 		 
201212200201 서울특별시 강동구 337935 254396 1157 127039 125272 146 119 473 190 253239 3885 78 		 
201212200204 서울특별시 강동구 343044 258272 1176 128885 127260 149 122 485 195 257096 3876 79 		 
201212200214 서울특별시 강동구 346938 261380 1184 130367 128867 150 122 492 198 260196 3108 80 		 
201212200218 서울특별시 강동구 351018 264347 1203 131928 130236 153 126 499 202 263144 2967 81 		 
201212200220 서울특별시 강동구 355323 267604 1220 133501 131893 153 126 506 205 266384 3257 82 		 
201212200222 서울특별시 강동구 358866 270527 1229 135105 133192 154 127 514 206 269298 2923 83 		 
201212200223 서울특별시 강동구 363528 274156 1245 137060 134839 157 127 521 207 272911 3629 84 		 
201212200227 서울특별시 강동구 370412 279695 1270 140067 137324 159 128 534 213 278425 5539 85 		 
201212200236 서울특별시 강동구 374763 282843 1294 141565 138931 162 131 545 215 281549 3148 86 		 
201212200246 서울특별시 강동구 378441 285697 1305 143236 140094 162 132 549 219 284392 2854 87 		 
201212200253 서울특별시 강동구 381756 288322 1317 144529 141406 163 134 554 219 287005 2625 88 		 
201212200302 서울특별시 강동구 385631 291290 1325 146050 142832 164 135 561 223 289965 2968 89 		 
201212200307 서울특별시 강동구 389310 294326 1334 147773 144124 164 139 568 224 292992 3036 90 		 
201212200310 서울특별시 강동구 392991 297080 1343 149006 145629 165 140 572 225 295737 2754 91 		 
201212200351 서울특별시 강동구 397018 300339 1358 150754 147118 165 141 577 226 298981 3259 92 		 
201212200438 서울특별시 강동구 397018 300362 1358 150764 147131 165 141 577 226 299004 23 93 		 
