Time AreaA AreaB Total TotalA Invalid VoteA VoteB VoteC VoteD VoteE VoteF TotalB Diff Count
201212192007 서울특별시 용산구 4262 2590 21 1364 1195 1 2 5 2 2569 2590 1 		 
201212192011 서울특별시 용산구 6079 3887 28 2002 1839 4 2 7 5 3859 1297 2 		 
201212192013 서울특별시 용산구 8463 5627 36 2851 2719 4 3 8 6 5591 1740 3 		 
201212192014 서울특별시 용산구 11466 7947 43 4727 3147 4 3 16 7 7904 2320 4 		 
201212192016 서울특별시 용산구 15241 10294 50 5802 4409 4 3 19 7 10244 2347 5 		 
201212192018 서울특별시 용산구 16968 11012 56 6193 4726 4 3 20 10 10956 718 6 		 
201212192025 서울특별시 용산구 20893 13873 69 7562 6192 6 6 25 13 13804 2861 7 		 
201212192028 서울특별시 용산구 24552 16649 83 8817 7688 9 8 30 14 16566 2776 8 		 
201212192043 서울특별시 용산구 27750 19218 93 10532 8525 9 10 35 14 19125 2569 9 		 
201212192053 서울특별시 용산구 30717 21385 100 11449 9759 10 13 37 17 21285 2167 10 		 
201212192059 서울특별시 용산구 36302 25573 120 13455 11907 15 15 42 19 25453 4188 11 		 
201212192111 서울특별시 용산구 39441 27860 130 14557 13076 16 15 46 20 27730 2287 12 		 
201212192113 서울특별시 용산구 43857 30045 143 15620 14180 16 16 48 22 29902 2185 13 		 
201212192124 서울특별시 용산구 47341 32453 158 16751 15426 20 20 53 25 32295 2408 14 		 
201212192125 서울특별시 용산구 50175 34634 166 17926 16415 20 23 55 29 34468 2181 15 		 
201212192129 서울특별시 용산구 53851 37477 177 19422 17743 21 25 59 30 37300 2843 16 		 
201212192131 서울특별시 용산구 57048 39886 191 20538 19016 22 25 63 31 39695 2409 17 		 
201212192143 서울특별시 용산구 60071 41977 205 21738 19880 25 27 67 35 41772 2091 18 		 
201212192150 서울특별시 용산구 64646 45465 218 24150 20930 27 28 76 36 45247 3488 19 		 
201212192151 서울특별시 용산구 67745 47422 236 25074 21937 29 29 81 36 47186 1957 20 		 
201212192159 서울특별시 용산구 71203 50068 247 26311 23325 29 31 89 36 49821 2646 21 		 
201212192200 서울특별시 용산구 76046 53325 254 28404 24474 29 33 94 37 53071 3257 22 		 
201212192203 서울특별시 용산구 78878 55602 263 29475 25665 29 34 96 40 55339 2277 23 		 
201212192206 서울특별시 용산구 81237 57289 270 30232 26582 31 35 97 42 57019 1687 24 		 
201212192213 서울특별시 용산구 84915 60701 324 31984 28161 34 45 104 49 60377 3412 25 		 
201212192222 서울특별시 용산구 90730 64661 343 34303 29762 37 47 116 53 64318 3960 26 		 
201212192229 서울특별시 용산구 94527 67364 355 35511 31232 41 50 118 57 67009 2703 27 		 
201212192233 서울특별시 용산구 96971 69129 364 36405 32088 43 50 120 59 68765 1765 28 		 
201212192235 서울특별시 용산구 103613 74009 396 38861 34463 48 53 127 61 73613 4880 29 		 
201212192300 서울특별시 용산구 107621 76970 411 40075 36183 49 56 132 64 76559 2961 30 		 
201212192307 서울특별시 용산구 110525 79077 420 41289 37057 50 57 138 66 78657 2107 31 		 
201212192308 서울특별시 용산구 113555 81379 429 42219 38407 51 59 145 69 80950 2302 32 		 
201212192318 서울특별시 용산구 117171 83992 438 43565 39656 51 60 150 72 83554 2613 33 		 
201212192328 서울특별시 용산구 121104 86577 451 44827 40956 55 63 153 72 86126 2585 34 		 
201212192335 서울특별시 용산구 129349 92529 473 48439 43250 59 65 170 73 92056 5952 35 		 
201212192342 서울특별시 용산구 132670 95312 484 49806 44639 59 69 179 76 94828 2783 36 		 
201212192354 서울특별시 용산구 136815 98668 491 51749 46034 60 70 187 77 98177 3356 37 		 
201212192355 서울특별시 용산구 139964 100910 500 52906 47098 62 72 191 81 100410 2242 38 		 
201212192357 서울특별시 용산구 145020 104759 513 54873 48958 62 73 197 83 104246 3849 39 		 
201212200002 서울특별시 용산구 147282 106400 522 55727 49726 65 75 200 85 105878 1641 40 		 
201212200011 서울특별시 용산구 151593 108987 539 57188 50829 65 78 201 87 108448 2587 41 		 
201212200013 서울특별시 용산구 154664 111273 550 58141 52149 65 78 201 89 110723 2286 42 		 
201212200015 서울특별시 용산구 161620 115655 569 60183 54453 68 84 205 93 115086 4382 43 		 
201212200020 서울특별시 용산구 166283 119055 581 62261 55755 69 84 208 97 118474 3400 44 		 
201212200024 서울특별시 용산구 170144 122095 591 64302 56737 69 86 213 97 121504 3040 45 		 
201212200029 서울특별시 용산구 172000 123253 593 65003 57186 69 86 218 98 122660 1158 46 		 
201212200031 서울특별시 용산구 176399 126129 604 66203 58840 73 87 222 100 125525 2876 47 		 
201212200037 서울특별시 용산구 180093 128624 613 67475 60046 74 87 227 102 128011 2495 48 		 
201212200043 서울특별시 용산구 183084 130782 620 68540 61123 76 88 229 106 130162 2158 49 		 
201212200044 서울특별시 용산구 187060 133762 634 69898 62720 77 91 235 107 133128 2980 50 		 
201212200046 서울특별시 용산구 189943 135860 648 71002 63691 78 91 238 112 135212 2098 51 		 
201212200050 서울특별시 용산구 193617 138470 668 72365 64906 82 91 242 116 137802 2610 52 		 
201212200054 서울특별시 용산구 197298 140876 680 73598 66061 82 92 246 117 140196 2406 53 		 
201212200103 서울특별시 용산구 199960 142913 695 74607 67069 82 93 249 118 142218 2037 54 		 
201212200106 서울특별시 용산구 202730 145105 707 75773 68073 83 94 256 119 144398 2192 55 		 
201212200109 서울특별시 용산구 206665 147833 715 76990 69563 87 96 261 121 147118 2728 56 		 
201212200216 서울특별시 용산구 206665 147849 715 76997 69572 87 96 261 121 147134 16 57 		 
