Time AreaA AreaB Total TotalA Invalid VoteA VoteB VoteC VoteD VoteE VoteF TotalB Diff Count
201212191956 서울특별시 중구 1534 1162 10 658 490 0 2 2 0 1152 1162 1 		 
201212192008 서울특별시 중구 3118 2282 16 1177 1077 1 2 5 4 2266 1120 2 		 
201212192014 서울특별시 중구 5206 3844 27 1881 1920 3 2 5 6 3817 1562 3 		 
201212192016 서울특별시 중구 7248 5311 35 2546 2706 4 2 7 11 5276 1467 4 		 
201212192019 서울특별시 중구 9857 7443 43 3662 3708 5 2 12 11 7400 2132 5 		 
201212192028 서울특별시 중구 12247 9016 62 4484 4431 9 2 17 11 8954 1573 6 		 
201212192030 서울특별시 중구 14696 11038 75 5506 5403 11 3 28 12 10963 2022 7 		 
201212192032 서울특별시 중구 17157 12701 84 6238 6317 12 5 33 12 12617 1663 8 		 
201212192033 서울특별시 중구 19123 14014 94 6917 6936 13 6 36 12 13920 1313 9 		 
201212192035 서울특별시 중구 21106 15430 106 7615 7632 15 9 40 13 15324 1416 10 		 
201212192042 서울특별시 중구 21455 15642 108 7731 7725 15 10 40 13 15534 212 11 		 
201212192044 서울특별시 중구 24266 17890 120 8869 8818 16 10 44 13 17770 2248 12 		 
201212192048 서울특별시 중구 26286 19365 130 9611 9532 17 11 48 16 19235 1475 13 		 
201212192050 서울특별시 중구 27178 19926 135 9859 9839 17 11 48 17 19791 561 14 		 
201212192055 서울특별시 중구 29867 21722 144 10763 10715 19 11 51 19 21578 1796 15 		 
201212192056 서울특별시 중구 30407 22049 145 10908 10893 20 12 51 20 21904 327 16 		 
201212192105 서울특별시 중구 32297 23415 155 11506 11643 21 14 54 22 23260 1366 17 		 
201212192106 서울특별시 중구 34718 24983 164 12217 12488 21 14 56 23 24819 1568 18 		 
201212192114 서울특별시 중구 36950 26650 174 12830 13527 21 15 60 23 26476 1667 19 		 
201212192115 서울특별시 중구 39493 28450 184 13738 14400 22 19 63 24 28266 1800 20 		 
201212192117 서울특별시 중구 42130 30650 196 14903 15421 22 19 64 25 30454 2200 21 		 
201212192121 서울특별시 중구 42743 31105 196 15133 15642 23 19 66 26 30909 455 22 		 
201212192145 서울특별시 중구 43962 31789 203 15538 15910 24 19 67 28 31586 684 23 		 
201212192146 서울특별시 중구 47282 34406 218 16841 17197 24 22 72 32 34188 2617 24 		 
201212192149 서울특별시 중구 50776 36922 232 18010 18520 30 22 75 33 36690 2516 25 		 
201212192211 서울특별시 중구 52762 38774 280 18872 19441 34 25 84 38 38494 1852 26 		 
201212192216 서울특별시 중구 55389 40473 295 19647 20341 36 27 86 41 40178 1699 27 		 
201212192224 서울특별시 중구 57861 42436 311 20476 21450 38 27 91 43 42125 1963 28 		 
201212192244 서울특별시 중구 61904 44956 329 21943 22477 40 30 92 45 44627 2520 29 		 
201212192302 서울특별시 중구 65761 47885 348 23381 23940 41 32 97 46 47537 2929 30 		 
201212192335 서울특별시 중구 69642 50699 363 24648 25456 45 34 103 50 50336 2814 31 		 
201212192338 서울특별시 중구 73385 53572 372 26117 26847 45 35 105 51 53200 2873 32 		 
201212200004 서울특별시 중구 80067 58625 390 28428 29550 47 39 115 56 58235 5053 33 		 
201212200009 서울특별시 중구 88200 64171 428 31041 32423 52 46 122 59 63743 5546 34 		 
201212200011 서울특별시 중구 91107 66209 442 32034 33446 53 47 128 59 65767 2038 35 		 
201212200014 서울특별시 중구 91902 66759 446 32326 33697 54 47 129 60 66313 550 36 		 
201212200015 서울특별시 중구 94251 68485 452 33279 34455 57 49 131 62 68033 1726 37 		 
201212200020 서울특별시 중구 94996 69018 455 33559 34703 59 49 131 62 68563 533 38 		 
201212200024 서울특별시 중구 98584 71711 463 35002 35935 60 49 137 65 71248 2693 39 		 
201212200026 서울특별시 중구 99585 72288 466 35379 36130 60 50 137 66 71822 577 40 		 
201212200036 서울특별시 중구 102951 74656 486 36360 37489 62 52 139 68 74170 2368 41 		 
201212200045 서울특별시 중구 105960 76618 501 37267 38521 65 53 142 69 76117 1962 42 		 
201212200053 서울특별시 중구 109234 79003 514 38296 39859 66 54 144 70 78489 2385 43 		 
201212200055 서울특별시 중구 112655 81476 528 39443 41164 67 56 147 71 80948 2473 44 		 
201212200056 서울특별시 중구 115277 83094 542 40288 41919 67 56 151 71 82552 1618 45 		 
201212200124 서울특별시 중구 115277 83095 542 40289 41919 67 56 151 71 82553 1 46 		 
