Time AreaA AreaB Total TotalA Invalid VoteA VoteB VoteC VoteD VoteE VoteF TotalB Diff Count
201212192007 서울특별시 은평구 3661 2656 18 1169 1457 2 1 6 3 2638 2656 1 		 
201212192011 서울특별시 은평구 7183 5251 38 2384 2803 3 4 12 7 5213 2595 2 		 
201212192013 서울특별시 은평구 13625 10301 64 4890 5300 7 8 23 9 10237 5050 3 		 
201212192021 서울특별시 은평구 16621 12550 78 5994 6427 7 8 26 10 12472 2249 4 		 
201212192026 서울특별시 은평구 20774 15638 97 7292 8185 11 10 30 13 15541 3088 5 		 
201212192027 서울특별시 은평구 24181 18250 107 8458 9611 12 10 36 16 18143 2612 6 		 
201212192029 서울특별시 은평구 27461 20732 124 9596 10929 14 12 39 18 20608 2482 7 		 
201212192034 서울특별시 은평구 32451 23931 142 10985 12707 17 15 42 23 23789 3199 8 		 
201212192038 서울특별시 은평구 35517 26035 154 11892 13884 20 17 45 23 25881 2104 9 		 
201212192043 서울특별시 은평구 39825 29017 167 13106 15625 22 19 51 27 28850 2982 10 		 
201212192047 서울특별시 은평구 43579 31753 176 14381 17073 22 20 53 28 31577 2736 11 		 
201212192051 서울특별시 은평구 48219 35237 190 15771 19139 26 22 57 32 35047 3484 12 		 
201212192054 서울특별시 은평구 52729 38551 202 17205 20986 30 27 66 35 38349 3314 13 		 
201212192058 서울특별시 은평구 56005 41022 216 18314 22331 30 29 67 35 40806 2471 14 		 
201212192123 서울특별시 은평구 59894 43820 224 19575 23848 32 29 72 40 43596 2798 15 		 
201212192124 서울특별시 은평구 67676 49578 255 22074 27048 37 34 84 46 49323 5758 16 		 
201212192125 서울특별시 은평구 72120 52290 291 23408 28368 42 38 89 54 51999 2712 17 		 
201212192128 서울특별시 은평구 75127 54516 301 24301 29676 42 42 99 55 54215 2226 18 		 
201212192140 서울특별시 은평구 84606 60988 332 27142 33252 44 45 117 56 60656 6472 19 		 
201212192141 서울특별시 은평구 89321 64449 352 28564 35257 47 47 122 60 64097 3461 20 		 
201212192144 서울특별시 은평구 92989 67059 368 29815 36586 49 49 132 60 66691 2610 21 		 
201212192145 서울특별시 은평구 92989 67060 366 29818 36586 49 49 132 60 66694 1 22 		 
201212192146 서울특별시 은평구 96633 69703 379 31001 38024 50 50 137 62 69324 2643 23 		 
201212192149 서울특별시 은평구 105659 76036 428 33922 41368 52 52 145 69 75608 6333 24 		 
201212192150 서울특별시 은평구 110523 79841 437 35670 43410 53 52 148 71 79404 3805 25 		 
201212192151 서울특별시 은평구 114680 82820 456 36997 45029 56 54 153 75 82364 2979 26 		 
201212192156 서울특별시 은평구 119486 86274 471 38384 47071 59 55 158 76 85803 3454 27 		 
201212192157 서울특별시 은평구 122782 88924 480 39638 48449 59 56 163 79 88444 2650 28 		 
201212192159 서울특별시 은평구 126736 91782 492 40955 49964 62 61 167 81 91290 2858 29 		 
201212192200 서울특별시 은평구 130864 94870 508 42358 51626 62 63 169 84 94362 3088 30 		 
201212192203 서울특별시 은평구 134598 97595 523 43624 53055 64 66 175 88 97072 2725 31 		 
201212192208 서울특별시 은평구 139098 100813 536 45111 54760 68 68 181 89 100277 3218 32 		 
201212192209 서울특별시 은평구 142655 103225 552 46303 55956 69 69 186 90 102673 2412 33 		 
201212192213 서울특별시 은평구 147637 106797 571 47782 58008 74 77 189 96 106226 3572 34 		 
201212192216 서울특별시 은평구 152054 110023 583 49250 59743 76 82 192 97 109440 3226 35 		 
201212192221 서울특별시 은평구 156277 112973 598 50568 61346 78 85 196 102 112375 2950 36 		 
201212192226 서울특별시 은평구 158868 115060 601 51542 62448 78 87 200 104 114459 2087 37 		 
201212192227 서울특별시 은평구 162639 117742 612 52722 63931 79 88 204 106 117130 2682 38 		 
201212192237 서울특별시 은평구 165203 119867 613 53676 65092 79 89 209 109 119254 2125 39 		 
201212192240 서울특별시 은평구 170266 123649 631 55270 67252 83 90 212 111 123018 3782 40 		 
201212192244 서울특별시 은평구 175663 127295 649 56830 69305 86 91 219 115 126646 3646 41 		 
201212192250 서울특별시 은평구 178609 129398 662 57829 70388 87 92 223 117 128736 2103 42 		 
201212192254 서울특별시 은평구 182465 132291 672 59063 72020 88 95 232 121 131619 2893 43 		 
201212192255 서울특별시 은평구 188165 135988 693 60779 73965 88 97 243 123 135295 3697 44 		 
201212192300 서울특별시 은평구 192430 139505 705 62508 75724 90 100 252 126 138800 3517 45 		 
201212192302 서울특별시 은평구 196896 142818 716 64128 77390 93 102 256 133 142102 3313 46 		 
201212192329 서울특별시 은평구 200796 145779 722 65480 78981 98 104 260 134 145057 2961 47 		 
201212192330 서울특별시 은평구 204545 148835 734 66893 80601 99 107 267 134 148101 3056 48 		 
201212192337 서울특별시 은평구 208838 152150 752 68366 82406 102 114 275 135 151398 3315 49 		 
201212192339 서울특별시 은평구 212849 155223 764 69809 84014 104 117 277 138 154459 3073 50 		 
201212192341 서울특별시 은평구 217421 158620 779 71509 85686 107 117 279 143 157841 3397 51 		 
201212192349 서울특별시 은평구 224312 163759 802 73834 88444 114 121 294 150 162957 5139 52 		 
201212200002 서울특별시 은평구 227588 166240 827 75005 89716 116 123 300 153 165413 2481 53 		 
201212200004 서울특별시 은평구 231401 168980 841 76321 91116 117 127 303 155 168139 2740 54 		 
201212200005 서울특별시 은평구 235593 172152 847 77796 92794 117 129 309 160 171305 3172 55 		 
201212200008 서울특별시 은평구 239116 175047 853 79064 94401 121 129 315 164 174194 2895 56 		 
201212200013 서울특별시 은평구 243138 177884 876 80302 95968 123 131 319 165 177008 2837 57 		 
201212200020 서울특별시 은평구 247998 181468 900 81962 97860 123 132 325 166 180568 3584 58 		 
201212200021 서울특별시 은평구 252824 184785 916 83473 99641 125 132 328 170 183869 3317 59 		 
201212200023 서울특별시 은평구 256147 187230 930 84570 100973 125 132 329 171 186300 2445 60 		 
201212200028 서울특별시 은평구 260974 190867 947 86348 102795 128 132 343 174 189920 3637 61 		 
201212200030 서울특별시 은평구 265246 193906 959 87772 104382 133 134 351 175 192947 3039 62 		 
201212200033 서울특별시 은평구 270758 198023 975 89675 106568 135 136 355 179 197048 4117 63 		 
201212200038 서울특별시 은평구 274599 200705 991 90864 108031 136 139 362 182 199714 2682 64 		 
201212200041 서울특별시 은평구 278730 203753 1011 92236 109677 137 139 367 186 202742 3048 65 		 
201212200042 서울특별시 은평구 283325 207116 1026 93726 111522 138 142 376 186 206090 3363 66 		 
201212200053 서울특별시 은평구 288085 210464 1040 95220 113347 141 148 380 188 209424 3348 67 		 
201212200058 서울특별시 은평구 296413 218281 1198 98821 117338 152 163 401 208 217083 7817 68 		 
201212200059 서울특별시 은평구 299982 220883 1218 100035 118691 158 165 404 212 219665 2602 69 		 
201212200100 서울특별시 은평구 304493 224135 1234 101477 120474 161 166 408 215 222901 3252 70 		 
201212200101 서울특별시 은평구 309427 227660 1248 103111 122333 163 171 417 217 226412 3525 71 		 
201212200108 서울특별시 은평구 313684 230772 1268 104483 124044 165 172 419 221 229504 3112 72 		 
201212200109 서울특별시 은평구 317125 233642 1276 105586 125796 167 174 421 222 232366 2870 73 		 
201212200110 서울특별시 은평구 321722 237335 1286 107144 127906 168 176 431 224 236049 3693 74 		 
201212200112 서울특별시 은평구 325166 239751 1300 108147 129292 176 177 431 228 238451 2416 75 		 
201212200113 서울특별시 은평구 329650 243163 1325 109688 131125 179 180 434 232 241838 3412 76 		 
201212200115 서울특별시 은평구 332847 245035 1333 110552 132119 179 182 438 232 243702 1872 77 		 
201212200118 서울특별시 은평구 336421 247550 1352 111713 133441 181 186 443 234 246198 2515 78 		 
201212200119 서울특별시 은평구 340402 250538 1371 113122 134987 181 188 451 238 249167 2988 79 		 
201212200122 서울특별시 은평구 343861 253318 1380 114401 136474 183 189 453 238 251938 2780 80 		 
201212200124 서울특별시 은평구 347712 255945 1396 115529 137944 187 194 456 239 254549 2627 81 		 
201212200135 서울특별시 은평구 351609 258800 1403 116956 139354 189 197 461 240 257397 2855 82 		 
201212200138 서울특별시 은평구 354631 260944 1421 118011 140416 191 198 466 241 259523 2144 83 		 
201212200139 서울특별시 은평구 359271 264208 1433 119568 142102 192 198 472 243 262775 3264 84 		 
201212200140 서울특별시 은평구 363079 266799 1460 120779 143445 193 198 476 248 265339 2591 85 		 
201212200142 서울특별시 은평구 367560 270225 1479 122249 145370 195 199 483 250 268746 3426 86 		 
201212200154 서울특별시 은평구 372143 273330 1488 123554 147149 198 199 488 254 271842 3105 87 		 
201212200158 서울특별시 은평구 376840 276779 1512 125132 148983 202 199 493 258 275267 3449 88 		 
201212200202 서울특별시 은평구 380637 279574 1529 126518 150364 204 201 499 259 278045 2795 89 		 
201212200203 서울특별시 은평구 387225 284786 1548 128561 153502 206 201 506 262 283238 5212 90 		 
201212200211 서울특별시 은평구 391520 287752 1560 129865 155140 206 202 515 264 286192 2966 91 		 
201212200213 서울특별시 은평구 395492 290468 1579 131128 156565 207 204 520 265 288889 2716 92 		 
201212200216 서울특별시 은평구 399330 293290 1593 132446 158044 208 206 526 267 291697 2822 93 		 
201212200218 서울특별시 은평구 404297 297374 1607 134351 160192 211 208 537 268 295767 4084 94 		 
201212200230 서울특별시 은평구 409466 300904 1630 135866 162170 213 212 543 270 299274 3530 95 		 
201212200524 서울특별시 은평구 409466 300923 1630 135878 162177 213 212 543 270 299293 19 96 		 
