Time AreaA AreaB Total TotalA Invalid VoteA VoteB VoteC VoteD VoteE VoteF TotalB Diff Count
201212191957 서울특별시 구로구 2660 2050 8 982 1052 0 2 4 2 2042 2050 1 		 
201212192023 서울특별시 구로구 6531 4420 22 2007 2379 0 4 5 3 4398 2370 2 		 
201212192026 서울특별시 구로구 10149 7178 40 3267 3849 1 8 7 6 7138 2758 3 		 
201212192028 서울특별시 구로구 13826 10050 47 4557 5409 2 11 16 8 10003 2872 4 		 
201212192031 서울특별시 구로구 17295 12724 62 5774 6842 2 13 20 11 12662 2674 5 		 
201212192033 서울특별시 구로구 21280 16103 70 7300 8672 5 13 29 14 16033 3379 6 		 
201212192035 서울특별시 구로구 24148 18369 79 8348 9875 5 14 33 15 18290 2266 7 		 
201212192051 서울특별시 구로구 26511 20082 89 9009 10912 5 16 35 16 19993 1713 8 		 
201212192056 서울특별시 구로구 29895 22544 102 10239 12128 6 16 37 16 22442 2462 9 		 
201212192101 서울특별시 구로구 33782 25351 117 11341 13807 11 16 42 17 25234 2807 10 		 
201212192105 서울특별시 구로구 37343 28068 129 12627 15213 13 18 48 20 27939 2717 11 		 
201212192109 서울특별시 구로구 42076 31505 145 14391 16866 14 18 49 22 31360 3437 12 		 
201212192112 서울특별시 구로구 45541 33819 161 15369 18175 17 19 53 25 33658 2314 13 		 
201212192116 서울특별시 구로구 48042 35415 170 16175 18945 20 20 58 27 35245 1596 14 		 
201212192123 서울특별시 구로구 52225 38711 191 17846 20536 20 23 64 31 38520 3296 15 		 
201212192127 서울특별시 구로구 55619 41223 205 19042 21825 22 24 72 33 41018 2512 16 		 
201212192129 서울특별시 구로구 58881 43970 220 20580 23009 22 25 77 37 43750 2747 17 		 
201212192139 서울특별시 구로구 62662 46756 240 22365 23976 23 30 81 41 46516 2786 18 		 
201212192143 서울특별시 구로구 64403 48086 242 22949 24716 23 31 83 42 47844 1330 19 		 
201212192144 서울특별시 구로구 67969 50700 261 24238 26009 24 33 89 46 50439 2614 20 		 
201212192155 서울특별시 구로구 71199 52965 267 25310 27182 25 33 96 52 52698 2265 21 		 
201212192156 서울특별시 구로구 75206 56151 275 26553 29100 25 34 104 60 55876 3186 22 		 
201212192201 서울특별시 구로구 78940 59143 286 27950 30678 28 35 106 60 58857 2992 23 		 
201212192203 서울특별시 구로구 82910 62265 308 29147 32569 32 35 112 62 61957 3122 24 		 
201212192212 서울특별시 구로구 87214 65438 323 30873 33990 35 36 117 64 65115 3173 25 		 
201212192214 서울특별시 구로구 90606 67997 335 31955 35443 35 39 120 70 67662 2559 26 		 
201212192220 서울특별시 구로구 94079 70934 341 33364 36957 36 41 124 71 70593 2937 27 		 
201212192233 서울특별시 구로구 99022 74528 357 34995 38894 37 42 130 73 74171 3594 28 		 
201212192236 서울특별시 구로구 101969 76738 370 35913 40161 39 47 135 73 76368 2210 29 		 
201212192304 서울특별시 구로구 105339 79401 387 37201 41515 40 47 137 74 79014 2663 30 		 
201212192306 서울특별시 구로구 112636 85062 418 39980 44342 43 53 147 79 84644 5661 31 		 
201212192310 서울특별시 구로구 121553 92321 437 43587 47965 44 54 151 83 91884 7259 32 		 
201212192316 서울특별시 구로구 124860 94665 456 44566 49302 47 54 155 85 94209 2344 33 		 
201212192331 서울특별시 구로구 129028 97838 469 46272 50744 47 55 163 88 97369 3173 34 		 
201212192340 서울특별시 구로구 132836 100635 477 47555 52245 48 56 163 91 100158 2797 35 		 
201212192341 서울특별시 구로구 133906 101420 479 47914 52665 50 57 164 91 100941 785 36 		 
201212192342 서울특별시 구로구 141226 107285 494 50615 55793 53 61 174 95 106791 5865 37 		 
201212192348 서울특별시 구로구 149425 113878 522 53942 59014 53 63 184 100 113356 6593 38 		 
201212192354 서울특별시 구로구 153037 116411 528 54846 60623 55 68 187 104 115883 2533 39 		 
201212192355 서울특별시 구로구 157099 119053 539 56188 61905 57 69 188 107 118514 2642 40 		 
201212192357 서울특별시 구로구 160199 121725 547 57277 63470 59 70 193 109 121178 2672 41 		 
201212200000 서울특별시 구로구 163249 124090 565 58441 64646 59 71 196 112 123525 2365 42 		 
201212200010 서울특별시 구로구 167159 126664 582 59663 65966 62 73 201 117 126082 2574 43 		 
201212200011 서울특별시 구로구 170611 129554 591 60886 67616 63 76 204 118 128963 2890 44 		 
201212200016 서울특별시 구로구 174869 132941 601 62287 69578 68 78 209 120 132340 3387 45 		 
201212200020 서울특별시 구로구 177601 134789 608 63127 70573 68 81 209 123 134181 1848 46 		 
201212200031 서울특별시 구로구 182633 139041 618 65092 72842 69 82 214 124 138423 4252 47 		 
201212200035 서울특별시 구로구 187311 142596 642 66939 74505 73 87 223 127 141954 3555 48 		 
201212200037 서울특별시 구로구 190858 145498 650 68271 76057 74 90 227 129 144848 2902 49 		 
201212200044 서울특별시 구로구 194351 148447 657 69735 77527 74 91 231 132 147790 2949 50 		 
201212200053 서울특별시 구로구 197683 150890 669 70671 79011 77 95 233 134 150221 2443 51 		 
201212200054 서울특별시 구로구 202108 154170 691 72059 80871 78 96 239 136 153479 3280 52 		 
201212200103 서울특별시 구로구 208928 159396 714 74574 83532 86 102 249 139 158682 5226 53 		 
201212200108 서울특별시 구로구 213197 162400 722 75326 85764 89 105 253 141 161678 3004 54 		 
201212200123 서울특별시 구로구 216741 165247 729 76468 87456 91 107 254 142 164518 2847 55 		 
201212200124 서울특별시 구로구 220127 167600 745 77492 88756 94 109 259 145 166855 2353 56 		 
201212200125 서울특별시 구로구 223221 169813 756 78565 89879 95 110 261 147 169057 2213 57 		 
201212200127 서울특별시 구로구 226318 171946 776 79532 91017 96 113 261 151 171170 2133 58 		 
201212200146 서울특별시 구로구 229153 173899 789 80434 92045 96 114 266 155 173110 1953 59 		 
201212200159 서울특별시 구로구 231436 175618 793 80910 93275 98 114 271 157 174825 1719 60 		 
201212200200 서울특별시 구로구 234869 178081 814 81993 94624 100 115 273 162 177267 2463 61 		 
201212200207 서울특별시 구로구 238755 181379 821 83551 96335 105 119 284 164 180558 3298 62 		 
201212200211 서울특별시 구로구 242868 184720 832 84874 98328 106 122 289 169 183888 3341 63 		 
201212200213 서울특별시 구로구 246308 187424 846 86210 99671 109 124 293 171 186578 2704 64 		 
201212200214 서울특별시 구로구 252937 193677 962 89126 102847 115 136 300 191 192715 6253 65 		 
201212200222 서울특별시 구로구 259059 198570 976 91276 105559 116 138 311 194 197594 4893 66 		 
201212200237 서울특별시 구로구 263262 201588 997 92526 107295 118 140 312 200 200591 3018 67 		 
201212200238 서울특별시 구로구 267196 203898 1016 93562 108546 119 141 313 201 202882 2310 68 		 
201212200239 서울특별시 구로구 271359 206953 1031 94784 110353 120 145 318 202 205922 3055 69 		 
201212200247 서울특별시 구로구 275054 209709 1043 96045 111829 121 146 321 204 208666 2756 70 		 
201212200249 서울특별시 구로구 282118 215204 1076 98551 114760 122 151 334 210 214128 5495 71 		 
201212200305 서울특별시 구로구 285327 217552 1085 99696 115948 123 151 335 214 216467 2348 72 		 
201212200306 서울특별시 구로구 288484 219969 1092 100735 117309 126 151 340 216 218877 2417 73 		 
201212200307 서울특별시 구로구 292986 223615 1104 102503 119159 128 153 349 219 222511 3646 74 		 
201212200309 서울특별시 구로구 297857 227323 1120 103905 121439 129 154 356 220 226203 3708 75 		 
201212200323 서울특별시 구로구 301469 230334 1127 105345 122993 131 154 364 220 229207 3011 76 		 
201212200324 서울특별시 구로구 306023 233890 1142 106962 124899 133 159 371 224 232748 3556 77 		 
201212200325 서울특별시 구로구 309806 236952 1151 108313 126593 134 162 374 225 235801 3062 78 		 
201212200326 서울특별시 구로구 314032 240430 1164 109845 128514 135 163 381 228 239266 3478 79 		 
201212200331 서울특별시 구로구 320758 245656 1192 112238 131296 137 165 395 233 244464 5226 80 		 
201212200332 서울특별시 구로구 324723 248716 1204 113649 132928 137 168 397 233 247512 3060 81 		 
201212200341 서울특별시 구로구 331947 254823 1226 116384 136247 141 173 415 237 253597 6107 82 		 
201212200342 서울특별시 구로구 335295 257667 1236 117770 137686 142 175 419 239 256431 2844 83 		 
201212200343 서울특별시 구로구 339085 260617 1243 119287 139097 144 177 428 241 259374 2950 84 		 
201212200354 서울특별시 구로구 350373 269071 1272 123093 143685 151 182 439 249 267799 8454 85 		 
201212200358 서울특별시 구로구 350373 269094 1272 123106 143695 151 182 439 249 267822 23 86 		 
