Time AreaA AreaB Total TotalA Invalid VoteA VoteB VoteC VoteD VoteE VoteF TotalB Diff Count
201212192024 서울특별시 광진구 2673 2055 9 848 1186 0 2 8 2 2046 2055 1 		 
201212192037 서울특별시 광진구 6817 5147 16 2190 2925 0 2 11 3 5131 3092 2 		 
201212192046 서울특별시 광진구 10063 7557 32 3209 4294 1 3 13 5 7525 2410 3 		 
201212192048 서울특별시 광진구 13727 10098 42 4301 5722 4 3 18 8 10056 2541 4 		 
201212192050 서울특별시 광진구 16608 12559 48 5635 6836 4 3 22 11 12511 2461 5 		 
201212192052 서울특별시 광진구 18707 14101 58 6341 7656 5 5 24 12 14043 1542 6 		 
201212192058 서울특별시 광진구 23525 18108 67 8263 9718 5 7 34 14 18041 4007 7 		 
201212192101 서울특별시 광진구 27248 20970 73 9573 11256 5 9 39 15 20897 2862 8 		 
201212192105 서울특별시 광진구 30478 23309 78 10626 12532 5 10 39 19 23231 2339 9 		 
201212192111 서울특별시 광진구 33472 25526 89 11625 13726 9 11 45 21 25437 2217 10 		 
201212192116 서울특별시 광진구 37578 28980 92 13227 15563 10 12 54 22 28888 3454 11 		 
201212192119 서울특별시 광진구 41655 32026 113 14502 17296 11 14 64 26 31913 3046 12 		 
201212192131 서울특별시 광진구 45041 34639 132 15644 18739 13 15 68 28 34507 2613 13 		 
201212192141 서울특별시 광진구 48579 37175 148 16793 20101 14 16 72 31 37027 2536 14 		 
201212192145 서울특별시 광진구 51564 39339 156 17895 21145 15 18 78 32 39183 2164 15 		 
201212192148 서울특별시 광진구 54538 41434 170 18693 22419 16 18 84 34 41264 2095 16 		 
201212192157 서울특별시 광진구 57323 43446 186 19633 23468 19 18 86 36 43260 2012 17 		 
201212192200 서울특별시 광진구 60283 45684 197 20663 24656 21 18 92 37 45487 2238 18 		 
201212192240 서울특별시 광진구 63527 48101 208 21692 26026 22 20 96 37 47893 2417 19 		 
201212192241 서울특별시 광진구 66749 50404 220 22654 27353 23 20 96 38 50184 2303 20 		 
201212192244 서울특별시 광진구 69509 52477 229 23602 28466 24 20 96 40 52248 2073 21 		 
201212192245 서울특별시 광진구 72666 54943 239 24768 29749 24 21 100 42 54704 2466 22 		 
201212192247 서울특별시 광진구 76601 58249 248 26660 31144 24 21 106 46 58001 3306 23 		 
201212192249 서울특별시 광진구 79569 60304 258 27482 32356 28 23 109 48 60046 2055 24 		 
201212192250 서울특별시 광진구 82712 62555 278 28500 33563 29 23 111 51 62277 2251 25 		 
201212192257 서울특별시 광진구 86366 65132 292 29624 34989 30 26 118 53 64840 2577 26 		 
201212192259 서울특별시 광진구 89188 67202 304 30514 36151 30 27 122 54 66898 2070 27 		 
201212192300 서울특별시 광진구 92044 69240 321 31297 37379 33 29 126 55 68919 2038 28 		 
201212192303 서울특별시 광진구 95153 71605 332 32331 38691 35 32 129 55 71273 2365 29 		 
201212192306 서울특별시 광진구 98098 73733 343 33282 39852 36 34 130 56 73390 2128 30 		 
201212192308 서울특별시 광진구 100992 75783 349 34205 40964 36 35 133 61 75434 2050 31 		 
201212192311 서울특별시 광진구 104919 78647 366 35537 42468 39 36 136 65 78281 2864 32 		 
201212192312 서울특별시 광진구 108064 80912 378 36598 43653 40 36 139 68 80534 2265 33 		 
201212192313 서울특별시 광진구 111744 83668 393 37906 45080 42 36 143 68 83275 2756 34 		 
201212192314 서울특별시 광진구 114713 85867 409 38856 46304 45 38 147 68 85458 2199 35 		 
201212192315 서울특별시 광진구 118217 88597 421 40064 47804 47 39 150 72 88176 2730 36 		 
201212192319 서울특별시 광진구 122161 91622 430 41416 49458 48 42 155 73 91192 3025 37 		 
201212192322 서울특별시 광진구 125623 93805 443 42446 50587 49 44 160 76 93362 2183 38 		 
201212192324 서울특별시 광진구 128910 96562 448 43633 52138 50 46 169 78 96114 2757 39 		 
201212192326 서울특별시 광진구 132567 99120 467 44793 53512 52 47 170 79 98653 2558 40 		 
201212192341 서울특별시 광진구 135286 101221 472 45805 54585 53 47 179 80 100749 2101 41 		 
201212192343 서울특별시 광진구 138928 103760 489 47030 55876 54 48 181 82 103271 2539 42 		 
201212192344 서울특별시 광진구 142765 106405 500 48120 57408 56 51 186 84 105905 2645 43 		 
201212192356 서울특별시 광진구 148689 111963 588 50697 60244 66 64 200 104 111375 5558 44 		 
201212192359 서울특별시 광진구 153255 115322 599 52579 61701 67 64 206 106 114723 3359 45 		 
201212200000 서울특별시 광진구 156957 117863 614 53707 63090 67 65 211 109 117249 2541 46 		 
201212200001 서울특별시 광진구 161137 121060 624 55180 64792 68 69 217 110 120436 3197 47 		 
201212200006 서울특별시 광진구 165175 123482 637 56143 66228 69 71 223 111 122845 2422 48 		 
201212200021 서울특별시 광진구 169141 126210 646 57305 67778 70 72 226 113 125564 2728 49 		 
201212200022 서울특별시 광진구 173440 129572 658 58973 69446 71 77 232 115 128914 3362 50 		 
201212200023 서울특별시 광진구 175592 131120 664 59591 70362 72 78 235 118 130456 1548 51 		 
201212200024 서울특별시 광진구 179414 134292 671 61017 72094 72 80 238 120 133621 3172 52 		 
201212200025 서울특별시 광진구 183238 137162 679 62217 73746 74 81 242 123 136483 2870 53 		 
201212200042 서울특별시 광진구 186036 139274 694 63159 74896 74 82 245 124 138580 2112 54 		 
201212200044 서울특별시 광진구 189341 141752 711 64246 76266 74 83 248 124 141041 2478 55 		 
201212200047 서울특별시 광진구 193320 144805 733 65692 77840 75 86 252 127 144072 3053 56 		 
201212200056 서울특별시 광진구 195667 146487 737 66412 78792 76 87 254 129 145750 1682 57 		 
201212200059 서울특별시 광진구 199449 149352 749 67650 80397 79 89 257 131 148603 2865 58 		 
201212200101 서울특별시 광진구 203514 152514 760 69074 82115 82 90 261 132 151754 3162 59 		 
201212200103 서울특별시 광진구 208414 156340 775 71109 83879 82 92 269 134 155565 3826 60 		 
201212200113 서울특별시 광진구 211890 158925 794 72145 85398 87 93 272 136 158131 2585 61 		 
201212200114 서울특별시 광진구 215797 161764 805 73366 86994 91 94 275 139 160959 2839 62 		 
201212200131 서울특별시 광진구 219353 164100 815 74363 88310 91 95 286 140 163285 2336 63 		 
201212200133 서울특별시 광진구 222897 166853 829 75590 89814 92 95 290 143 166024 2753 64 		 
201212200134 서울특별시 광진구 226494 169684 841 77423 90792 93 98 292 145 168843 2831 65 		 
201212200136 서울특별시 광진구 230561 172704 854 78793 92417 97 98 298 147 171850 3020 66 		 
201212200137 서울특별시 광진구 235084 176451 865 80877 94060 97 100 305 147 175586 3747 67 		 
201212200142 서울특별시 광진구 238819 179072 878 82007 95528 100 104 307 148 178194 2621 68 		 
201212200147 서울특별시 광진구 242577 181744 887 83067 97127 100 106 308 149 180857 2672 69 		 
201212200158 서울특별시 광진구 246366 184878 902 85275 98027 100 106 316 152 183976 3134 70 		 
201212200159 서울특별시 광진구 249814 187472 921 86444 99428 101 106 316 156 186551 2594 71 		 
201212200201 서울특별시 광진구 253984 190616 935 87936 101060 101 107 317 160 189681 3144 72 		 
201212200213 서울특별시 광진구 257854 193287 953 89064 102574 103 109 320 164 192334 2671 73 		 
201212200214 서울특별시 광진구 261332 196192 966 90388 104135 104 111 323 165 195226 2905 74 		 
201212200215 서울특별시 광진구 265150 198880 977 91593 105602 104 111 327 166 197903 2688 75 		 
201212200222 서울특별시 광진구 269458 202548 982 93298 107542 104 114 340 168 201566 3668 76 		 
201212200225 서울특별시 광진구 273435 205486 998 94615 109137 104 115 348 169 204488 2938 77 		 
201212200228 서울특별시 광진구 276520 207677 1006 95606 110322 105 118 350 170 206671 2191 78 		 
201212200244 서울특별시 광진구 280285 210345 1015 96807 111767 110 119 356 171 209330 2668 79 		 
201212200250 서울특별시 광진구 284520 213673 1039 98539 113324 111 121 362 177 212634 3328 80 		 
201212200301 서울특별시 광진구 288768 217070 1053 100273 114958 113 122 370 181 216017 3397 81 		 
201212200303 서울특별시 광진구 293145 220284 1064 101749 116676 113 123 373 186 219220 3214 82 		 
201212200335 서울특별시 광진구 297214 223358 1075 103190 118288 113 127 375 190 222283 3074 83 		 
201212200356 서울특별시 광진구 301106 226315 1086 104495 119916 116 128 381 193 225229 2957 84 		 
201212200429 서울특별시 광진구 304559 228851 1101 105657 121267 117 130 384 195 227750 2536 85 		 
201212200444 서울특별시 광진구 307590 231139 1125 106659 122521 118 131 385 200 230014 2288 86 		 
201212200457 서울특별시 광진구 307590 231171 1125 106675 122537 118 131 385 200 230046 32 87 		 
