Time AreaA AreaB Total TotalA Invalid VoteA VoteB VoteC VoteD VoteE VoteF TotalB Diff Count
201212192016 서울특별시 노원구 2743 1719 15 848 852 0 1 1 2 1704 1719 1 		 
201212192029 서울특별시 노원구 6044 4154 40 1969 2131 3 4 2 5 4114 2435 2 		 
201212192037 서울특별시 노원구 9291 6588 46 3235 3284 7 6 4 6 6542 2434 3 		 
201212192052 서울특별시 노원구 12882 9370 64 4598 4678 9 6 6 9 9306 2782 4 		 
201212192058 서울특별시 노원구 21287 15774 89 7355 8279 12 9 16 14 15685 6404 5 		 
201212192100 서울특별시 노원구 25501 19028 102 8910 9953 13 10 24 16 18926 3254 6 		 
201212192102 서울특별시 노원구 29501 22312 115 10525 11592 16 11 35 18 22197 3284 7 		 
201212192103 서울특별시 노원구 33284 25211 149 11863 13098 22 17 39 23 25062 2899 8 		 
201212192104 서울특별시 노원구 36817 27791 167 13148 14366 22 19 43 26 27624 2580 9 		 
201212192107 서울특별시 노원구 39288 29539 180 13996 15248 23 19 46 27 29359 1748 10 		 
201212192116 서울특별시 노원구 43055 32684 188 15378 16994 25 20 51 28 32496 3145 11 		 
201212192117 서울특별시 노원구 46172 34780 202 16443 18000 27 20 55 33 34578 2096 12 		 
201212192118 서울특별시 노원구 50127 38047 216 18007 19678 28 22 62 34 37831 3267 13 		 
201212192119 서울특별시 노원구 54291 41340 228 19494 21468 28 23 64 35 41112 3293 14 		 
201212192121 서울특별시 노원구 62581 47722 249 22392 24909 32 26 74 40 47473 6382 15 		 
201212192124 서울특별시 노원구 66649 50949 257 23912 26595 33 27 81 44 50692 3227 16 		 
201212192126 서울특별시 노원구 70643 54252 268 25524 28264 35 28 89 44 53984 3303 17 		 
201212192127 서울특별시 노원구 75021 57683 281 27136 30054 40 28 99 45 57402 3431 18 		 
201212192128 서울특별시 노원구 78350 60411 289 28325 31577 41 29 104 46 60122 2728 19 		 
201212192130 서울특별시 노원구 87048 66940 327 31045 35330 46 32 110 50 66613 6529 20 		 
201212192131 서울특별시 노원구 91309 70346 335 32859 36903 46 34 117 52 70011 3406 21 		 
201212192134 서울특별시 노원구 95462 73641 348 34419 38614 47 34 123 56 73293 3295 22 		 
201212192138 서울특별시 노원구 99248 76558 358 35691 40237 49 34 131 58 76200 2917 23 		 
201212192139 서울특별시 노원구 103828 80124 370 37328 42144 51 35 135 61 79754 3566 24 		 
201212192142 서울특별시 노원구 108086 83603 388 38962 43957 55 37 142 62 83215 3479 25 		 
201212192210 서울특별시 노원구 111848 86510 399 40197 45611 56 41 144 62 86111 2907 26 		 
201212192215 서울특별시 노원구 115911 89738 419 41755 47248 56 43 151 66 89319 3228 27 		 
201212192217 서울특별시 노원구 120512 93342 438 43509 49065 56 43 161 70 92904 3604 28 		 
201212192221 서울특별시 노원구 123717 95964 451 44577 50598 57 45 165 71 95513 2622 29 		 
201212192222 서울특별시 노원구 126830 98131 464 45652 51668 62 46 166 73 97667 2167 30 		 
201212192224 서울특별시 노원구 130907 101387 474 47039 53516 63 47 172 76 100913 3256 31 		 
201212192226 서울특별시 노원구 134641 104009 494 48200 54951 64 48 175 77 103515 2622 32 		 
201212192228 서울특별시 노원구 139281 107610 512 49837 56888 66 50 179 78 107098 3601 33 		 
201212192232 서울특별시 노원구 143287 110697 527 51251 58527 68 51 190 83 110170 3087 34 		 
201212192236 서울특별시 노원구 151888 117336 557 54439 61927 73 52 202 86 116779 6639 35 		 
201212192239 서울특별시 노원구 156161 120650 572 55863 63795 73 52 206 89 120078 3314 36 		 
201212192240 서울특별시 노원구 159348 123148 576 57073 65063 74 53 218 91 122572 2498 37 		 
201212192242 서울특별시 노원구 166299 128435 601 59202 68182 75 57 223 95 127834 5287 38 		 
201212192243 서울특별시 노원구 170042 131562 617 60706 69779 77 57 230 96 130945 3127 39 		 
201212192245 서울특별시 노원구 172979 133648 633 61709 70828 82 61 237 98 133015 2086 40 		 
201212192247 서울특별시 노원구 177310 137266 645 63298 72832 84 63 245 99 136621 3618 41 		 
201212192249 서울특별시 노원구 181223 139865 657 64430 74279 85 67 247 100 139208 2599 42 		 
201212192250 서울특별시 노원구 183975 142010 672 65529 75295 90 68 254 102 141338 2145 43 		 
201212192251 서울특별시 노원구 190478 146856 714 67947 77660 97 70 260 108 146142 4846 44 		 
201212192252 서울특별시 노원구 194447 150034 724 69726 79036 97 71 270 110 149310 3178 45 		 
201212192253 서울특별시 노원구 199379 153808 734 71418 81097 100 71 276 112 153074 3774 46 		 
201212192254 서울특별시 노원구 203003 156578 751 72731 82522 101 74 283 116 155827 2770 47 		 
201212192255 서울특별시 노원구 206852 159799 760 74220 84237 101 74 289 118 159039 3221 48 		 
201212192256 서울특별시 노원구 210690 162334 773 75454 85516 101 77 293 120 161561 2535 49 		 
201212192300 서울특별시 노원구 213399 164328 781 76296 86656 102 77 294 122 163547 1994 50 		 
201212192302 서울특별시 노원구 217270 167494 792 77673 88419 103 80 304 123 166702 3166 51 		 
201212192303 서울특별시 노원구 224113 172601 824 80067 91076 107 85 317 125 171777 5107 52 		 
201212192305 서울특별시 노원구 229118 176493 850 81790 93207 107 89 322 128 175643 3892 53 		 
201212192308 서울특별시 노원구 233225 179729 865 83257 94941 109 92 333 132 178864 3236 54 		 
201212192310 서울특별시 노원구 240376 185388 878 85821 98003 111 95 341 139 184510 5659 55 		 
201212192311 서울특별시 노원구 244203 188568 894 87277 99698 112 95 350 142 187674 3180 56 		 
201212192314 서울특별시 노원구 251444 194335 922 89772 102917 116 99 361 148 193413 5767 57 		 
201212192315 서울특별시 노원구 256266 198313 936 91607 105034 116 99 369 152 197377 3978 58 		 
201212192320 서울특별시 노원구 260292 201658 948 93331 106631 116 100 378 154 200710 3345 59 		 
201212192325 서울특별시 노원구 264495 205069 965 95011 108338 117 101 382 155 204104 3411 60 		 
201212192329 서울특별시 노원구 272675 211519 995 98250 111497 122 104 392 159 210524 6450 61 		 
201212192330 서울특별시 노원구 276661 214704 1007 99593 113318 124 104 396 162 213697 3185 62 		 
201212192331 서울특별시 노원구 281072 218120 1022 101544 114748 125 109 405 167 217098 3416 63 		 
201212192334 서울특별시 노원구 284971 221147 1040 103083 116208 126 110 407 173 220107 3027 64 		 
201212192336 서울특별시 노원구 290543 225624 1059 105468 118264 129 112 413 179 224565 4477 65 		 
201212192338 서울특별시 노원구 294174 228447 1065 106219 120320 131 112 419 181 227382 2823 66 		 
201212192339 서울특별시 노원구 296807 230444 1075 107122 121398 131 113 420 185 229369 1997 67 		 
201212192340 서울특별시 노원구 300301 233253 1089 108292 123018 131 113 424 186 232164 2809 68 		 
201212192344 서울특별시 노원구 304265 236506 1100 109675 124866 132 115 431 187 235406 3253 69 		 
201212192345 서울특별시 노원구 308594 240086 1115 111343 126748 136 115 439 190 238971 3580 70 		 
201212192349 서울특별시 노원구 312456 243087 1126 112627 128440 137 116 449 192 241961 3001 71 		 
201212192350 서울특별시 노원구 315810 245445 1132 113756 129653 138 119 453 194 244313 2358 72 		 
201212192351 서울특별시 노원구 319201 248176 1140 114923 131200 138 120 460 195 247036 2731 73 		 
201212192352 서울특별시 노원구 322790 251050 1152 116229 132751 139 121 463 195 249898 2874 74 		 
201212192354 서울특별시 노원구 326961 253904 1173 117591 134213 141 121 467 198 252731 2854 75 		 
201212192355 서울특별시 노원구 330237 256288 1185 118749 135416 143 121 472 202 255103 2384 76 		 
201212192358 서울특별시 노원구 332938 258231 1200 119590 136487 146 124 477 207 257031 1943 77 		 
201212192359 서울특별시 노원구 336163 260600 1233 120758 137645 148 124 479 213 259367 2369 78 		 
201212200001 서울특별시 노원구 340706 263421 1259 122057 139127 151 125 485 217 262162 2821 79 		 
201212200003 서울특별시 노원구 344294 266290 1266 123308 140724 152 131 489 220 265024 2869 80 		 
201212200005 서울특별시 노원구 348344 269162 1284 124714 142157 154 131 495 227 267878 2872 81 		 
201212200006 서울특별시 노원구 352821 272518 1299 126393 143814 155 133 497 227 271219 3356 82 		 
201212200010 서울특별시 노원구 360096 278570 1326 128987 147227 157 135 506 232 277244 6052 83 		 
201212200015 서울특별시 노원구 364043 281664 1341 130382 148903 157 136 512 233 280323 3094 84 		 
201212200016 서울특별시 노원구 367873 284716 1356 131840 150466 158 137 520 239 283360 3052 85 		 
201212200019 서울특별시 노원구 371842 287867 1369 133261 152174 158 137 527 241 286498 3151 86 		 
201212200020 서울특별시 노원구 375069 290481 1379 134426 153606 159 137 531 243 289102 2614 87 		 
201212200024 서울특별시 노원구 378324 293143 1388 135593 155083 159 142 534 244 291755 2662 88 		 
201212200028 서울특별시 노원구 382692 296422 1403 137027 156908 160 142 537 245 295019 3279 89 		 
201212200036 서울특별시 노원구 385728 298561 1431 138099 157931 167 143 540 250 297130 2139 90 		 
201212200040 서울특별시 노원구 387868 300330 1437 138891 158898 170 143 541 250 298893 1769 91 		 
201212200044 서울특별시 노원구 391136 302929 1454 140151 160205 174 145 549 251 301475 2599 92 		 
201212200045 서울특별시 노원구 395309 306232 1463 141769 161871 174 146 555 254 304769 3303 93 		 
201212200046 서울특별시 노원구 398625 308605 1484 142677 163301 175 150 561 257 307121 2373 94 		 
201212200050 서울특별시 노원구 402674 311361 1511 144098 164596 178 154 564 260 309850 2756 95 		 
201212200052 서울특별시 노원구 406807 314529 1534 145563 166263 178 157 570 264 312995 3168 96 		 
201212200053 서울특별시 노원구 414206 319929 1556 148062 169118 183 158 585 267 318373 5400 97 		 
201212200055 서울특별시 노원구 418726 323377 1574 149752 170857 184 158 585 267 321803 3448 98 		 
201212200057 서울특별시 노원구 422475 326519 1584 151348 172385 184 159 589 270 324935 3142 99 		 
201212200100 서울특별시 노원구 427573 329963 1602 152907 174241 186 163 593 271 328361 3444 100 		 
201212200102 서울특별시 노원구 432442 333843 1615 154591 176415 187 165 595 275 332228 3880 101 		 
201212200119 서울특별시 노원구 437311 337199 1637 156195 178121 190 169 610 277 335562 3356 102 		 
201212200140 서울특별시 노원구 441284 340413 1644 157597 179906 195 171 620 280 338769 3214 103 		 
201212200141 서울특별시 노원구 457075 354654 1825 164220 187231 212 192 660 314 352829 14241 104 		 
201212200144 서울특별시 노원구 461759 358396 1841 165749 189407 213 198 670 318 356555 3742 105 		 
201212200202 서울특별시 노원구 465632 361594 1850 167242 191098 214 198 673 319 359744 3198 106 		 
201212200221 서울특별시 노원구 469669 364864 1859 168583 193003 216 199 684 320 363005 3270 107 		 
201212200223 서울특별시 노원구 473741 367942 1887 170089 194528 220 203 689 326 366055 3078 108 		 
201212200343 서울특별시 노원구 473741 367986 1888 170114 194546 220 203 689 326 366098 44 109 		 
201212200424 서울특별시 노원구 473741 368003 1905 170114 194546 220 203 689 326 366098 17 110 		 
