Time AreaA AreaB Total TotalA Invalid VoteA VoteB VoteC VoteD VoteE VoteF TotalB Diff Count
201212191920 세종특별자치시 세종특별자치시 356 259 0 116 141 0 0 0 2 259 259 1 		 
201212191941 세종특별자치시 세종특별자치시 2047 1490 5 827 655 0 1 0 2 1485 1231 2 		 
201212191953 세종특별자치시 세종특별자치시 4585 3211 8 1807 1390 0 1 2 3 3203 1721 3 		 
201212191958 세종특별자치시 세종특별자치시 5862 4095 12 2269 1804 0 1 4 5 4083 884 4 		 
201212192013 세종특별자치시 세종특별자치시 8999 6601 14 3351 3222 1 3 5 5 6587 2506 5 		 
201212192018 세종특별자치시 세종특별자치시 9942 7299 19 3752 3512 1 3 6 6 7280 698 6 		 
201212192021 세종특별자치시 세종특별자치시 14175 10148 29 5169 4923 1 3 12 11 10119 2849 7 		 
201212192035 세종특별자치시 세종특별자치시 17484 12580 35 6420 6091 3 3 14 14 12545 2432 8 		 
201212192038 세종특별자치시 세종특별자치시 18479 13283 38 6876 6333 3 5 14 14 13245 703 9 		 
201212192048 세종특별자치시 세종특별자치시 22808 16527 45 8497 7936 4 7 17 21 16482 3244 10 		 
201212192050 세종특별자치시 세종특별자치시 24580 17781 53 9232 8442 4 7 20 23 17728 1254 11 		 
201212192101 세종특별자치시 세종특별자치시 28735 20866 69 10977 9751 4 7 24 34 20797 3085 12 		 
201212192103 세종특별자치시 세종특별자치시 29913 21715 76 11475 10089 4 7 26 38 21639 849 13 		 
201212192107 세종특별자치시 세종특별자치시 32331 23470 83 12575 10729 4 7 29 43 23387 1755 14 		 
201212192115 세종특별자치시 세종특별자치시 33735 24502 87 13192 11131 4 8 33 47 24415 1032 15 		 
201212192118 세종특별자치시 세종특별자치시 35968 26054 92 14101 11762 5 8 34 52 25962 1552 16 		 
201212192121 세종특별자치시 세종특별자치시 37755 27335 94 14898 12232 7 9 38 57 27241 1281 17 		 
201212192129 세종특별자치시 세종특별자치시 39580 28725 105 15731 12766 8 12 40 63 28620 1390 18 		 
201212192131 세종특별자치시 세종특별자치시 41934 30263 110 16682 13342 9 13 41 66 30153 1538 19 		 
201212192133 세종특별자치시 세종특별자치시 43543 31401 115 17356 13796 10 13 42 69 31286 1138 20 		 
201212192134 세종특별자치시 세종특별자치시 45253 32669 118 18099 14306 10 13 43 80 32551 1268 21 		 
201212192135 세종특별자치시 세종특별자치시 46086 33305 121 18491 14539 11 13 45 85 33184 636 22 		 
201212192137 세종특별자치시 세종특별자치시 46651 33738 127 18744 14709 12 13 46 87 33611 433 23 		 
201212192151 세종특별자치시 세종특별자치시 52922 38738 134 20289 18147 13 15 51 89 38604 5000 24 		 
201212192154 세종특별자치시 세종특별자치시 55611 40889 135 21106 19473 14 16 56 89 40754 2151 25 		 
201212192157 세종특별자치시 세종특별자치시 57960 42621 149 22250 20042 14 17 56 93 42472 1732 26 		 
201212192159 세종특별자치시 세종특별자치시 58662 43148 152 22517 20295 14 17 56 97 42996 527 27 		 
201212192201 세종특별자치시 세종특별자치시 59655 43721 153 22873 20504 15 17 57 102 43568 573 28 		 
201212192202 세종특별자치시 세종특별자치시 60127 44059 155 23081 20625 16 18 59 105 43904 338 29 		 
201212192205 세종특별자치시 세종특별자치시 60745 44538 156 23360 20815 16 18 60 113 44382 479 30 		 
201212192206 세종특별자치시 세종특별자치시 62810 46047 163 24232 21436 17 18 63 118 45884 1509 31 		 
201212192217 세종특별자치시 세종특별자치시 66169 48505 174 25491 22615 17 19 66 123 48331 2458 32 		 
201212192221 세종특별자치시 세종특별자치시 71236 52229 178 27341 24475 17 20 69 129 52051 3724 33 		 
201212192223 세종특별자치시 세종특별자치시 72857 53373 184 28029 24914 18 22 72 134 53189 1144 34 		 
201212192231 세종특별자치시 세종특별자치시 74249 54422 187 28639 25347 19 23 72 135 54235 1049 35 		 
201212192233 세종특별자치시 세종특별자치시 77456 56683 194 29949 26285 19 24 73 139 56489 2261 36 		 
201212192234 세종특별자치시 세종특별자치시 80943 59264 199 31445 27359 19 26 76 140 59065 2581 37 		 
201212192237 세종특별자치시 세종특별자치시 84829 62378 204 32451 29452 20 28 81 142 62174 3114 38 		 
201212192242 세종특별자치시 세종특별자치시 87707 64990 293 33587 30787 31 38 99 155 64697 2612 39 		 
