Time AreaA AreaB Total TotalA Invalid VoteA VoteB VoteC VoteD VoteE VoteF TotalB Diff Count
201212191930 울산광역시 북구 399 262 2 103 156 0 1 0 0 260 262 1 		 
201212191933 울산광역시 북구 2332 1936 5 859 1062 1 2 6 1 1931 1674 2 		 
201212191944 울산광역시 북구 6203 5187 6 2387 2769 2 3 13 7 5181 3251 3 		 
201212191945 울산광역시 북구 8984 7182 10 3588 3547 2 6 16 13 7172 1995 4 		 
201212191955 울산광역시 북구 12010 9702 15 4984 4657 2 6 20 18 9687 2520 5 		 
201212191959 울산광역시 북구 15520 12749 21 6364 6304 3 8 23 26 12728 3047 6 		 
201212192001 울산광역시 북구 19169 15785 29 7844 7841 4 9 25 33 15756 3036 7 		 
201212192004 울산광역시 북구 23497 19283 41 9716 9442 4 17 27 36 19242 3498 8 		 
201212192005 울산광역시 북구 24607 20104 44 10312 9659 5 17 27 40 20060 821 9 		 
201212192009 울산광역시 북구 28242 22901 57 11559 11174 5 26 34 46 22844 2797 10 		 
201212192010 울산광역시 북구 29966 24174 62 12490 11498 5 28 36 55 24112 1273 11 		 
201212192013 울산광역시 북구 32690 26275 70 13716 12358 5 28 40 58 26205 2101 12 		 
201212192014 울산광역시 북구 33573 26838 72 14145 12487 5 28 41 60 26766 563 13 		 
201212192021 울산광역시 북구 35095 27982 77 14740 13021 5 32 42 65 27905 1144 14 		 
201212192037 울산광역시 북구 36777 29295 78 15470 13595 5 34 44 69 29217 1313 15 		 
201212192038 울산광역시 북구 40857 32616 83 17210 15153 5 40 49 76 32533 3321 16 		 
201212192039 울산광역시 북구 43865 34894 91 18641 15980 7 41 52 82 34803 2278 17 		 
201212192054 울산광역시 북구 46871 37206 93 19872 17049 8 43 57 84 37113 2312 18 		 
201212192103 울산광역시 북구 49886 39691 101 21214 18174 8 46 59 89 39590 2485 19 		 
201212192104 울산광역시 북구 53365 42439 107 22789 19329 9 47 63 95 42332 2748 20 		 
201212192111 울산광역시 북구 57818 45967 115 24599 21027 9 50 67 100 45852 3528 21 		 
201212192112 울산광역시 북구 60305 47895 119 25800 21739 10 51 70 106 47776 1928 22 		 
201212192121 울산광역시 북구 63979 50934 125 27262 23303 10 53 73 108 50809 3039 23 		 
201212192122 울산광역시 북구 64722 51527 128 27740 23409 11 53 74 112 51399 593 24 		 
201212192123 울산광역시 북구 67392 53795 135 28896 24509 12 56 75 112 53660 2268 25 		 
201212192136 울산광역시 북구 70169 56137 139 30110 25625 12 58 77 116 55998 2342 26 		 
201212192137 울산광역시 북구 70747 56597 144 30459 25728 13 58 77 118 56453 460 27 		 
201212192145 울산광역시 북구 73731 58928 148 31619 26886 13 61 82 119 58780 2331 28 		 
201212192150 울산광역시 북구 76574 61047 161 33077 27518 15 64 86 126 60886 2119 29 		 
201212192201 울산광역시 북구 80133 63918 166 34699 28751 15 68 91 128 63752 2871 30 		 
201212192202 울산광역시 북구 83063 66143 172 35890 29765 15 74 95 132 65971 2225 31 		 
201212192204 울산광역시 북구 87242 69416 182 37500 31407 15 78 96 138 69234 3273 32 		 
201212192205 울산광역시 북구 89082 70775 187 38189 32062 15 83 97 142 70588 1359 33 		 
201212192221 울산광역시 북구 93436 74544 200 39954 34030 16 87 104 153 74344 3769 34 		 
201212192239 울산광역시 북구 98548 78264 211 42229 35445 18 95 108 158 78053 3720 35 		 
201212192240 울산광역시 북구 100780 79940 213 43181 36161 18 95 111 161 79727 1676 36 		 
201212192245 울산광역시 북구 106478 84416 229 45882 37901 18 100 115 171 84187 4476 37 		 
201212192247 울산광역시 북구 111148 88275 241 47952 39664 19 101 122 176 88034 3859 38 		 
201212192249 울산광역시 북구 115544 91989 254 49781 41526 20 105 125 178 91735 3714 39 		 
201212192250 울산광역시 북구 119804 95581 259 51542 43343 20 106 125 186 95322 3592 40 		 
201212192256 울산광역시 북구 123581 98657 270 53190 44749 20 110 129 189 98387 3076 41 		 
201212192305 울산광역시 북구 130503 104122 287 56062 47304 23 112 140 194 103835 5465 42 		 
201212192316 울산광역시 북구 134522 107875 350 57809 49202 28 119 148 219 107525 3753 43 		 
