Time AreaA AreaB Total TotalA Invalid VoteA VoteB VoteC VoteD VoteE VoteF TotalB Diff Count
201212191929 울산광역시 중구 703 483 5 194 282 0 0 2 0 478 483 1 		 
201212191948 울산광역시 중구 4081 3281 11 1734 1529 0 1 5 1 3270 2798 2 		 
201212191953 울산광역시 중구 6932 5577 18 3116 2424 0 1 10 8 5559 2296 3 		 
201212191954 울산광역시 중구 10278 8186 25 4693 3434 1 6 13 14 8161 2609 4 		 
201212191959 울산광역시 중구 13133 10369 34 6060 4235 1 7 13 19 10335 2183 5 		 
201212192011 울산광역시 중구 19180 14839 48 9009 5724 3 9 17 29 14791 4470 6 		 
201212192016 울산광역시 중구 22149 17010 57 10491 6392 5 10 19 36 16953 2171 7 		 
201212192017 울산광역시 중구 25049 19318 67 11987 7187 6 10 21 40 19251 2308 8 		 
201212192018 울산광역시 중구 28737 22246 71 13658 8429 6 11 22 49 22175 2928 9 		 
201212192019 울산광역시 중구 31177 24153 74 14961 9023 7 12 22 54 24079 1907 10 		 
201212192030 울산광역시 중구 35808 28144 78 17042 10920 8 14 27 55 28066 3991 11 		 
201212192032 울산광역시 중구 38237 29964 88 18258 11502 10 16 29 61 29876 1820 12 		 
201212192033 울산광역시 중구 42096 33058 93 20241 12597 11 18 29 69 32965 3094 13 		 
201212192034 울산광역시 중구 45999 35941 103 22109 13592 11 20 32 74 35838 2883 14 		 
201212192036 울산광역시 중구 49033 38584 109 23579 14748 12 22 35 79 38475 2643 15 		 
201212192038 울산광역시 중구 57121 44816 128 27658 16860 14 24 44 88 44688 6232 16 		 
201212192039 울산광역시 중구 60802 47467 135 29413 17742 14 26 46 91 47332 2651 17 		 
201212192040 울산광역시 중구 64298 50330 145 30986 19013 15 26 50 95 50185 2863 18 		 
201212192042 울산광역시 중구 67316 52685 150 32554 19787 15 27 53 99 52535 2355 19 		 
201212192044 울산광역시 중구 70539 55097 157 34085 20652 16 27 56 104 54940 2412 20 		 
201212192047 울산광역시 중구 74409 58047 164 36080 21590 16 28 60 109 57883 2950 21 		 
201212192048 울산광역시 중구 77561 60732 167 37648 22700 16 28 60 113 60565 2685 22 		 
201212192052 울산광역시 중구 81274 63770 177 39352 24007 18 29 65 122 63593 3038 23 		 
201212192056 울산광역시 중구 85610 67494 193 41578 25479 19 30 68 127 67301 3724 24 		 
201212192101 울산광역시 중구 88404 69639 196 43007 26184 19 30 68 135 69443 2145 25 		 
201212192106 울산광역시 중구 92619 73032 202 45148 27422 20 30 72 138 72830 3393 26 		 
201212192107 울산광역시 중구 95433 75038 205 46551 28016 20 31 72 143 74833 2006 27 		 
201212192109 울산광역시 중구 97565 76601 210 47520 28599 20 32 72 148 76391 1563 28 		 
201212192112 울산광역시 중구 101047 79380 220 49270 29611 20 32 76 151 79160 2779 29 		 
201212192115 울산광역시 중구 104074 81938 223 50679 30750 20 34 78 154 81715 2558 30 		 
201212192120 울산광역시 중구 107574 84936 228 52320 32093 20 37 81 157 84708 2998 31 		 
201212192126 울산광역시 중구 111580 87986 238 54280 33161 21 39 83 164 87748 3050 32 		 
201212192133 울산광역시 중구 113724 89574 244 55303 33711 22 40 85 169 89330 1588 33 		 
201212192134 울산광역시 중구 116433 91575 253 56717 34282 22 42 87 172 91322 2001 34 		 
201212192136 울산광역시 중구 119481 93677 264 58226 34859 22 42 88 176 93413 2102 35 		 
201212192139 울산광역시 중구 122696 96087 269 59947 35536 24 42 89 180 95818 2410 36 		 
201212192143 울산광역시 중구 125970 98557 275 61542 36398 24 43 90 185 98282 2470 37 		 
201212192202 울산광역시 중구 128246 100209 279 62731 36850 26 43 92 188 99930 1652 38 		 
201212192204 울산광역시 중구 132433 103754 290 64870 38234 26 44 96 194 103464 3545 39 		 
201212192207 울산광역시 중구 137081 107278 298 67139 39474 30 45 96 196 106980 3524 40 		 
201212192212 울산광역시 중구 140496 110062 309 68695 40679 30 47 100 202 109753 2784 41 		 
201212192213 울산광역시 중구 144250 112680 317 70630 41352 30 47 101 203 112363 2618 42 		 
201212192216 울산광역시 중구 148019 115685 328 72373 42581 31 49 111 212 115357 3005 43 		 
201212192218 울산광역시 중구 151631 118571 332 73986 43840 31 51 117 214 118239 2886 44 		 
201212192225 울산광역시 중구 154507 120787 335 75368 44668 31 52 118 215 120452 2216 45 		 
201212192227 울산광역시 중구 156613 122363 341 76468 45129 31 53 119 222 122022 1576 46 		 
201212192228 울산광역시 중구 159097 124103 348 77681 45645 31 55 120 223 123755 1740 47 		 
201212192229 울산광역시 중구 161478 125969 353 78958 46222 31 56 121 228 125616 1866 48 		 
201212192232 울산광역시 중구 166370 129702 368 81495 47388 32 58 124 237 129334 3733 49 		 
201212192234 울산광역시 중구 170531 132753 377 83564 48350 33 61 125 243 132376 3051 50 		 
201212192237 울산광역시 중구 173445 134797 384 84910 49030 34 64 129 246 134413 2044 51 		 
201212192240 울산광역시 중구 176858 137469 392 86460 50140 35 65 130 247 137077 2672 52 		 
201212192245 울산광역시 중구 179416 139317 395 87716 50723 35 65 131 252 138922 1848 53 		 
201212192248 울산광역시 중구 185086 144600 510 90238 53304 41 74 148 285 144090 5283 54 		 
201212192352 울산광역시 중구 185086 144599 509 90238 53304 41 74 148 285 144090 -1 55 		 
