Time AreaA AreaB Total TotalA Invalid VoteA VoteB VoteC VoteD VoteE VoteF TotalB Diff Count
201212191948 울산광역시 울주군 2099 1562 4 1054 495 1 2 1 5 1558 1562 1 		 
201212191958 울산광역시 울주군 3055 2303 10 1558 720 1 3 1 10 2293 741 2 		 
201212192005 울산광역시 울주군 5174 4030 17 2552 1439 1 4 3 14 4013 1727 3 		 
201212192007 울산광역시 울주군 7733 6168 19 3731 2389 1 7 5 16 6149 2138 4 		 
201212192009 울산광역시 울주군 10610 8428 23 5100 3260 1 9 9 26 8405 2260 5 		 
201212192011 울산광역시 울주군 13333 10416 29 6572 3757 1 11 13 33 10387 1988 6 		 
201212192012 울산광역시 울주군 16423 12959 34 8103 4749 1 12 22 38 12925 2543 7 		 
201212192015 울산광역시 울주군 20482 16088 47 10039 5917 1 14 27 43 16041 3129 8 		 
201212192016 울산광역시 울주군 22050 17272 55 10948 6173 1 15 29 51 17217 1184 9 		 
201212192017 울산광역시 울주군 22783 17846 59 11347 6335 1 18 30 56 17787 574 10 		 
201212192018 울산광역시 울주군 26727 21183 65 13252 7752 3 20 33 58 21118 3337 11 		 
201212192020 울산광역시 울주군 30375 24160 75 14945 9016 3 22 37 62 24085 2977 12 		 
201212192021 울산광역시 울주군 33558 26555 85 16608 9733 4 22 39 64 26470 2395 13 		 
201212192022 울산광역시 울주군 36397 28754 91 18000 10520 4 26 40 73 28663 2199 14 		 
201212192024 울산광역시 울주군 40282 31930 97 19699 11979 4 26 46 79 31833 3176 15 		 
201212192025 울산광역시 울주군 43230 34108 106 21184 12654 5 26 49 84 34002 2178 16 		 
201212192026 울산광역시 울주군 44759 35222 126 21990 12936 5 26 50 89 35096 1114 17 		 
201212192027 울산광역시 울주군 45477 35784 131 22435 13040 5 26 52 95 35653 562 18 		 
201212192028 울산광역시 울주군 50012 39528 139 24417 14780 7 28 55 102 39389 3744 19 		 
201212192029 울산광역시 울주군 52147 41186 162 25613 15207 7 29 56 112 41024 1658 20 		 
201212192031 울산광역시 울주군 57002 44829 171 27986 16455 7 31 62 117 44658 3643 21 		 
201212192033 울산광역시 울주군 60545 47518 177 29478 17640 7 32 64 120 47341 2689 22 		 
201212192035 울산광역시 울주군 64301 50598 180 31173 19011 7 32 69 126 50418 3080 23 		 
201212192039 울산광역시 울주군 68225 53803 187 32940 20434 7 33 71 131 53616 3205 24 		 
201212192041 울산광역시 울주군 71123 56101 203 34479 21162 7 34 73 143 55898 2298 25 		 
201212192054 울산광역시 울주군 75575 59896 211 36329 23093 7 34 75 147 59685 3795 26 		 
201212192055 울산광역시 울주군 79047 62532 222 38232 23796 9 36 81 156 62310 2636 27 		 
201212192057 울산광역시 울주군 83668 65915 244 40650 24725 11 37 84 164 65671 3383 28 		 
201212192058 울산광역시 울주군 84778 66812 248 41306 24961 11 38 84 164 66564 897 29 		 
201212192104 울산광역시 울주군 87468 68946 254 42503 25886 11 38 87 167 68692 2134 30 		 
201212192106 울산광역시 울주군 89743 70588 287 43660 26312 11 40 92 186 70301 1642 31 		 
201212192113 울산광역시 울주군 93478 73768 292 45158 27982 11 41 96 188 73476 3180 32 		 
201212192116 울산광역시 울주군 96639 75738 297 46570 28529 11 41 98 192 75441 1970 33 		 
201212192119 울산광역시 울주군 100451 78840 305 48314 29863 12 45 105 196 78535 3102 34 		 
201212192120 울산광역시 울주군 101907 79892 308 49078 30144 12 45 105 200 79584 1052 35 		 
201212192121 울산광역시 울주군 103624 81278 315 50091 30501 12 46 107 206 80963 1386 36 		 
201212192122 울산광역시 울주군 105377 82483 316 50970 30821 13 47 107 209 82167 1205 37 		 
201212192131 울산광역시 울주군 108984 85012 330 52555 31746 14 47 108 212 84682 2529 38 		 
201212192133 울산광역시 울주군 111548 86817 339 53664 32428 15 47 109 215 86478 1805 39 		 
201212192134 울산광역시 울주군 113295 88148 352 54583 32820 16 48 111 218 87796 1331 40 		 
201212192135 울산광역시 울주군 115221 89531 355 55494 33282 17 49 113 221 89176 1383 41 		 
201212192205 울산광역시 울주군 117626 91280 361 56680 33833 17 50 116 223 90919 1749 42 		 
201212192207 울산광역시 울주군 118599 92002 365 57209 34018 17 50 118 225 91637 722 43 		 
201212192209 울산광역시 울주군 121197 93891 371 58695 34400 19 52 125 229 93520 1889 44 		 
201212192214 울산광역시 울주군 124008 95920 377 60065 35043 20 54 126 235 95543 2029 45 		 
201212192216 울산광역시 울주군 126191 97685 382 61123 35739 21 55 128 237 97303 1765 46 		 
201212192217 울산광역시 울주군 128907 99532 390 62336 36358 21 56 130 241 99142 1847 47 		 
201212192219 울산광역시 울주군 134412 103844 409 64940 38035 25 57 131 247 103435 4312 48 		 
201212192221 울산광역시 울주군 137060 105781 427 66349 38537 26 57 131 254 105354 1937 49 		 
201212192222 울산광역시 울주군 138561 106903 433 67171 38824 28 57 133 257 106470 1122 50 		 
201212192223 울산광역시 울주군 141023 108732 449 68533 39259 30 59 136 266 108283 1829 51 		 
201212192224 울산광역시 울주군 146038 112639 459 70847 40826 30 61 141 275 112180 3907 52 		 
201212192225 울산광역시 울주군 150476 116090 473 72963 42125 31 63 149 286 115617 3451 53 		 
201212192227 울산광역시 울주군 151590 116909 485 73605 42277 34 63 149 296 116424 819 54 		 
201212192228 울산광역시 울주군 154382 118959 496 75077 42839 34 64 150 299 118463 2050 55 		 
201212192236 울산광역시 울주군 155123 119454 497 75349 43056 36 64 151 301 118957 495 56 		 
201212192249 울산광역시 울주군 159736 123701 633 77446 45008 49 72 161 332 123068 4247 57 		 
