Time AreaA AreaB Total TotalA Invalid VoteA VoteB VoteC VoteD VoteE VoteF TotalB Diff Count
201212191939 울산광역시 남구 3049 2561 9 1492 1048 1 2 7 2 2552 2561 1 		 
201212191944 울산광역시 남구 6469 5023 22 3147 1829 2 5 9 9 5001 2462 2 		 
201212191948 울산광역시 남구 12180 9449 39 5997 3363 3 11 19 17 9410 4426 3 		 
201212191951 울산광역시 남구 15332 11968 41 7461 4405 4 13 22 22 11927 2519 4 		 
201212191953 울산광역시 남구 22665 17406 51 11120 6154 4 14 31 32 17355 5438 5 		 
201212191959 울산광역시 남구 26735 20902 56 13167 7582 4 16 39 38 20846 3496 6 		 
201212192000 울산광역시 남구 29836 23545 67 14747 8628 5 17 43 38 23478 2643 7 		 
201212192001 울산광역시 남구 34175 26484 81 16841 9453 5 19 44 41 26403 2939 8 		 
201212192004 울산광역시 남구 38057 29773 88 18824 10747 6 19 44 45 29685 3289 9 		 
201212192005 울산광역시 남구 44947 35196 104 22228 12731 7 22 54 50 35092 5423 10 		 
201212192008 울산광역시 남구 48701 37946 115 24044 13641 7 24 59 56 37831 2750 11 		 
201212192010 울산광역시 남구 52120 40640 123 25815 14547 8 26 60 61 40517 2694 12 		 
201212192011 울산광역시 남구 56230 43953 130 27986 15668 9 27 68 65 43823 3313 13 		 
201212192012 울산광역시 남구 60496 47403 135 29979 17104 10 32 71 72 47268 3450 14 		 
201212192013 울산광역시 남구 63979 50024 147 31617 18067 10 32 75 76 49877 2621 15 		 
201212192016 울산광역시 남구 67809 53076 155 33423 19296 10 32 78 82 52921 3052 16 		 
201212192018 울산광역시 남구 71759 56194 160 35177 20637 11 32 85 92 56034 3118 17 		 
201212192019 울산광역시 남구 74469 58172 166 36498 21285 11 32 87 93 58006 1978 18 		 
201212192020 울산광역시 남구 78850 61776 175 38559 22811 11 32 92 96 61601 3604 19 		 
201212192021 울산광역시 남구 82166 64578 181 40059 24096 11 32 96 103 64397 2802 20 		 
201212192022 울산광역시 남구 85593 67031 184 41794 24795 12 36 101 109 66847 2453 21 		 
201212192023 울산광역시 남구 88714 69552 189 43409 25689 14 38 101 112 69363 2521 22 		 
201212192032 울산광역시 남구 96381 75520 199 47396 27642 17 38 109 119 75321 5968 23 		 
201212192034 울산광역시 남구 103455 81391 214 51135 29740 17 38 118 129 81177 5871 24 		 
201212192035 울산광역시 남구 107420 84719 221 53070 31121 17 38 120 132 84498 3328 25 		 
201212192037 울산광역시 남구 111779 88081 226 55194 32342 17 38 129 135 87855 3362 26 		 
201212192038 울산광역시 남구 115091 90447 231 56798 33089 18 38 132 141 90216 2366 27 		 
201212192042 울산광역시 남구 123584 96761 252 60959 35194 20 43 145 148 96509 6314 28 		 
201212192046 울산광역시 남구 127409 100019 258 62938 36459 20 44 149 151 99761 3258 29 		 
201212192048 울산광역시 남구 135265 105697 275 66996 38044 21 44 156 161 105422 5678 30 		 
201212192049 울산광역시 남구 138334 108331 278 68522 39143 22 44 159 163 108053 2634 31 		 
201212192057 울산광역시 남구 140985 110637 282 70025 39932 23 44 164 167 110355 2306 32 		 
201212192058 울산광역시 남구 145394 114237 286 72158 41379 23 45 168 178 113951 3600 33 		 
201212192100 울산광역시 남구 150103 118164 297 74272 43167 24 46 176 182 117867 3927 34 		 
201212192101 울산광역시 남구 153728 121159 302 75821 44594 25 46 183 188 120857 2995 35 		 
201212192103 울산광역시 남구 154770 121869 307 76135 44979 27 48 185 188 121562 710 36 		 
201212192104 울산광역시 남구 157694 124251 309 77557 45928 28 48 187 194 123942 2382 37 		 
201212192106 울산광역시 남구 161565 127167 316 79472 46910 28 50 191 200 126851 2916 38 		 
201212192107 울산광역시 남구 165621 130506 324 81400 48306 28 51 195 202 130182 3339 39 		 
201212192111 울산광역시 남구 166875 131458 329 82130 48515 28 51 197 208 131129 952 40 		 
201212192113 울산광역시 남구 171158 134815 334 84187 49794 29 54 200 217 134481 3357 41 		 
201212192114 울산광역시 남구 174264 137321 337 85670 50811 29 55 201 218 136984 2506 42 		 
201212192116 울산광역시 남구 177741 140247 344 87100 52289 29 58 204 223 139903 2926 43 		 
201212192120 울산광역시 남구 180666 142621 350 88495 53255 31 58 206 226 142271 2374 44 		 
201212192137 울산광역시 남구 182958 144386 356 89665 53840 31 58 206 230 144030 1765 45 		 
201212192138 울산광역시 남구 187741 148017 363 91751 55368 31 61 210 233 147654 3631 46 		 
201212192140 울산광역시 남구 196427 154640 375 95914 57795 32 62 221 241 154265 6623 47 		 
201212192142 울산광역시 남구 205415 161742 395 100031 60742 34 63 228 249 161347 7102 48 		 
201212192143 울산광역시 남구 208763 164515 406 101662 61865 34 64 232 252 164109 2773 49 		 
201212192146 울산광역시 남구 211767 166614 417 103135 62474 34 65 232 257 166197 2099 50 		 
201212192148 울산광역시 남구 224472 178039 536 108913 67905 45 77 251 312 177503 11425 51 		 
201212192150 울산광역시 남구 227386 180324 542 110335 68749 45 77 258 318 179782 2285 52 		 
201212192153 울산광역시 남구 231471 183725 548 112239 70230 45 78 261 324 183177 3401 53 		 
201212192157 울산광역시 남구 234651 186204 554 113949 70985 45 78 264 329 185650 2479 54 		 
201212192158 울산광역시 남구 242671 191406 571 116931 73183 45 78 267 331 190835 5202 55 		 
201212192216 울산광역시 남구 246280 194100 581 118807 73981 46 78 270 337 193519 2694 56 		 
201212192217 울산광역시 남구 250160 196995 589 120612 75054 48 81 273 338 196406 2895 57 		 
201212192218 울산광역시 남구 257427 202412 598 123879 77178 50 83 277 347 201814 5417 58 		 
201212192221 울산광역시 남구 260996 205149 604 125608 78167 51 86 283 350 204545 2737 59 		 
201212192222 울산광역시 남구 266024 208831 610 127777 79663 51 87 287 356 208221 3682 60 		 
201212192258 울산광역시 남구 269354 211458 615 129515 80536 52 88 291 361 210843 2627 61 		 
