Time AreaA AreaB Total TotalA Invalid VoteA VoteB VoteC VoteD VoteE VoteF TotalB Diff Count
201212191908 울산광역시 동구 450 305 2 123 179 0 0 0 1 303 305 1 		 
201212191912 울산광역시 동구 2950 2093 3 1147 933 0 3 3 4 2090 1788 2 		 
201212191915 울산광역시 동구 4921 3692 7 1989 1674 1 4 6 11 3685 1599 3 		 
201212191919 울산광역시 동구 7453 5586 18 3144 2387 3 7 9 18 5568 1894 4 		 
201212191922 울산광역시 동구 10943 8298 24 4604 3618 3 8 14 27 8274 2712 5 		 
201212191933 울산광역시 동구 13619 10390 29 5839 4462 3 10 15 32 10361 2092 6 		 
201212191935 울산광역시 동구 16629 12921 35 7050 5764 3 12 20 37 12886 2531 7 		 
201212191940 울산광역시 동구 20823 16572 49 8880 7552 3 14 28 46 16523 3651 8 		 
201212191943 울산광역시 동구 23818 19013 60 10214 8638 3 15 33 50 18953 2441 9 		 
201212192001 울산광역시 동구 27631 22070 73 11688 10189 5 18 35 62 21997 3057 10 		 
201212192002 울산광역시 동구 31087 25053 80 13231 11610 5 19 40 68 24973 2983 11 		 
201212192009 울산광역시 동구 33909 27142 83 14344 12569 6 21 45 74 27059 2089 12 		 
201212192010 울산광역시 동구 36520 29120 89 15538 13341 8 23 46 75 29031 1978 13 		 
201212192011 울산광역시 동구 40103 32082 100 16961 14852 9 24 52 84 31982 2962 14 		 
201212192022 울산광역시 동구 44023 35362 112 18631 16429 9 29 59 93 35250 3280 15 		 
201212192023 울산광역시 동구 47285 37734 116 20097 17322 10 29 63 97 37618 2372 16 		 
201212192024 울산광역시 동구 49975 39747 121 21272 18149 10 30 66 99 39626 2013 17 		 
201212192027 울산광역시 동구 51787 41024 122 22100 18592 10 30 66 104 40902 1277 18 		 
201212192030 울산광역시 동구 55240 43822 135 23582 19875 11 34 73 112 43687 2798 19 		 
201212192031 울산광역시 동구 57377 45659 137 24441 20839 11 39 77 115 45522 1837 20 		 
201212192042 울산광역시 동구 62300 49216 151 26640 22163 13 45 80 124 49065 3557 21 		 
201212192043 울산광역시 동구 65972 51804 153 28090 23291 13 45 84 128 51651 2588 22 		 
201212192048 울산광역시 동구 69480 54351 161 29562 24348 17 45 86 132 54190 2547 23 		 
201212192051 울산광역시 동구 73179 57155 170 31032 25656 17 45 94 141 56985 2804 24 		 
201212192054 울산광역시 동구 76443 59691 181 32525 26681 18 46 96 144 59510 2536 25 		 
201212192106 울산광역시 동구 79951 62347 198 33991 27846 21 46 98 147 62149 2656 26 		 
201212192111 울산광역시 동구 84178 65687 206 35839 29314 23 49 100 156 65481 3340 27 		 
201212192112 울산광역시 동구 87942 69176 267 37414 31125 31 54 108 177 68909 3489 28 		 
201212192114 울산광역시 동구 91902 72254 276 39006 32587 31 55 112 187 71978 3078 29 		 
201212192120 울산광역시 동구 95051 74480 284 40453 33346 33 55 114 195 74196 2226 30 		 
201212192123 울산광역시 동구 97944 76783 296 41677 34403 34 58 116 199 76487 2303 31 		 
201212192126 울산광역시 동구 101087 79138 305 43019 35397 34 58 120 205 78833 2355 32 		 
201212192131 울산광역시 동구 104424 81636 310 44454 36441 34 61 125 211 81326 2498 33 		 
201212192133 울산광역시 동구 107011 83731 315 45474 37503 34 66 126 213 83416 2095 34 		 
201212192140 울산광역시 동구 111216 86700 323 47378 38550 36 67 129 217 86377 2969 35 		 
201212192150 울산광역시 동구 114928 89614 331 49081 39739 37 68 129 229 89283 2914 36 		 
201212192151 울산광역시 동구 118835 92640 343 50696 41126 37 70 133 235 92297 3026 37 		 
201212192153 울산광역시 동구 122043 94898 355 52156 41901 38 72 137 239 94543 2258 38 		 
201212192202 울산광역시 동구 122728 95455 355 52601 42011 38 72 137 241 95100 557 39 		 
201212192206 울산광역시 동구 126263 98450 362 54180 43413 38 75 137 245 98088 2995 40 		 
201212192208 울산광역시 동구 130262 101541 377 55904 44752 38 76 141 253 101164 3091 41 		 
201212192211 울산광역시 동구 133686 104295 388 57426 45961 39 79 144 258 103907 2754 42 		 
201212192227 울산광역시 동구 137363 107305 398 58969 47401 40 81 150 266 106907 3010 43 		 
