Time AreaA AreaB Total TotalA Invalid VoteA VoteB VoteC VoteD VoteE VoteF TotalB Diff Count
201212191954 인천광역시 부평구 2207 1480 6 722 746 0 0 4 2 1474 1480 1 		 
201212191959 인천광역시 부평구 6001 4300 11 1953 2315 3 4 6 8 4289 2820 2 		 
201212192001 인천광역시 부평구 8998 6257 14 2911 3303 3 6 9 11 6243 1957 3 		 
201212192008 인천광역시 부평구 12499 9104 15 4139 4913 5 6 14 12 9089 2847 4 		 
201212192014 인천광역시 부평구 15895 11911 20 5530 6304 7 15 18 17 11891 2807 5 		 
201212192017 인천광역시 부평구 20207 15280 23 6812 8376 8 16 24 21 15257 3369 6 		 
201212192025 인천광역시 부평구 23884 17811 25 7918 9788 11 20 26 23 17786 2531 7 		 
201212192028 인천광역시 부평구 27672 20796 28 9107 11568 12 24 33 24 20768 2985 8 		 
201212192109 인천광역시 부평구 30337 22650 44 10221 12277 13 24 38 33 22606 1854 9 		 
201212192110 인천광역시 부평구 33575 25195 52 11438 13589 13 25 41 37 25143 2545 10 		 
201212192113 인천광역시 부평구 37440 28018 58 12680 15148 13 27 47 45 27960 2823 11 		 
201212192116 인천광역시 부평구 40379 30427 60 13819 16410 13 28 52 45 30367 2409 12 		 
201212192121 인천광역시 부평구 44484 33858 65 15256 18384 15 29 60 49 33793 3431 13 		 
201212192129 인천광역시 부평구 48020 36498 71 16462 19805 15 31 63 51 36427 2640 14 		 
201212192131 인천광역시 부평구 52172 39838 73 18126 21467 16 32 68 56 39765 3340 15 		 
201212192136 인천광역시 부평구 56179 43260 82 19765 23230 17 33 76 57 43178 3422 16 		 
201212192156 인천광역시 부평구 59773 45956 88 21096 24572 18 33 83 66 45868 2696 17 		 
201212192202 인천광역시 부평구 63003 48510 96 22392 25820 18 33 85 66 48414 2554 18 		 
201212192209 인천광역시 부평구 67321 51789 101 24006 27465 18 35 94 70 51688 3279 19 		 
201212192217 인천광역시 부평구 77207 61086 257 28389 32098 34 62 132 114 60829 9297 20 		 
201212192226 인천광역시 부평구 80532 63582 270 29708 33251 34 65 136 118 63312 2496 21 		 
201212192227 인천광역시 부평구 84742 66513 283 31045 34826 34 68 139 118 66230 2931 22 		 
201212192232 인천광역시 부평구 88912 69942 291 32626 36646 37 70 151 121 69651 3429 23 		 
201212192242 인천광역시 부평구 95975 75121 300 35260 39169 39 72 156 125 74821 5179 24 		 
201212192243 인천광역시 부평구 104029 81334 309 37967 42643 42 75 166 132 81025 6213 25 		 
201212192248 인천광역시 부평구 105992 82721 316 38704 43284 42 75 166 134 82405 1387 26 		 
201212192251 인천광역시 부평구 109909 85446 324 40031 44662 45 75 171 138 85122 2725 27 		 
201212192252 인천광역시 부평구 114253 88246 331 41475 45997 46 77 177 143 87915 2800 28 		 
201212192254 인천광역시 부평구 118114 91219 343 42980 47439 48 78 183 148 90876 2973 29 		 
201212192257 인천광역시 부평구 122222 94433 348 44401 49223 48 79 185 149 94085 3214 30 		 
201212192259 인천광역시 부평구 126173 97091 355 45762 50507 49 80 186 152 96736 2658 31 		 
201212192303 인천광역시 부평구 129415 99405 367 46889 51675 49 81 190 154 99038 2314 32 		 
201212192305 인천광역시 부평구 133766 102478 371 48456 53171 49 83 192 156 102107 3073 33 		 
201212192329 인천광역시 부평구 137182 104984 376 49836 54287 50 84 194 157 104608 2506 34 		 
201212192330 인천광역시 부평구 139934 106789 379 50696 55221 50 85 199 159 106410 1805 35 		 
201212192332 인천광역시 부평구 143703 109496 390 52105 56502 50 86 203 160 109106 2707 36 		 
201212192339 인천광역시 부평구 146663 111598 409 53126 57558 51 86 205 163 111189 2102 37 		 
201212192341 인천광역시 부평구 151191 115245 417 55013 59299 51 88 212 165 114828 3647 38 		 
201212192344 인천광역시 부평구 156746 118718 424 56765 60994 51 94 221 169 118294 3473 39 		 
201212192347 인천광역시 부평구 159858 120973 431 57966 62030 51 94 227 174 120542 2255 40 		 
201212192348 인천광역시 부평구 164541 124001 439 59369 63641 51 94 230 177 123562 3028 41 		 
201212192349 인천광역시 부평구 168437 126520 444 60588 64926 52 96 235 179 126076 2519 42 		 
201212192350 인천광역시 부평구 171223 128329 449 61501 65811 52 96 238 182 127880 1809 43 		 
201212192354 인천광역시 부평구 176606 132147 461 63368 67728 53 104 245 188 131686 3818 44 		 
201212192355 인천광역시 부평구 180611 135138 472 64796 69268 55 106 249 192 134666 2991 45 		 
201212192359 인천광역시 부평구 182614 136527 479 65348 70092 55 106 253 194 136048 1389 46 		 
201212200002 인천광역시 부평구 185896 138550 487 66468 70982 56 107 255 195 138063 2023 47 		 
201212200003 인천광역시 부평구 188396 140216 494 67326 71776 57 107 261 195 139722 1666 48 		 
201212200005 인천광역시 부평구 192444 142990 505 68804 73051 57 114 262 197 142485 2774 49 		 
201212200006 인천광역시 부평구 196444 146164 516 70351 74656 58 118 267 198 145648 3174 50 		 
201212200007 인천광역시 부평구 202202 150587 525 72353 77053 58 119 278 201 150062 4423 51 		 
201212200008 인천광역시 부평구 205651 152936 531 73388 78351 60 121 282 203 152405 2349 52 		 
201212200009 인천광역시 부평구 210066 156522 541 75309 79991 60 125 290 206 155981 3586 53 		 
201212200010 인천광역시 부평구 213345 159058 555 76445 81365 61 127 296 209 158503 2536 54 		 
201212200011 인천광역시 부평구 220638 164533 564 79058 84203 64 128 301 215 163969 5475 55 		 
201212200012 인천광역시 부평구 223804 166804 570 80244 85269 65 130 307 219 166234 2271 56 		 
201212200013 인천광역시 부평구 226519 168918 572 81327 86289 67 132 309 222 168346 2114 57 		 
201212200014 인천광역시 부평구 230159 171969 581 82955 87697 68 133 310 225 171388 3051 58 		 
201212200015 인천광역시 부평구 237073 177332 586 85379 90617 71 137 316 226 176746 5363 59 		 
201212200016 인천광역시 부평구 240966 180236 590 86769 92118 71 137 322 229 179646 2904 60 		 
201212200017 인천광역시 부평구 244302 182910 590 87924 93624 71 139 330 232 182320 2674 61 		 
201212200018 인천광역시 부평구 247641 185684 601 89149 95154 71 143 332 234 185083 2774 62 		 
201212200019 인천광역시 부평구 251396 188582 608 90407 96776 71 145 339 236 187974 2898 63 		 
201212200020 인천광역시 부평구 260342 195687 631 93926 100326 71 146 346 241 195056 7105 64 		 
201212200021 인천광역시 부평구 263269 197700 646 94993 101248 72 147 351 243 197054 2013 65 		 
201212200022 인천광역시 부평구 271055 203272 658 97545 104239 72 152 356 250 202614 5572 66 		 
201212200023 인천광역시 부평구 274926 206221 667 99130 105581 72 152 364 255 205554 2949 67 		 
201212200024 인천광역시 부평구 278078 208461 677 100309 106622 72 155 368 258 207784 2240 68 		 
201212200025 인천광역시 부평구 289283 216737 693 103986 111172 74 164 383 265 216044 8276 69 		 
201212200026 인천광역시 부평구 293661 220326 699 105854 112876 79 165 387 266 219627 3589 70 		 
201212200027 인천광역시 부평구 298461 224058 709 107469 114975 79 167 391 268 223349 3732 71 		 
201212200028 인천광역시 부평구 302355 226627 715 108712 116288 80 168 395 269 225912 2569 72 		 
201212200029 인천광역시 부평구 304781 228332 718 109572 117127 80 169 397 269 227614 1705 73 		 
201212200030 인천광역시 부평구 310203 231611 727 111159 118796 80 173 402 274 230884 3279 74 		 
201212200031 인천광역시 부평구 314046 234279 736 112566 120039 82 176 406 274 233543 2668 75 		 
201212200032 인천광역시 부평구 321779 240169 753 115509 122954 83 180 413 277 239416 5890 76 		 
201212200033 인천광역시 부평구 325258 242339 761 116643 123973 84 181 418 279 241578 2170 77 		 
201212200034 인천광역시 부평구 337981 251393 777 120945 128682 85 192 428 284 250616 9054 78 		 
201212200035 인천광역시 부평구 341946 254434 786 122449 130198 85 196 431 289 253648 3041 79 		 
201212200036 인천광역시 부평구 353624 262758 801 126555 134378 85 199 446 294 261957 8324 80 		 
201212200038 인천광역시 부평구 362566 269398 819 129857 137672 87 201 459 303 268579 6640 81 		 
201212200039 인천광역시 부평구 366189 271876 820 131109 138882 89 202 466 308 271056 2478 82 		 
201212200040 인천광역시 부평구 368892 273738 825 132004 139833 90 203 470 313 272913 1862 83 		 
201212200042 인천광역시 부평구 377260 279681 837 134891 142851 91 212 482 317 278844 5943 84 		 
201212200043 인천광역시 부평구 380970 282098 845 136215 143922 91 214 489 322 281253 2417 85 		 
201212200044 인천광역시 부평구 388161 287559 854 138849 146727 92 218 494 325 286705 5461 86 		 
201212200047 인천광역시 부평구 396078 293818 866 141944 149861 93 221 503 330 292952 6259 87 		 
201212200048 인천광역시 부평구 400482 297283 874 143684 151570 93 222 507 333 296409 3465 88 		 
201212200049 인천광역시 부평구 404250 300076 881 144984 153045 95 223 513 335 299195 2793 89 		 
201212200050 인천광역시 부평구 407371 302660 889 146429 154169 95 223 518 337 301771 2584 90 		 
201212200051 인천광역시 부평구 411586 306085 895 147675 156329 95 227 526 338 305190 3425 91 		 
201212200052 인천광역시 부평구 418669 311008 901 149947 158965 96 228 528 343 310107 4923 92 		 
201212200054 인천광역시 부평구 422583 313807 915 151295 160395 97 230 530 345 312892 2799 93 		 
201212200055 인천광역시 부평구 429813 319183 922 153808 163236 97 234 537 349 318261 5376 94 		 
201212200056 인천광역시 부평구 437869 325296 938 156780 166340 101 236 549 352 324358 6113 95 		 
201212200057 인천광역시 부평구 445709 330418 956 159386 168820 104 242 553 357 329462 5122 96 		 
