Time AreaA AreaB Total TotalA Invalid VoteA VoteB VoteC VoteD VoteE VoteF TotalB Diff Count
201212192011 인천광역시 남동구 2590 1877 6 929 937 0 1 3 1 1871 1877 1 		 
201212192015 인천광역시 남동구 5764 4116 9 2021 2076 0 1 5 4 4107 2239 2 		 
201212192019 인천광역시 남동구 9924 7115 15 3373 3708 0 2 8 9 7100 2999 3 		 
201212192021 인천광역시 남동구 13627 9985 20 4794 5144 0 2 9 16 9965 2870 4 		 
201212192028 인천광역시 남동구 16938 12362 25 5971 6331 1 3 10 21 12337 2377 5 		 
201212192031 인천광역시 남동구 19764 14594 26 7217 7310 1 4 13 23 14568 2232 6 		 
201212192034 인천광역시 남동구 22960 16684 31 8386 8217 3 5 15 27 16653 2090 7 		 
201212192043 인천광역시 남동구 27749 19730 35 10021 9610 6 9 17 32 19695 3046 8 		 
201212192045 인천광역시 남동구 31110 22196 41 11269 10815 8 9 20 34 22155 2466 9 		 
201212192046 인천광역시 남동구 34644 24649 49 12527 11993 8 10 23 39 24600 2453 10 		 
201212192047 인천광역시 남동구 38730 27734 54 14061 13533 9 12 25 40 27680 3085 11 		 
201212192052 인천광역시 남동구 43308 30939 63 15590 15193 9 14 30 40 30876 3205 12 		 
201212192100 인천광역시 남동구 47727 34266 74 17367 16716 12 17 37 43 34192 3327 13 		 
201212192103 인천광역시 남동구 52154 37677 81 19230 18252 12 21 37 44 37596 3411 14 		 
201212192104 인천광역시 남동구 61021 43831 96 21917 21690 14 23 45 46 43735 6154 15 		 
201212192106 인천광역시 남동구 64778 46768 105 23388 23138 15 27 47 48 46663 2937 16 		 
201212192108 인천광역시 남동구 69762 50325 112 25238 24832 15 27 48 53 50213 3557 17 		 
201212192113 인천광역시 남동구 72089 52253 114 26090 25903 15 27 50 54 52139 1928 18 		 
201212192115 인천광역시 남동구 77496 56022 120 27871 27872 15 28 59 57 55902 3769 19 		 
201212192116 인천광역시 남동구 80637 58086 125 28921 28869 17 31 63 60 57961 2064 20 		 
201212192119 인천광역시 남동구 85023 61256 134 30581 30363 19 31 67 61 61122 3170 21 		 
201212192120 인천광역시 남동구 89942 64508 143 32323 31855 20 32 73 62 64365 3252 22 		 
201212192122 인천광역시 남동구 97153 70176 154 34936 34877 23 35 84 67 70022 5668 23 		 
201212192123 인천광역시 남동구 100420 72556 163 36069 36107 23 37 88 69 72393 2380 24 		 
201212192124 인천광역시 남동구 105080 76063 169 37702 37970 23 38 92 69 75894 3507 25 		 
201212192126 인천광역시 남동구 112257 81509 177 40552 40543 24 41 100 72 81332 5446 26 		 
201212192127 인천광역시 남동구 116862 84961 183 42333 42197 25 41 104 78 84778 3452 27 		 
201212192128 인천광역시 남동구 120052 87200 186 43558 43204 25 43 106 78 87014 2239 28 		 
201212192134 인천광역시 남동구 123206 89507 193 44495 44560 26 45 109 79 89314 2307 29 		 
201212192136 인천광역시 남동구 124144 90082 195 44840 44787 26 45 109 80 89887 575 30 		 
201212192137 인천광역시 남동구 127916 92615 199 46210 45940 26 49 110 81 92416 2533 31 		 
201212192138 인천광역시 남동구 132393 95889 203 47994 47414 27 50 114 87 95686 3274 32 		 
201212192140 인천광역시 남동구 139130 101385 210 50498 50383 31 51 124 88 101175 5496 33 		 
201212192141 인천광역시 남동구 143855 104505 217 52046 51938 31 54 129 90 104288 3120 34 		 
201212192143 인천광역시 남동구 147367 107223 225 53530 53149 31 55 136 97 106998 2718 35 		 
201212192144 인천광역시 남동구 150409 109343 230 54658 54127 31 57 140 100 109113 2120 36 		 
201212192146 인천광역시 남동구 155079 112535 234 56311 55650 32 57 147 104 112301 3192 37 		 
201212192147 인천광역시 남동구 159949 116472 238 58245 57640 33 59 151 106 116234 3937 38 		 
201212192148 인천광역시 남동구 162925 118380 246 59284 58496 33 59 155 107 118134 1908 39 		 
201212192151 인천광역시 남동구 166209 120577 251 60488 59483 33 59 156 107 120326 2197 40 		 
201212192152 인천광역시 남동구 170932 123792 261 62197 60967 33 62 163 109 123531 3215 41 		 
201212192153 인천광역시 남동구 174264 126310 275 63382 62274 38 63 166 112 126035 2518 42 		 
201212192154 인천광역시 남동구 177817 129046 280 64711 63669 38 64 169 115 128766 2736 43 		 
201212192157 인천광역시 남동구 183659 133444 292 67104 65645 39 68 175 121 133152 4398 44 		 
201212192158 인천광역시 남동구 186438 135330 299 68092 66532 39 69 177 122 135031 1886 45 		 
201212192207 인천광역시 남동구 188453 136988 303 68849 67420 39 71 182 124 136685 1658 46 		 
201212192208 인천광역시 남동구 190909 138611 305 69675 68209 40 73 184 125 138306 1623 47 		 
201212192210 인천광역시 남동구 191244 138873 307 69877 68263 40 74 185 127 138566 262 48 		 
201212192212 인천광역시 남동구 195440 141426 313 71207 69465 40 75 187 139 141113 2553 49 		 
201212192213 인천광역시 남동구 199125 144394 317 72690 70930 42 80 194 141 144077 2968 50 		 
201212192214 인천광역시 남동구 202594 147209 323 73929 72490 44 81 199 143 146886 2815 51 		 
201212192242 인천광역시 남동구 205760 149844 328 75530 73515 44 81 201 145 149516 2635 52 		 
201212192243 인천광역시 남동구 208842 152072 337 76606 74651 44 81 204 149 151735 2228 53 		 
201212192248 인천광역시 남동구 212167 154548 341 77941 75777 44 82 214 149 154207 2476 54 		 
201212192250 인천광역시 남동구 215403 156596 344 79029 76725 46 83 218 151 156252 2048 55 		 
201212192254 인천광역시 남동구 226957 165171 361 83426 80861 47 90 227 159 164810 8575 56 		 
201212192255 인천광역시 남동구 229542 167029 367 84489 81646 47 91 228 161 166662 1858 57 		 
201212192256 인천광역시 남동구 233016 169280 378 85627 82741 47 92 233 162 168902 2251 58 		 
201212192309 인천광역시 남동구 240794 175159 395 88720 85492 49 96 244 163 174764 5879 59 		 
201212192310 인천광역시 남동구 243521 176955 401 89690 86310 49 97 245 163 176554 1796 60 		 
201212192311 인천광역시 남동구 246932 179615 405 90929 87719 49 97 253 163 179210 2660 61 		 
201212192312 인천광역시 남동구 249179 181236 407 91783 88476 50 100 256 164 180829 1621 62 		 
201212192325 인천광역시 남동구 256890 186753 419 94611 91131 52 104 268 168 186334 5517 63 		 
201212192326 인천광역시 남동구 260832 189994 425 96206 92757 53 108 273 172 189569 3241 64 		 
201212192328 인천광역시 남동구 262250 191024 426 96768 93220 53 108 276 173 190598 1030 65 		 
201212192329 인천광역시 남동구 271388 197972 450 100134 96758 53 112 286 179 197522 6948 66 		 
201212192333 인천광역시 남동구 273523 199767 454 100934 97743 54 114 288 180 199313 1795 67 		 
201212192335 인천광역시 남동구 281488 206346 467 104159 101063 55 120 299 183 205879 6579 68 		 
201212192336 인천광역시 남동구 284653 208525 474 105321 102069 56 120 301 184 208051 2179 69 		 
201212192339 인천광역시 남동구 288111 211355 478 106949 103262 56 120 304 186 210877 2830 70 		 
201212192341 인천광역시 남동구 300097 222053 603 112299 108384 70 139 334 224 221450 10698 71 		 
201212192342 인천광역시 남동구 303283 224160 609 113439 109342 70 139 334 227 223551 2107 72 		 
201212192351 인천광역시 남동구 307149 226788 617 114763 110635 71 140 335 227 226171 2628 73 		 
201212192354 인천광역시 남동구 314631 232499 626 117942 113134 72 146 346 233 231873 5711 74 		 
201212192358 인천광역시 남동구 322177 238136 637 120925 115747 73 150 366 238 237499 5637 75 		 
201212200000 인천광역시 남동구 329870 244325 649 123992 118842 73 157 372 240 243676 6189 76 		 
201212200001 인천광역시 남동구 339155 251548 659 127464 122557 73 161 385 249 250889 7223 77 		 
201212200003 인천광역시 남동구 342150 253966 662 128746 123687 73 162 386 250 253304 2418 78 		 
201212200004 인천광역시 남동구 343714 255057 669 129153 124357 74 163 390 251 254388 1091 79 		 
201212200007 인천광역시 남동구 348527 258640 681 131137 125932 74 163 401 252 257959 3583 80 		 
201212200015 인천광역시 남동구 351551 260862 684 132185 127099 74 164 402 254 260178 2222 81 		 
201212200016 인천광역시 남동구 355521 263904 689 133722 128589 75 168 407 254 263215 3042 82 		 
201212200017 인천광역시 남동구 358427 266325 691 134899 129820 76 170 415 254 265634 2421 83 		 
201212200018 인천광역시 남동구 361076 268529 695 136115 130798 76 171 418 256 267834 2204 84 		 
201212200020 인천광역시 남동구 365364 272114 702 137939 132541 78 172 423 259 271412 3585 85 		 
201212200021 인천광역시 남동구 368422 274232 705 139019 133567 79 172 427 263 273527 2118 86 		 
201212200022 인천광역시 남동구 376350 279873 717 141917 136282 79 173 436 269 279156 5641 87 		 
201212200023 인천광역시 남동구 379556 282301 725 143204 137412 80 173 436 271 281576 2428 88 		 
201212200033 인천광역시 남동구 383632 285317 731 144777 138839 80 176 442 272 284586 3016 89 		 
201212200035 인천광역시 남동구 386792 287849 734 146058 140078 80 177 449 273 287115 2532 90 		 
201212200036 인천광역시 남동구 390469 290925 737 147537 141663 81 180 454 273 290188 3076 91 		 
201212200045 인천광역시 남동구 393970 293648 739 148815 143098 81 182 458 275 292909 2723 92 		 
201212200055 인천광역시 남동구 393970 293649 739 148815 143099 81 182 458 275 292910 1 93 		 
