Time AreaA AreaB Total TotalA Invalid VoteA VoteB VoteC VoteD VoteE VoteF TotalB Diff Count
201212191934 인천광역시 옹진군 53 35 0 18 17 0 0 0 0 35 35 1 		 
201212191946 인천광역시 옹진군 1817 1254 9 879 356 0 2 4 4 1245 1219 2 		 
201212191956 인천광역시 옹진군 2238 1539 9 1115 405 0 2 4 4 1530 285 3 		 
201212191959 인천광역시 옹진군 2710 1891 10 1413 450 0 2 5 11 1881 352 4 		 
201212192009 인천광역시 옹진군 3205 2273 11 1742 502 0 2 5 11 2262 382 5 		 
201212192013 인천광역시 옹진군 3417 2451 15 1898 519 0 3 5 11 2436 178 6 		 
201212192019 인천광역시 옹진군 3832 2767 17 2150 580 0 3 5 12 2750 316 7 		 
201212192025 인천광역시 옹진군 4283 3114 18 2437 638 0 3 6 12 3096 347 8 		 
201212192039 인천광역시 옹진군 5171 3803 45 2928 788 7 6 8 21 3758 689 9 		 
201212192044 인천광역시 옹진군 7192 5232 50 3813 1316 9 6 14 24 5182 1429 10 		 
201212192051 인천광역시 옹진군 8914 6480 59 4692 1665 10 8 20 26 6421 1248 11 		 
201212192054 인천광역시 옹진군 9822 7159 60 5185 1846 10 10 20 28 7099 679 12 		 
201212192105 인천광역시 옹진군 12507 9357 98 6574 2591 11 14 30 39 9259 2198 13 		 
201212192109 인천광역시 옹진군 12688 9507 99 6700 2612 11 14 30 41 9408 150 14 		 
201212192111 인천광역시 옹진군 12923 9684 99 6838 2651 11 14 30 41 9585 177 15 		 
201212192114 인천광역시 옹진군 13449 10088 101 7136 2751 11 14 32 43 9987 404 16 		 
201212192123 인천광역시 옹진군 13531 10153 101 7188 2761 11 14 34 44 10052 65 17 		 
201212192146 인천광역시 옹진군 14093 10566 101 7470 2889 11 14 35 46 10465 413 18 		 
201212192212 인천광역시 옹진군 14482 10846 106 7670 2963 11 14 35 47 10740 280 19 		 
201212192215 인천광역시 옹진군 14578 10925 106 7739 2973 11 14 35 47 10819 79 20 		 
201212192223 인천광역시 옹진군 15302 11454 108 8104 3129 11 14 36 52 11346 529 21 		 
201212192224 인천광역시 옹진군 15528 11629 110 8249 3153 11 14 36 56 11519 175 22 		 
201212192226 인천광역시 옹진군 15589 11673 110 8282 3164 11 14 36 56 11563 44 23 		 
201212192227 인천광역시 옹진군 15664 11719 110 8323 3169 11 14 36 56 11609 46 24 		 
201212192230 인천광역시 옹진군 15784 11781 110 8369 3185 11 14 36 56 11671 62 25 		 
201212192245 인천광역시 옹진군 17311 12903 115 9197 3470 11 14 37 59 12788 1122 26 		 
