Time AreaA AreaB Total TotalA Invalid VoteA VoteB VoteC VoteD VoteE VoteF TotalB Diff Count
201212191949 인천광역시 서구 1387 963 6 364 589 0 1 2 1 957 963 1 		 
201212191954 인천광역시 서구 4593 3196 11 1582 1588 1 4 4 6 3185 2233 2 		 
201212191959 인천광역시 서구 8691 5794 22 2935 2816 2 5 5 9 5772 2598 3 		 
201212192001 인천광역시 서구 16237 11364 29 5797 5502 3 8 9 16 11335 5570 4 		 
201212192005 인천광역시 서구 20153 14393 32 7100 7219 4 11 10 17 14361 3029 5 		 
201212192006 인천광역시 서구 25089 17823 38 8836 8893 5 13 15 23 17785 3430 6 		 
201212192009 인천광역시 서구 27966 19791 42 9894 9791 6 14 18 26 19749 1968 7 		 
201212192010 인천광역시 서구 31267 22372 47 10906 11348 6 16 22 27 22325 2581 8 		 
201212192012 인천광역시 서구 35144 24825 63 12218 12454 8 19 29 34 24762 2453 9 		 
201212192014 인천광역시 서구 38747 27324 69 13591 13563 9 21 31 40 27255 2499 10 		 
201212192015 인천광역시 서구 42804 30360 75 15229 14947 9 21 34 45 30285 3036 11 		 
201212192019 인천광역시 서구 50979 35919 95 18213 17482 9 25 41 54 35824 5559 12 		 
201212192021 인천광역시 서구 55462 39144 107 19891 19006 10 27 45 58 39037 3225 13 		 
201212192025 인천광역시 서구 58313 41179 109 21021 19904 10 27 46 62 41070 2035 14 		 
201212192027 인천광역시 서구 65134 46026 119 23566 22178 10 29 52 72 45907 4847 15 		 
201212192033 인천광역시 서구 71102 50354 126 25688 24369 10 30 58 73 50228 4328 16 		 
201212192037 인천광역시 서구 74487 53091 130 26918 25867 10 30 59 77 52961 2737 17 		 
201212192039 인천광역시 서구 78375 55713 141 28280 27108 11 32 62 79 55572 2622 18 		 
201212192044 인천광역시 서구 81547 57933 144 29336 28259 11 37 63 83 57789 2220 19 		 
201212192054 인천광역시 서구 85868 61095 152 31005 29732 11 40 67 88 60943 3162 20 		 
201212192055 인천광역시 서구 90040 64522 157 32543 31609 11 41 71 90 64365 3427 21 		 
201212192056 인천광역시 서구 90810 65074 159 32926 31771 11 42 73 92 64915 552 22 		 
201212192100 인천광역시 서구 94724 67978 164 34491 33099 11 42 76 95 67814 2904 23 		 
201212192102 인천광역시 서구 99089 71121 172 36090 34624 13 44 80 98 70949 3143 24 		 
201212192104 인천광역시 서구 102235 73548 177 37235 35896 13 46 82 99 73371 2427 25 		 
201212192105 인천광역시 서구 106069 76532 183 38762 37338 13 48 84 104 76349 2984 26 		 
201212192108 인천광역시 서구 113518 82250 193 41446 40347 14 48 92 110 82057 5718 27 		 
201212192111 인천광역시 서구 115868 84099 196 42405 41226 15 48 97 112 83903 1849 28 		 
201212192114 인천광역시 서구 119861 87014 203 43971 42558 16 49 102 115 86811 2915 29 		 
201212192124 인천광역시 서구 127594 92777 214 46549 45704 17 55 116 122 92563 5763 30 		 
201212192127 인천광역시 서구 132440 95978 222 48320 47118 18 56 120 124 95756 3201 31 		 
201212192128 인천광역시 서구 136051 98700 227 49701 48447 18 58 123 126 98473 2722 32 		 
201212192131 인천광역시 서구 138313 100335 235 50660 49111 19 58 126 126 100100 1635 33 		 
201212192136 인천광역시 서구 142318 103066 241 52146 50344 20 58 129 128 102825 2731 34 		 
201212192139 인천광역시 서구 146766 106509 248 53849 52067 20 59 135 131 106261 3443 35 		 
201212192140 인천광역시 서구 149434 108646 250 54870 53173 20 60 140 133 108396 2137 36 		 
201212192143 인천광역시 서구 152889 111235 256 56036 54585 20 63 142 133 110979 2589 37 		 
201212192144 인천광역시 서구 155977 113276 258 57160 55489 20 64 147 138 113018 2041 38 		 
201212192146 인천광역시 서구 160129 116261 263 58710 56906 22 65 152 143 115998 2985 39 		 
201212192148 인천광역시 서구 169570 123062 283 62051 60318 26 71 164 149 122779 6801 40 		 
201212192151 인천광역시 서구 172832 125431 289 63390 61325 27 77 168 155 125142 2369 41 		 
201212192152 인천광역시 서구 175701 127467 292 64537 62211 27 77 168 155 127175 2036 42 		 
201212192153 인천광역시 서구 180049 130643 300 66226 63682 27 79 173 156 130343 3176 43 		 
201212192156 인천광역시 서구 189800 137706 309 69591 67356 30 83 179 158 137397 7063 44 		 
201212192159 인천광역시 서구 193191 140309 311 70851 68689 31 83 184 160 139998 2603 45 		 
201212192201 인천광역시 서구 198107 143941 314 72466 70695 32 85 186 163 143627 3632 46 		 
201212192205 인천광역시 서구 202367 147366 321 74090 72480 33 88 190 164 147045 3425 47 		 
201212192207 인천광역시 서구 206136 149920 333 75534 73568 34 89 195 167 149587 2554 48 		 
201212192209 인천광역시 서구 209859 152547 338 76973 74736 36 91 201 172 152209 2627 49 		 
201212192210 인천광역시 서구 214600 156133 342 78659 76623 38 92 206 173 155791 3586 50 		 
201212192212 인천광역시 서구 218345 159153 347 80219 78070 38 93 210 176 158806 3020 51 		 
201212192215 인천광역시 서구 226377 166711 497 83840 81779 46 108 233 208 166214 7558 52 		 
201212192216 인천광역시 서구 230429 169795 502 85284 83406 46 109 236 212 169293 3084 53 		 
201212192219 인천광역시 서구 232757 171430 505 86023 84296 48 109 237 212 170925 1635 54 		 
201212192241 인천광역시 서구 236896 174276 517 87536 85609 50 111 239 214 173759 2846 55 		 
201212192248 인천광역시 서구 236928 174304 517 87558 85615 50 111 239 214 173787 28 56 		 
201212192250 인천광역시 서구 240893 177397 524 89235 87020 50 112 242 214 176873 3093 57 		 
201212192251 인천광역시 서구 244191 179662 530 90565 87942 50 113 245 217 179132 2265 58 		 
201212192253 인천광역시 서구 253381 186699 545 93991 91521 51 117 253 221 186154 7037 59 		 
201212192255 인천광역시 서구 256656 189366 553 95266 92899 51 117 256 224 188813 2667 60 		 
201212192257 인천광역시 서구 260878 192508 562 96960 94330 52 119 259 226 191946 3142 61 		 
201212192259 인천광역시 서구 265599 196309 570 98454 96623 52 120 262 228 195739 3801 62 		 
201212192300 인천광역시 서구 269697 199456 578 100070 98138 52 121 265 232 198878 3147 63 		 
201212192301 인천광역시 서구 273481 202052 583 101471 99318 54 122 269 235 201469 2596 64 		 
201212192305 인천광역시 서구 277567 205153 594 103141 100732 54 122 273 237 204559 3101 65 		 
201212192307 인천광역시 서구 281799 208470 602 104649 102529 54 123 276 237 207868 3317 66 		 
201212192308 인천광역시 서구 285106 211069 605 105745 104022 54 124 280 239 210464 2599 67 		 
201212192310 인천광역시 서구 288996 213636 610 107176 105146 54 124 285 241 213026 2567 68 		 
201212192314 인천광역시 서구 297055 219946 626 110016 108590 55 125 289 245 219320 6310 69 		 
201212192317 인천광역시 서구 300208 222214 630 111290 109565 56 131 294 248 221584 2268 70 		 
201212192323 인천광역시 서구 304344 225291 634 112888 111030 61 133 296 249 224657 3077 71 		 
201212192324 인천광역시 서구 308904 228924 643 114862 112672 62 134 299 252 228281 3633 72 		 
201212192326 인천광역시 서구 312281 231391 648 116391 113595 66 136 302 253 230743 2467 73 		 
201212192327 인천광역시 서구 316587 234625 652 117980 115224 67 136 309 257 233973 3234 74 		 
201212192329 인천광역시 서구 325921 241785 665 120952 119383 67 138 318 262 241120 7160 75 		 
201212192331 인천광역시 서구 329907 244934 669 122453 121016 67 143 322 264 244265 3149 76 		 
201212192332 인천광역시 서구 334106 248015 681 124064 122465 67 143 329 266 247334 3081 77 		 
201212192338 인천광역시 서구 340147 252208 694 126250 124438 73 148 336 269 251514 4193 78 		 
201212192344 인천광역시 서구 345736 256822 701 128505 126777 73 150 342 274 256121 4614 79 		 
201212192353 인천광역시 서구 349970 259912 706 130032 128324 74 151 347 278 259206 3090 80 		 
201212200015 인천광역시 서구 353650 262508 709 131340 129603 74 152 350 280 261799 2596 81 		 
