Time AreaA AreaB Total TotalA Invalid VoteA VoteB VoteC VoteD VoteE VoteF TotalB Diff Count
201212192003 인천광역시 계양구 2862 2052 6 978 1063 1 1 3 0 2046 2052 1 		 
201212192009 인천광역시 계양구 3959 2805 11 1293 1494 1 1 4 1 2794 753 2 		 
201212192012 인천광역시 계양구 7719 5410 20 2514 2856 2 4 8 6 5390 2605 3 		 
201212192040 인천광역시 계양구 11796 8482 22 3759 4673 2 8 10 8 8460 3072 4 		 
201212192043 인천광역시 계양구 16246 11971 27 5165 6738 2 9 19 11 11944 3489 5 		 
201212192047 인천광역시 계양구 20630 15132 38 6566 8473 2 9 30 14 15094 3161 6 		 
201212192048 인천광역시 계양구 24344 17891 43 7817 9969 2 12 32 16 17848 2759 7 		 
201212192050 인천광역시 계양구 27842 20560 50 8941 11496 3 13 36 21 20510 2669 8 		 
201212192055 인천광역시 계양구 31918 23803 54 10344 13321 5 14 40 25 23749 3243 9 		 
201212192100 인천광역시 계양구 34567 25687 60 11302 14235 5 14 45 26 25627 1884 10 		 
201212192103 인천광역시 계양구 38896 28589 68 12670 15750 6 18 48 29 28521 2902 11 		 
201212192105 인천광역시 계양구 47420 35230 87 15819 19196 7 22 64 35 35143 6641 12 		 
201212192107 인천광역시 계양구 51084 37856 98 16999 20617 8 26 70 38 37758 2626 13 		 
201212192111 인천광역시 계양구 55562 41102 110 18748 22087 9 33 76 39 40992 3246 14 		 
201212192114 인천광역시 계양구 59413 43689 115 19967 23443 9 34 81 40 43574 2587 15 		 
201212192119 인천광역시 계양구 62529 45840 122 21004 24542 9 35 85 43 45718 2151 16 		 
201212192122 인천광역시 계양구 66641 49134 131 22459 26359 10 36 93 46 49003 3294 17 		 
201212192125 인천광역시 계양구 69843 51517 136 23622 27568 11 37 96 47 51381 2383 18 		 
201212192126 인천광역시 계양구 73848 54350 143 25098 28913 11 38 97 50 54207 2833 19 		 
201212192131 인천광역시 계양구 77567 57358 148 26521 30481 13 39 101 55 57210 3008 20 		 
201212192217 인천광역시 계양구 82648 60905 154 28286 32242 15 40 109 59 60751 3547 21 		 
201212192218 인천광역시 계양구 90856 66838 156 31204 35249 16 41 112 60 66682 5933 22 		 
201212192220 인천광역시 계양구 94933 69974 159 32673 36896 17 44 121 64 69815 3136 23 		 
201212192226 인천광역시 계양구 101453 74616 168 34848 39336 18 45 130 71 74448 4642 24 		 
201212192229 인천광역시 계양구 105424 77654 171 36349 40855 18 48 140 73 77483 3038 25 		 
201212192231 인천광역시 계양구 110055 81284 176 38090 42722 20 49 148 79 81108 3630 26 		 
201212192236 인천광역시 계양구 114152 84242 181 39388 44365 21 54 153 80 84061 2958 27 		 
201212192238 인천광역시 계양구 118537 87625 187 41022 46093 23 54 162 84 87438 3383 28 		 
201212192242 인천광역시 계양구 124036 91621 195 42692 48401 23 55 169 86 91426 3996 29 		 
201212192244 인천광역시 계양구 127255 93908 205 43767 49591 24 56 177 88 93703 2287 30 		 
201212192245 인천광역시 계양구 130255 96044 211 44797 50681 25 56 180 94 95833 2136 31 		 
201212192247 인천광역시 계양구 134568 99470 217 46341 52547 26 57 187 95 99253 3426 32 		 
201212192249 인천광역시 계양구 137960 101783 223 47466 53717 28 62 189 98 101560 2313 33 		 
201212192253 인천광역시 계양구 142479 105112 233 49088 55404 30 63 195 99 104879 3329 34 		 
201212192254 인천광역시 계양구 146631 107933 243 50526 56769 30 66 197 102 107690 2821 35 		 
201212192259 인천광역시 계양구 154515 113436 261 53228 59533 30 71 205 108 113175 5503 36 		 
201212192303 인천광역시 계양구 157775 115689 269 54222 60777 30 73 209 109 115420 2253 37 		 
201212192304 인천광역시 계양구 161635 118401 279 55494 62195 31 75 216 111 118122 2712 38 		 
201212192308 인천광역시 계양구 166335 121409 281 56949 63733 33 78 222 113 121128 3008 39 		 
201212192313 인천광역시 계양구 169678 124123 291 58160 65216 34 79 227 116 123832 2714 40 		 
201212192317 인천광역시 계양구 173548 127130 295 59354 67016 34 81 231 119 126835 3007 41 		 
201212192322 인천광역시 계양구 178570 130970 301 61153 69034 34 83 241 124 130669 3840 42 		 
201212192323 인천광역시 계양구 182156 133228 322 62087 70316 36 85 253 129 132906 2258 43 		 
201212192328 인천광역시 계양구 189015 138119 336 64478 72784 38 86 261 136 137783 4891 44 		 
201212192329 인천광역시 계양구 205953 150912 365 70700 79282 41 96 279 149 150547 12793 45 		 
201212192330 인천광역시 계양구 209846 154005 368 72234 80823 41 97 290 152 153637 3093 46 		 
201212192332 인천광역시 계양구 223541 164280 385 77185 86102 41 98 303 166 163895 10275 47 		 
201212192333 인천광역시 계양구 242991 178069 415 83664 93342 42 106 325 175 177654 13789 48 		 
201212192334 인천광역시 계양구 253632 186070 435 87263 97694 45 110 338 185 185635 8001 49 		 
201212192335 인천광역시 계양구 257856 188931 438 88628 99176 46 110 343 190 188493 2861 50 		 
201212192348 인천광역시 계양구 267899 197466 554 92671 103498 53 120 357 213 196912 8535 51 		 
