Time AreaA AreaB Total TotalA Invalid VoteA VoteB VoteC VoteD VoteE VoteF TotalB Diff Count
201212191958 인천광역시 연수구 2230 1593 5 962 617 0 4 4 1 1588 1593 1 		 
201212192005 인천광역시 연수구 3504 2443 12 1301 1118 0 4 6 2 2431 850 2 		 
201212192007 인천광역시 연수구 6743 4687 16 2589 2061 1 4 12 4 4671 2244 3 		 
201212192017 인천광역시 연수구 10462 7384 22 4047 3277 3 6 18 11 7362 2697 4 		 
201212192031 인천광역시 연수구 14224 10216 24 5647 4498 4 6 24 13 10192 2832 5 		 
201212192038 인천광역시 연수구 15583 11344 26 6255 5014 5 6 25 13 11318 1128 6 		 
201212192039 인천광역시 연수구 19511 14499 34 7887 6523 7 7 27 14 14465 3155 7 		 
201212192045 인천광역시 연수구 22407 16592 39 9060 7434 7 7 31 14 16553 2093 8 		 
201212192051 인천광역시 연수구 25758 18953 44 10443 8396 7 10 35 18 18909 2361 9 		 
201212192054 인천광역시 연수구 29329 21898 47 11912 9860 7 12 38 22 21851 2945 10 		 
201212192055 인천광역시 연수구 33327 25019 54 13546 11327 9 12 46 25 24965 3121 11 		 
201212192056 인천광역시 연수구 37571 28407 60 15528 12719 9 13 50 28 28347 3388 12 		 
201212192102 인천광역시 연수구 39864 29959 72 16499 13286 9 13 51 29 29887 1552 13 		 
201212192121 인천광역시 연수구 43159 32579 73 17868 14527 9 14 56 32 32506 2620 14 		 
201212192122 인천광역시 연수구 46790 34267 76 18752 15326 9 14 57 33 34191 1688 15 		 
201212192123 인천광역시 연수구 50402 37090 87 20164 16715 10 16 61 37 37003 2823 16 		 
201212192126 인천광역시 연수구 53170 38975 95 21327 17426 11 16 62 38 38880 1885 17 		 
201212192127 인천광역시 연수구 56614 41539 98 22768 18538 12 17 65 41 41441 2564 18 		 
201212192132 인천광역시 연수구 58814 43044 106 23566 19231 12 17 71 41 42938 1505 19 		 
201212192133 인천광역시 연수구 62686 46087 110 25241 20583 12 20 78 43 45977 3043 20 		 
201212192138 인천광역시 연수구 66461 49155 117 26861 22011 13 23 84 46 49038 3068 21 		 
201212192139 인천광역시 연수구 70068 51741 121 28233 23211 14 23 90 49 51620 2586 22 		 
201212192142 인천광역시 연수구 73898 54877 126 29762 24802 14 25 99 49 54751 3136 23 		 
201212192144 인천광역시 연수구 77653 57501 131 31162 26011 16 26 102 53 57370 2624 24 		 
201212192146 인천광역시 연수구 81172 60180 139 32355 27481 18 28 104 55 60041 2679 25 		 
201212192149 인천광역시 연수구 84910 63138 144 33850 28938 18 29 104 55 62994 2958 26 		 
201212192154 인천광역시 연수구 88110 65589 155 35072 30145 18 32 107 60 65434 2451 27 		 
201212192224 인천광역시 연수구 92799 68863 162 36902 31573 18 34 108 66 68701 3274 28 		 
201212192227 인천광역시 연수구 96203 71648 168 38475 32772 18 34 112 69 71480 2785 29 		 
201212192230 인천광역시 연수구 100028 74591 173 39897 34283 19 34 116 69 74418 2943 30 		 
201212192231 인천광역시 연수구 103350 76682 178 41010 35252 20 35 118 69 76504 2091 31 		 
201212192233 인천광역시 연수구 109424 82385 266 43861 37967 25 43 136 87 82119 5703 32 		 
201212192241 인천광역시 연수구 113416 85296 273 45464 39252 26 45 144 92 85023 2911 33 		 
201212192244 인천광역시 연수구 116187 87488 279 46497 40397 26 46 150 93 87209 2192 34 		 
201212192245 인천광역시 연수구 119634 90335 286 47911 41814 26 50 153 95 90049 2847 35 		 
201212192246 인천광역시 연수구 122430 92279 293 49049 42604 27 51 156 99 91986 1944 36 		 
201212192250 인천광역시 연수구 126160 95381 297 50719 44024 27 52 160 102 95084 3102 37 		 
201212192251 인천광역시 연수구 128872 97572 299 51832 45097 27 53 161 103 97273 2191 38 		 
201212192253 인천광역시 연수구 132048 100002 303 53118 46230 27 53 167 104 99699 2430 39 		 
201212192255 인천광역시 연수구 135760 102628 309 54590 47369 29 53 171 107 102319 2626 40 		 
201212192258 인천광역시 연수구 143227 108656 329 57878 50066 33 54 187 109 108327 6028 41 		 
201212192259 인천광역시 연수구 145919 110187 336 58656 50809 33 55 188 110 109851 1531 42 		 
201212192301 인천광역시 연수구 156561 118998 359 63191 55036 33 58 206 115 118639 8811 43 		 
201212192302 인천광역시 연수구 160262 121840 367 64489 56562 36 58 209 119 121473 2842 44 		 
201212192303 인천광역시 연수구 163196 124114 373 65715 57596 37 58 212 123 123741 2274 45 		 
201212192306 인천광역시 연수구 166362 126305 375 66954 58534 39 61 213 129 125930 2191 46 		 
201212192307 인천광역시 연수구 173440 131953 386 69945 61155 39 65 230 133 131567 5648 47 		 
201212192323 인천광역시 연수구 180753 136812 400 72376 63549 42 67 241 137 136412 4859 48 		 
201212192324 인천광역시 연수구 183898 139446 406 73819 64728 43 68 245 137 139040 2634 49 		 
201212192325 인천광역시 연수구 187160 142219 417 75459 65840 44 70 251 138 141802 2773 50 		 
201212192326 인천광역시 연수구 191124 145470 426 77443 67085 44 72 259 141 145044 3251 51 		 
201212192337 인천광역시 연수구 193975 147684 427 78721 68017 44 73 261 141 147257 2214 52 		 
201212192341 인천광역시 연수구 201117 153478 436 81877 70628 44 75 272 146 153042 5794 53 		 
201212192342 인천광역시 연수구 210522 160653 465 85482 74134 49 77 288 158 160188 7175 54 		 
201212192351 인천광역시 연수구 214122 163605 470 86947 75607 49 77 297 158 163135 2952 55 		 
201212192357 인천광역시 연수구 217415 166262 478 88384 76810 50 78 304 158 165784 2657 56 		 
201212200004 인천광역시 연수구 224398 172068 491 91538 79429 52 80 315 163 171577 5806 57 		 
