Time AreaA AreaB Total TotalA Invalid VoteA VoteB VoteC VoteD VoteE VoteF TotalB Diff Count
201212191904 인천광역시 강화군 237 165 0 61 104 0 0 0 0 165 165 1 		 
201212191930 인천광역시 강화군 2981 2196 12 1590 585 0 1 4 4 2184 2031 2 		 
201212191941 인천광역시 강화군 4891 3565 24 2545 980 0 1 7 8 3541 1369 3 		 
201212191955 인천광역시 강화군 6981 5087 29 3631 1400 0 3 11 13 5058 1522 4 		 
201212191956 인천광역시 강화군 9294 6766 35 4705 1992 1 5 15 13 6731 1679 5 		 
201212191958 인천광역시 강화군 11598 8421 41 5838 2503 3 5 17 14 8380 1655 6 		 
201212191959 인천광역시 강화군 13733 9991 43 6917 2984 3 6 22 16 9948 1570 7 		 
201212192000 인천광역시 강화군 14412 10520 44 7297 3129 3 6 22 19 10476 529 8 		 
201212192007 인천광역시 강화군 15813 11580 50 8039 3435 5 6 22 23 11530 1060 9 		 
201212192011 인천광역시 강화군 19285 14077 64 9709 4238 6 8 27 25 14013 2497 10 		 
201212192012 인천광역시 강화군 20900 15279 69 10585 4550 6 9 30 30 15210 1202 11 		 
201212192019 인천광역시 강화군 21824 15966 71 11106 4710 7 9 30 33 15895 687 12 		 
201212192022 인천광역시 강화군 24263 17770 79 12370 5237 7 9 32 36 17691 1804 13 		 
201212192024 인천광역시 강화군 24897 18255 80 12756 5334 7 9 32 37 18175 485 14 		 
201212192026 인천광역시 강화군 25547 18758 86 13134 5450 7 10 32 39 18672 503 15 		 
201212192028 인천광역시 강화군 26123 19193 87 13433 5577 7 11 32 46 19106 435 16 		 
201212192033 인천광역시 강화군 26503 19494 89 13675 5633 7 11 32 47 19405 301 17 		 
201212192034 인천광역시 강화군 29839 22026 96 15246 6570 8 11 42 53 21930 2532 18 		 
201212192037 인천광역시 강화군 31556 23282 100 16102 6960 8 11 43 58 23182 1256 19 		 
201212192044 인천광역시 강화군 33665 24858 125 17214 7378 12 13 49 67 24733 1576 20 		 
201212192046 인천광역시 강화군 35118 25964 130 17999 7688 12 14 50 71 25834 1106 21 		 
201212192048 인천광역시 강화군 38338 28404 132 19494 8625 13 14 54 72 28272 2440 22 		 
201212192049 인천광역시 강화군 39328 29157 135 20058 8803 14 15 54 78 29022 753 23 		 
201212192050 인천광역시 강화군 40448 29969 135 20675 8994 15 15 55 80 29834 812 24 		 
201212192053 인천광역시 강화군 41385 30653 135 21167 9184 15 15 57 80 30518 684 25 		 
201212192054 인천광역시 강화군 42076 31141 141 21497 9332 15 16 57 83 31000 488 26 		 
201212192056 인천광역시 강화군 42753 31631 142 21861 9453 16 16 57 86 31489 490 27 		 
201212192106 인천광역시 강화군 43087 31902 144 22077 9501 16 17 60 87 31758 271 28 		 
201212192107 인천광역시 강화군 44346 32794 150 22698 9757 16 17 61 95 32644 892 29 		 
201212192112 인천광역시 강화군 45793 33906 155 23519 10034 16 18 63 101 33751 1112 30 		 
201212192114 인천광역시 강화군 47254 34977 161 24313 10304 16 18 64 101 34816 1071 31 		 
201212192116 인천광역시 강화군 47493 35162 163 24467 10333 16 18 64 101 34999 185 32 		 
201212192118 인천광역시 강화군 48446 35866 166 24999 10494 16 20 67 104 35700 704 33 		 
201212192120 인천광역시 강화군 50861 38000 219 26163 11380 25 27 76 110 37781 2134 34 		 
201212192121 인천광역시 강화군 51625 38581 226 26598 11516 25 27 77 112 38355 581 35 		 
201212192124 인천광역시 강화군 51946 38829 227 26785 11570 26 27 78 116 38602 248 36 		 
201212192125 인천광역시 강화군 53469 39950 233 27614 11851 26 28 80 118 39717 1121 37 		 
201212192126 인천광역시 강화군 54217 40456 234 27990 11978 26 28 82 118 40222 506 38 		 
201212192128 인천광역시 강화군 54289 40505 234 28029 11987 26 28 82 119 40271 49 39 		 
201212192129 인천광역시 강화군 54977 41015 235 28415 12108 26 28 82 121 40780 510 40 		 
201212192154 인천광역시 강화군 57270 42705 241 29666 12534 26 29 84 125 42464 1690 41 		 
