Time AreaA AreaB Total TotalA Invalid VoteA VoteB VoteC VoteD VoteE VoteF TotalB Diff Count
201212191947 인천광역시 중구 1854 1301 2 818 478 0 0 0 3 1299 1301 1 		 
201212191952 인천광역시 중구 3956 2710 7 1679 1017 0 0 2 5 2703 1409 2 		 
201212192002 인천광역시 중구 4854 3399 10 2104 1273 0 0 5 7 3389 689 3 		 
201212192003 인천광역시 중구 7785 5381 14 3334 2014 2 0 8 9 5367 1982 4 		 
201212192018 인천광역시 중구 9669 6594 24 4116 2431 2 0 10 11 6570 1213 5 		 
201212192032 인천광역시 중구 12370 8587 29 5247 3278 2 1 17 13 8558 1993 6 		 
201212192041 인천광역시 중구 14884 10215 35 6301 3839 3 3 21 13 10180 1628 7 		 
201212192048 인천광역시 중구 17218 11753 40 7204 4465 3 3 23 15 11713 1538 8 		 
201212192052 인천광역시 중구 21037 14332 51 8714 5509 3 3 33 19 14281 2579 9 		 
201212192055 인천광역시 중구 21806 14850 52 8988 5752 3 3 33 19 14798 518 10 		 
201212192058 인천광역시 중구 25523 17361 70 10427 6795 4 4 40 21 17291 2511 11 		 
201212192110 인천광역시 중구 25589 17412 71 10471 6801 4 4 40 21 17341 51 12 		 
201212192111 인천광역시 중구 28649 19616 78 11702 7754 4 6 46 26 19538 2204 13 		 
201212192129 인천광역시 중구 32551 22307 88 13292 8841 5 6 48 27 22219 2691 14 		 
201212192130 인천광역시 중구 34014 23666 111 13978 9480 6 7 51 33 23555 1359 15 		 
201212192132 인천광역시 중구 34457 23958 113 14102 9646 6 7 51 33 23845 292 16 		 
201212192144 인천광역시 중구 36204 25210 117 14847 10142 7 9 54 34 25093 1252 17 		 
201212192146 인천광역시 중구 39302 27586 126 16140 11202 7 12 61 38 27460 2376 18 		 
201212192149 인천광역시 중구 40781 28661 130 16622 11787 7 13 64 38 28531 1075 19 		 
201212192155 인천광역시 중구 43638 30738 137 17847 12623 7 15 71 38 30601 2077 20 		 
201212192201 인천광역시 중구 45882 32274 144 18844 13151 7 16 74 38 32130 1536 21 		 
201212192207 인천광역시 중구 46583 32782 144 19238 13262 7 16 75 40 32638 508 22 		 
201212192228 인천광역시 중구 46583 32785 144 19240 13263 7 16 75 40 32641 3 23 		 
201212192254 인천광역시 중구 49676 34879 148 20077 14502 7 18 80 47 34731 2094 24 		 
201212192256 인천광역시 중구 52040 36411 158 21074 15023 7 18 81 50 36253 1532 25 		 
201212192257 인천광역시 중구 53803 37584 168 21897 15360 7 18 82 52 37416 1173 26 		 
201212192258 인천광역시 중구 56604 39728 177 22769 16614 8 20 85 55 39551 2144 27 		 
201212192303 인천광역시 중구 59427 41790 186 23662 17768 8 21 88 57 41604 2062 28 		 
201212192304 인천광역시 중구 61877 43348 188 24312 18668 9 21 91 59 43160 1558 29 		 
201212192312 인천광역시 중구 63829 44698 192 25175 19144 10 21 96 60 44506 1350 30 		 
201212192318 인천광역시 중구 67415 47430 200 26719 20316 11 21 102 61 47230 2732 31 		 
201212192321 인천광역시 중구 69451 48815 201 27689 20727 12 21 104 61 48614 1385 32 		 
201212192331 인천광역시 중구 72505 51139 203 28575 22155 13 22 106 65 50936 2324 33 		 
201212192333 인천광역시 중구 75284 52969 207 29676 22874 13 23 111 65 52762 1830 34 		 
201212192342 인천광역시 중구 78606 55585 214 30613 24538 13 25 116 66 55371 2616 35 		 
