Time AreaA AreaB Total TotalA Invalid VoteA VoteB VoteC VoteD VoteE VoteF TotalB Diff Count
201212191918 인천광역시 동구 248 171 3 73 94 1 0 0 0 168 171 1 		 
201212192000 인천광역시 동구 1418 1073 4 643 421 1 1 1 2 1069 902 2 		 
201212192010 인천광역시 동구 3922 2760 13 1611 1126 1 2 3 4 2747 1687 3 		 
201212192020 인천광역시 동구 6976 5076 16 2994 2051 1 3 5 6 5060 2316 4 		 
201212192026 인천광역시 동구 8538 6142 25 3648 2452 1 3 6 7 6117 1066 5 		 
201212192038 인천광역시 동구 11213 8131 27 4772 3309 2 3 8 10 8104 1989 6 		 
201212192040 인천광역시 동구 12819 9232 32 5432 3737 2 4 11 14 9200 1101 7 		 
201212192053 인천광역시 동구 14770 10638 39 6245 4317 2 5 13 17 10599 1406 8 		 
201212192054 인천광역시 동구 15849 11657 55 6724 4831 3 9 13 22 11602 1019 9 		 
201212192058 인천광역시 동구 17538 12901 60 7484 5305 3 10 16 23 12841 1244 10 		 
201212192100 인천광역시 동구 19035 13982 68 8113 5746 3 11 17 24 13914 1081 11 		 
201212192101 인천광역시 동구 20774 15266 78 8928 6202 3 11 17 27 15188 1284 12 		 
201212192109 인천광역시 동구 24268 17889 83 10257 7482 3 12 20 32 17806 2623 13 		 
201212192118 인천광역시 동구 26845 19698 87 11277 8261 3 14 21 35 19611 1809 14 		 
201212192136 인천광역시 동구 30639 22671 99 12706 9782 3 15 26 40 22572 2973 15 		 
201212192138 인천광역시 동구 32293 23819 102 13426 10201 4 15 28 43 23717 1148 16 		 
201212192141 인천광역시 동구 35054 26035 107 14557 11275 5 17 28 46 25928 2216 17 		 
201212192147 인천광역시 동구 37931 28192 109 15438 12540 5 19 34 47 28083 2157 18 		 
201212192159 인천광역시 동구 40489 30306 111 16625 13460 6 19 36 49 30195 2114 19 		 
201212192205 인천광역시 동구 43027 32106 114 17640 14232 7 19 39 55 31992 1800 20 		 
201212192214 인천광역시 동구 45519 33888 120 18781 14859 8 19 44 57 33768 1782 21 		 
201212192216 인천광역시 동구 49112 36688 123 20074 16348 9 23 50 61 36565 2800 22 		 
201212192219 인천광역시 동구 52166 39103 126 21344 17481 11 24 54 63 38977 2415 23 		 
201212192220 인천광역시 동구 54149 40604 136 22189 18123 11 25 54 66 40468 1501 24 		 
201212192221 인천광역시 동구 56431 42184 144 23202 18676 12 25 55 70 42040 1580 25 		 
201212192237 인천광역시 동구 59686 44685 153 24624 19731 15 28 62 72 44532 2501 26 		 
201212192238 인천광역시 동구 62787 46837 157 25911 20584 15 29 66 75 46680 2152 27 		 
