Time AreaA AreaB Total TotalA Invalid VoteA VoteB VoteC VoteD VoteE VoteF TotalB Diff Count
201212191907 인천광역시 남구 1421 970 5 422 541 0 0 2 0 965 970 1 		 
201212191924 인천광역시 남구 4548 3280 10 1671 1590 0 1 7 1 3270 2310 2 		 
201212191927 인천광역시 남구 11702 8722 24 4584 4080 2 4 18 10 8698 5442 3 		 
201212191931 인천광역시 남구 15218 11096 28 5848 5176 4 5 20 15 11068 2374 4 		 
201212191935 인천광역시 남구 18727 13976 32 7491 6398 5 6 25 19 13944 2880 5 		 
201212191938 인천광역시 남구 22199 16710 38 8910 7700 5 7 31 19 16672 2734 6 		 
201212191940 인천광역시 남구 26049 19627 41 10459 9052 6 9 38 22 19586 2917 7 		 
201212191941 인천광역시 남구 29349 22081 44 11783 10174 6 11 40 23 22037 2454 8 		 
201212191943 인천광역시 남구 32401 24261 49 13081 11045 6 12 42 26 24212 2180 9 		 
201212191944 인천광역시 남구 36325 27113 54 14635 12326 7 16 47 28 27059 2852 10 		 
201212191952 인천광역시 남구 38918 29058 61 15626 13266 7 20 48 30 28997 1945 11 		 
201212191953 인천광역시 남구 42512 31580 72 17085 14310 7 20 53 33 31508 2522 12 		 
201212192000 인천광역시 남구 49599 36524 95 19869 16428 12 20 60 40 36429 4944 13 		 
201212192001 인천광역시 남구 53564 39392 105 21549 17596 14 23 64 41 39287 2868 14 		 
201212192003 인천광역시 남구 60390 44182 116 24297 19608 16 27 72 46 44066 4790 15 		 
201212192006 인천광역시 남구 64366 46720 121 25688 20742 16 28 79 46 46599 2538 16 		 
201212192016 인천광역시 남구 71289 51281 132 28141 22824 17 30 85 52 51149 4561 17 		 
201212192018 인천광역시 남구 79840 57492 143 31736 25413 17 31 92 60 57349 6211 18 		 
201212192022 인천광역시 남구 83643 60192 152 33289 26540 17 36 94 64 60040 2700 19 		 
201212192023 인천광역시 남구 87629 62725 165 34837 27503 17 37 99 67 62560 2533 20 		 
201212192024 인천광역시 남구 90732 65032 168 36043 28596 17 37 100 71 64864 2307 21 		 
201212192027 인천광역시 남구 98116 70188 183 38925 30832 18 39 114 77 70005 5156 22 		 
201212192030 인천광역시 남구 101360 72438 189 40226 31765 18 40 118 82 72249 2250 23 		 
201212192031 인천광역시 남구 104557 74605 196 41284 32861 19 40 122 83 74409 2167 24 		 
201212192034 인천광역시 남구 108878 77687 209 42931 34274 21 40 128 84 77478 3082 25 		 
201212192042 인천광역시 남구 116461 83599 221 46062 37018 21 42 145 90 83378 5912 26 		 
201212192044 인천광역시 남구 121144 87181 226 48001 38650 21 46 146 91 86955 3582 27 		 
201212192047 인천광역시 남구 124637 89556 233 49315 39692 22 49 150 95 89323 2375 28 		 
201212192049 인천광역시 남구 129047 92564 243 50997 40993 22 50 160 99 92321 3008 29 		 
201212192052 인천광역시 남구 131983 94654 244 52275 41797 23 53 163 99 94410 2090 30 		 
201212192056 인천광역시 남구 136936 98103 255 54303 43194 24 54 169 104 97848 3449 31 		 
201212192101 인천광역시 남구 140322 100390 262 55666 44102 26 54 175 105 100128 2287 32 		 
201212192103 인천광역시 남구 147438 105202 276 58357 46193 26 55 185 110 104926 4812 33 		 
201212192105 인천광역시 남구 151683 108536 286 60162 47693 26 57 196 116 108250 3334 34 		 
201212192110 인천광역시 남구 155550 111480 295 61852 48932 27 57 197 120 111185 2944 35 		 
201212192114 인천광역시 남구 159701 114418 300 63557 50151 28 58 201 123 114118 2938 36 		 
201212192115 인천광역시 남구 163726 117329 310 64982 51619 28 59 203 128 117019 2911 37 		 
201212192119 인천광역시 남구 166839 119617 323 66146 52725 29 59 204 131 119294 2288 38 		 
201212192120 인천광역시 남구 170335 121919 328 67310 53846 31 60 206 138 121591 2302 39 		 
201212192121 인천광역시 남구 173468 124414 331 68647 54992 31 61 209 143 124083 2495 40 		 
201212192127 인천광역시 남구 175820 126006 337 69616 55599 31 61 213 149 125669 1592 41 		 
201212192132 인천광역시 남구 180123 129025 341 71275 56945 31 62 218 153 128684 3019 42 		 
201212192134 인천광역시 남구 186705 135272 444 74428 59868 37 81 235 179 134828 6247 43 		 
201212192135 인천광역시 남구 193633 140154 457 77213 61930 39 84 246 185 139697 4882 44 		 
201212192137 인천광역시 남구 198457 143269 466 78986 63251 40 87 252 187 142803 3115 45 		 
201212192138 인천광역시 남구 201926 145727 469 80464 64220 40 87 255 192 145258 2458 46 		 
201212192141 인천광역시 남구 206018 148386 472 81971 65364 41 87 257 194 147914 2659 47 		 
201212192142 인천광역시 남구 210157 151726 478 84048 66615 42 88 261 194 151248 3340 48 		 
201212192152 인천광역시 남구 215295 155080 487 85880 68124 43 88 262 196 154593 3354 49 		 
201212192155 인천광역시 남구 219706 158133 495 87654 69385 44 89 268 198 157638 3053 50 		 
201212192158 인천광역시 남구 223381 160603 503 88932 70560 45 90 272 201 160100 2470 51 		 
201212192200 인천광역시 남구 227535 163641 510 90450 72055 48 93 282 203 163131 3038 52 		 
201212192201 인천광역시 남구 231519 166750 516 91950 73648 50 94 283 209 166234 3109 53 		 
201212192204 인천광역시 남구 239375 172681 520 95162 76331 52 96 301 219 172161 5931 54 		 
201212192205 인천광역시 남구 246221 177880 531 98155 78512 53 97 309 223 177349 5199 55 		 
201212192210 인천광역시 남구 249859 180410 534 99619 79567 55 98 314 223 179876 2530 56 		 
201212192211 인천광역시 남구 253999 183257 542 101183 80828 57 100 319 228 182715 2847 57 		 
201212192219 인천광역시 남구 257603 185906 548 102554 82092 58 100 323 231 185358 2649 58 		 
201212192220 인천광역시 남구 261486 188442 555 103847 83320 58 102 326 234 187887 2536 59 		 
201212192221 인천광역시 남구 266827 191743 559 105508 84940 61 104 329 242 191184 3301 60 		 
201212192223 인천광역시 남구 270027 193875 564 106677 85894 61 105 330 244 193311 2132 61 		 
201212192224 인천광역시 남구 277339 198976 575 109462 88178 62 108 339 252 198401 5101 62 		 
201212192225 인천광역시 남구 284926 204683 583 112542 90782 63 112 344 257 204100 5707 63 		 
201212192232 인천광역시 남구 289489 207460 586 113930 92157 64 113 347 263 206874 2777 64 		 
201212192235 인천광역시 남구 292834 209937 592 115322 93228 64 113 353 265 209345 2477 65 		 
201212192240 인천광역시 남구 296276 212320 602 116559 94355 65 118 355 266 211718 2383 66 		 
201212192242 인천광역시 남구 300460 215176 609 118221 95532 66 118 358 272 214567 2856 67 		 
201212192245 인천광역시 남구 307140 219973 622 120716 97810 69 119 363 274 219351 4797 68 		 
201212192251 인천광역시 남구 312689 223475 627 122393 99622 70 123 366 274 222848 3502 69 		 
201212192300 인천광역시 남구 317573 227614 636 124464 101664 71 125 374 280 226978 4139 70 		 
201212192303 인천광역시 남구 321199 229987 639 125870 102621 72 127 377 281 229348 2373 71 		 
201212192308 인천광역시 남구 327698 235099 648 128444 105131 75 128 385 288 234451 5112 72 		 
201212192313 인천광역시 남구 332642 238597 659 130644 106408 75 129 387 295 237938 3498 73 		 
201212192317 인천광역시 남구 336028 241098 668 132016 107520 76 130 391 297 240430 2501 74 		 
201212192321 인천광역시 남구 339766 243682 679 133464 108637 79 132 394 297 243003 2584 75 		 
