Time AreaA AreaB Total TotalA Invalid VoteA VoteB VoteC VoteD VoteE VoteF TotalB Diff Count
201212191852 전라북도 임실군 76 49 1 19 29 0 0 0 0 48 49 1 		 
201212191910 전라북도 임실군 2287 1769 13 210 1536 1 1 4 4 1756 1720 2 		 
201212191920 전라북도 임실군 3610 2752 22 374 2338 3 1 8 6 2730 983 3 		 
201212191938 전라북도 임실군 5122 3893 29 523 3306 4 14 11 6 3864 1141 4 		 
201212192014 전라북도 임실군 6200 4888 50 693 4098 8 14 14 11 4838 995 5 		 
201212192032 전라북도 임실군 7450 5859 58 796 4947 9 1 30 18 5801 971 6 		 
201212192036 전라북도 임실군 9222 7226 71 933 6155 9 1 34 23 7155 1367 7 		 
201212192049 전라북도 임실군 10563 8241 79 1080 7002 9 1 42 28 8162 1015 8 		 
201212192051 전라북도 임실군 12098 9349 85 1242 7917 10 1 59 35 9264 1108 9 		 
201212192054 전라북도 임실군 12513 9658 88 1280 8177 10 1 64 38 9570 309 10 		 
201212192055 전라북도 임실군 14507 11159 92 1411 9528 11 3 71 43 11067 1501 11 		 
201212192056 전라북도 임실군 16404 12624 108 1545 10812 11 4 92 52 12516 1465 12 		 
201212192101 전라북도 임실군 16880 12998 114 1578 11141 11 5 95 54 12884 374 13 		 
201212192108 전라북도 임실군 17417 13395 119 1646 11459 12 5 98 56 13276 397 14 		 
201212192109 전라북도 임실군 19198 14742 128 1790 12637 13 6 107 61 14614 1347 15 		 
201212192112 전라북도 임실군 19589 15043 132 1809 12910 13 6 111 62 14911 301 16 		 
201212192115 전라북도 임실군 25881 19695 176 2386 16884 14 12 140 83 19519 4652 17 		 
