Time AreaA AreaB Total TotalA Invalid VoteA VoteB VoteC VoteD VoteE VoteF TotalB Diff Count
201212191854 전라남도 영광군 654 495 4 54 422 0 0 12 3 491 495 1 		 
201212191901 전라남도 영광군 1588 1145 8 125 987 0 0 21 4 1137 650 2 		 
201212191903 전라남도 영광군 2217 1592 11 189 1364 0 1 23 4 1581 447 3 		 
201212191906 전라남도 영광군 2850 2064 13 239 1778 0 1 26 7 2051 472 4 		 
201212191907 전라남도 영광군 3956 2930 21 319 2543 1 2 33 11 2909 866 5 		 
201212191912 전라남도 영광군 6397 4736 25 534 4125 1 3 35 13 4711 1806 6 		 
201212191914 전라남도 영광군 7703 5678 27 627 4966 1 3 38 16 5651 942 7 		 
201212191917 전라남도 영광군 8110 6015 29 658 5262 1 4 43 18 5986 337 8 		 
201212191918 전라남도 영광군 8503 6310 31 681 5525 1 4 48 20 6279 295 9 		 
201212191920 전라남도 영광군 10403 7619 35 839 6661 2 4 54 24 7584 1309 10 		 
201212191927 전라남도 영광군 12772 9260 44 1008 8106 3 6 67 26 9216 1641 11 		 
201212191931 전라남도 영광군 15343 11255 47 1194 9902 3 6 70 33 11208 1995 12 		 
201212191933 전라남도 영광군 16860 12349 52 1299 10872 3 7 81 35 12297 1094 13 		 
201212191935 전라남도 영광군 17832 13035 58 1357 11487 5 7 85 36 12977 686 14 		 
201212191936 전라남도 영광군 18756 13688 60 1440 12048 7 7 90 36 13628 653 15 		 
201212191937 전라남도 영광군 20271 14790 64 1536 13025 7 8 107 43 14726 1102 16 		 
201212191938 전라남도 영광군 21089 15437 72 1601 13586 7 8 117 46 15365 647 17 		 
201212191939 전라남도 영광군 22240 16295 79 1678 14343 7 8 128 52 16216 858 18 		 
201212191940 전라남도 영광군 22964 16805 81 1734 14791 7 8 131 53 16724 510 19 		 
201212191942 전라남도 영광군 23988 17593 83 1814 15484 8 8 141 55 17510 788 20 		 
201212191944 전라남도 영광군 24890 18241 86 1889 16039 8 9 153 57 18155 648 21 		 
201212191947 전라남도 영광군 25831 18988 97 1975 16681 8 11 157 59 18891 747 22 		 
201212191948 전라남도 영광군 27725 20510 105 2088 18065 8 11 169 64 20405 1522 23 		 
201212191949 전라남도 영광군 28607 21136 109 2144 18618 8 11 179 67 21027 626 24 		 
201212191950 전라남도 영광군 29166 21569 111 2189 18988 9 11 191 70 21458 433 25 		 
201212191954 전라남도 영광군 30237 22376 117 2266 19697 11 12 199 74 22259 807 26 		 
201212191957 전라남도 영광군 31263 23196 125 2370 20393 11 12 209 76 23071 820 27 		 
201212192006 전라남도 영광군 33651 24927 133 2567 21914 12 12 210 79 24794 1731 28 		 
201212192007 전라남도 영광군 35338 26149 144 2703 22968 15 14 221 84 26005 1222 29 		 
201212192008 전라남도 영광군 38464 28480 155 2974 25007 17 15 223 89 28325 2331 30 		 
201212192009 전라남도 영광군 38952 28866 159 3016 25340 17 16 227 91 28707 386 31 		 
201212192010 전라남도 영광군 39646 29373 164 3079 25766 17 16 238 93 29209 507 32 		 
201212192011 전라남도 영광군 40427 29965 169 3149 26277 17 16 243 94 29796 592 33 		 
201212192013 전라남도 영광군 40923 30352 174 3181 26619 17 16 246 99 30178 387 34 		 
201212192014 전라남도 영광군 41570 30869 177 3227 27070 17 16 260 102 30692 517 35 		 
201212192015 전라남도 영광군 42122 31285 178 3276 27431 17 18 261 104 31107 416 36 		 
201212192017 전라남도 영광군 43322 32186 192 3389 28184 17 21 272 111 31994 901 37 		 
201212192018 전라남도 영광군 44103 32812 199 3468 28706 18 21 285 115 32613 626 38 		 
201212192020 전라남도 영광군 44207 32873 199 3477 28758 18 21 285 115 32674 61 39 		 
201212192050 전라남도 영광군 46612 35036 226 3718 30639 22 23 290 118 34810 2163 40 		 
201212192057 전라남도 영광군 46866 35146 227 3745 30720 22 23 291 118 34919 110 41 		 
201212192058 전라남도 영광군 46949 35202 227 3747 30773 22 23 291 119 34975 56 42 		 
201212192059 전라남도 영광군 47115 35294 228 3768 30835 23 23 297 120 35066 92 43 		 
