Time AreaA AreaB Total TotalA Invalid VoteA VoteB VoteC VoteD VoteE VoteF TotalB Diff Count
201212191951 전라북도 김제시 1993 1457 8 223 1217 0 1 2 6 1449 1457 1 		 
201212192009 전라북도 김제시 3946 2904 14 407 2466 1 1 7 8 2890 1447 2 		 
201212192019 전라북도 김제시 5239 3864 19 580 3243 1 1 8 12 3845 960 3 		 
201212192023 전라북도 김제시 5486 4028 19 618 3368 1 1 9 12 4009 164 4 		 
201212192025 전라북도 김제시 7864 5811 23 906 4852 1 1 16 12 5788 1783 5 		 
201212192029 전라북도 김제시 9129 6770 33 1026 5674 1 1 20 15 6737 959 6 		 
201212192032 전라북도 김제시 11962 8813 52 1321 7393 1 2 27 17 8761 2043 7 		 
201212192034 전라북도 김제시 14014 10313 60 1562 8636 2 2 32 19 10253 1500 8 		 
201212192036 전라북도 김제시 16605 12325 72 1835 10347 3 2 40 26 12253 2012 9 		 
201212192037 전라북도 김제시 17756 13208 78 1935 11121 3 2 42 27 13130 883 10 		 
201212192039 전라북도 김제시 19197 14278 84 2057 12058 3 2 44 30 14194 1070 11 		 
201212192040 전라북도 김제시 21676 16116 93 2322 13610 5 3 50 33 16023 1838 12 		 
201212192042 전라북도 김제시 23702 17652 109 2542 14901 8 3 53 36 17543 1536 13 		 
201212192043 전라북도 김제시 25137 18711 112 2680 15811 9 3 53 43 18599 1059 14 		 
201212192044 전라북도 김제시 26750 19925 122 2898 16788 11 4 56 46 19803 1214 15 		 
201212192045 전라북도 김제시 29625 21965 128 3202 18512 11 5 60 47 21837 2040 16 		 
201212192047 전라북도 김제시 30370 22535 131 3281 18996 11 5 63 48 22404 570 17 		 
201212192048 전라북도 김제시 31321 23237 142 3386 19575 12 7 65 50 23095 702 18 		 
201212192049 전라북도 김제시 33652 25051 158 3621 21126 14 9 69 54 24893 1814 19 		 
201212192050 전라북도 김제시 35674 26596 171 3813 22456 18 9 71 58 26425 1545 20 		 
201212192051 전라북도 김제시 36562 27283 175 3889 23056 18 9 77 59 27108 687 21 		 
201212192052 전라북도 김제시 38574 28805 179 4151 24308 18 9 79 61 28626 1522 22 		 
201212192053 전라북도 김제시 41777 31156 184 4451 26342 21 11 83 64 30972 2351 23 		 
201212192054 전라북도 김제시 43688 32602 200 4642 27573 24 11 87 65 32402 1446 24 		 
201212192104 전라북도 김제시 45701 34179 206 4813 28969 24 12 90 65 33973 1577 25 		 
201212192105 전라북도 김제시 47984 35898 209 5005 30490 24 13 92 65 35689 1719 26 		 
201212192108 전라북도 김제시 50029 37500 222 5187 31886 24 13 99 69 37278 1602 27 		 
201212192109 전라북도 김제시 51481 38606 229 5366 32794 25 14 106 72 38377 1106 28 		 
201212192110 전라북도 김제시 53511 40130 240 5587 34077 27 15 109 75 39890 1524 29 		 
201212192112 전라북도 김제시 54414 40809 244 5662 34670 27 16 111 79 40565 679 30 		 
201212192113 전라북도 김제시 56330 42243 261 5833 35908 28 16 115 82 41982 1434 31 		 
201212192115 전라북도 김제시 59146 44358 270 6127 37717 28 16 117 83 44088 2115 32 		 
201212192126 전라북도 김제시 61423 46123 278 6353 39238 29 16 123 86 45845 1765 33 		 
201212192128 전라북도 김제시 63266 47464 282 6579 40346 29 16 124 88 47182 1341 34 		 
201212192130 전라북도 김제시 64175 48151 290 6669 40932 29 17 126 88 47861 687 35 		 
201212192131 전라북도 김제시 66039 49539 297 6858 42113 29 20 132 90 49242 1388 36 		 
201212192135 전라북도 김제시 68168 51013 300 7081 43356 29 21 136 90 50713 1474 37 		 
201212192136 전라북도 김제시 70099 52431 308 7278 44558 30 22 142 93 52123 1418 38 		 
201212192205 전라북도 김제시 72764 54513 314 7564 46339 31 23 146 96 54199 2082 39 		 
201212192208 전라북도 김제시 75111 56185 328 7799 47749 31 23 156 99 55857 1672 40 		 
201212192213 전라북도 김제시 77521 58323 384 8185 49430 32 25 161 106 57939 2138 41 		 
