Time AreaA AreaB Total TotalA Invalid VoteA VoteB VoteC VoteD VoteE VoteF TotalB Diff Count
201212191935 전라북도 진안군 923 732 4 98 619 0 1 6 4 728 732 1 		 
201212191940 전라북도 진안군 1683 1287 9 216 1042 1 1 8 10 1278 555 2 		 
201212191947 전라북도 진안군 2615 2025 14 366 1609 1 1 18 16 2011 738 3 		 
201212191951 전라북도 진안군 4339 3341 26 509 2761 2 1 25 17 3315 1316 4 		 
201212191953 전라북도 진안군 6617 5132 34 769 4264 3 1 35 26 5098 1791 5 		 
201212191956 전라북도 진안군 8242 6346 49 895 5314 4 4 45 35 6297 1214 6 		 
201212192000 전라북도 진안군 10654 8091 57 1183 6746 5 6 55 39 8034 1745 7 		 
201212192008 전라북도 진안군 14323 10753 77 1641 8905 7 10 66 47 10676 2662 8 		 
201212192011 전라북도 진안군 15719 11835 85 1881 9720 7 11 74 57 11750 1082 9 		 
201212192019 전라북도 진안군 15791 11886 85 1901 9751 7 11 74 57 11801 51 10 		 
201212192022 전라북도 진안군 16795 12765 108 2051 10446 9 13 78 60 12657 879 11 		 
201212192024 전라북도 진안군 19787 15035 122 2390 12344 9 13 92 65 14913 2270 12 		 
201212192026 전라북도 진안군 21541 16374 137 2619 13423 10 14 99 72 16237 1339 13 		 
201212192029 전라북도 진안군 22860 17388 151 2764 14262 11 15 105 80 17237 1014 14 		 
