Time AreaA AreaB Total TotalA Invalid VoteA VoteB VoteC VoteD VoteE VoteF TotalB Diff Count
201212191929 전라북도 완주군 222 158 0 26 132 0 0 0 0 158 158 1 		 
201212191944 전라북도 완주군 1151 888 3 144 733 0 0 4 4 885 730 2 		 
201212192000 전라북도 완주군 4291 3181 7 469 2692 1 1 6 5 3174 2293 3 		 
201212192004 전라북도 완주군 6097 4541 17 796 3693 1 4 13 17 4524 1360 4 		 
201212192010 전라북도 완주군 6601 4912 20 833 4019 1 4 16 19 4892 371 5 		 
201212192013 전라북도 완주군 8774 6543 23 1048 5419 1 5 24 23 6520 1631 6 		 
201212192017 전라북도 완주군 9590 7189 27 1137 5968 1 6 25 25 7162 646 7 		 
201212192020 전라북도 완주군 10891 8221 32 1268 6857 2 6 29 27 8189 1032 8 		 
201212192023 전라북도 완주군 13538 10267 43 1497 8653 2 8 34 30 10224 2046 9 		 
201212192027 전라북도 완주군 16068 12203 59 1766 10287 2 8 45 36 12144 1936 10 		 
201212192029 전라북도 완주군 19019 14486 69 2094 12221 2 12 47 41 14417 2283 11 		 
201212192034 전라북도 완주군 20109 15331 75 2204 12942 2 12 50 46 15256 845 12 		 
201212192035 전라북도 완주군 21124 16119 78 2332 13588 3 12 57 49 16041 788 13 		 
201212192039 전라북도 완주군 22894 17495 85 2532 14751 3 13 61 50 17410 1376 14 		 
201212192044 전라북도 완주군 24239 18523 90 2649 15652 3 14 61 54 18433 1028 15 		 
201212192059 전라북도 완주군 27002 20582 101 2895 17444 3 15 67 57 20481 2059 16 		 
201212192104 전라북도 완주군 28310 21627 105 3006 18363 3 16 74 60 21522 1045 17 		 
201212192107 전라북도 완주군 29646 22631 118 3124 19227 3 18 79 62 22513 1004 18 		 
201212192109 전라북도 완주군 31001 23681 122 3221 20166 4 19 85 64 23559 1050 19 		 
201212192110 전라북도 완주군 32259 24692 127 3322 21062 4 21 88 68 24565 1011 20 		 
201212192115 전라북도 완주군 36005 27550 136 3695 23523 6 24 94 72 27414 2858 21 		 
201212192118 전라북도 완주군 37601 28737 145 3833 24551 7 26 100 75 28592 1187 22 		 
201212192122 전라북도 완주군 41456 31728 156 4140 27206 7 31 111 77 31572 2991 23 		 
201212192125 전라북도 완주군 44829 34184 165 4497 29288 7 32 117 78 34019 2456 24 		 
201212192134 전라북도 완주군 46421 35662 210 4762 30436 10 35 123 86 35452 1478 25 		 
201212192136 전라북도 완주군 47809 36727 214 4900 31349 10 36 132 86 36513 1065 26 		 
201212192137 전라북도 완주군 51140 39409 217 5211 33702 10 43 136 90 39192 2682 27 		 
201212192140 전라북도 완주군 53127 40895 220 5398 34978 11 53 139 96 40675 1486 28 		 
201212192143 전라북도 완주군 56504 43483 229 5708 37228 12 56 148 102 43254 2588 29 		 
201212192146 전라북도 완주군 57635 44296 254 5848 37863 13 61 151 106 44042 813 30 		 
201212192147 전라북도 완주군 61151 47250 261 6209 40442 13 64 153 108 46989 2954 31 		 
201212192149 전라북도 완주군 62728 48505 271 6342 41548 14 64 157 109 48234 1255 32 		 
201212192156 전라북도 완주군 65082 50305 276 6584 43093 15 65 161 111 50029 1800 33 		 
201212192158 전라북도 완주군 66342 51281 283 6697 43938 15 65 168 115 50998 976 34 		 
201212192201 전라북도 완주군 68634 53018 294 6926 45422 15 68 175 118 52724 1737 35 		 
