Time AreaA AreaB Total TotalA Invalid VoteA VoteB VoteC VoteD VoteE VoteF TotalB Diff Count
201212191859 전라북도 고창군 112 78 1 18 59 0 0 0 0 77 78 1 		 
201212191913 전라북도 고창군 1077 777 6 75 678 0 3 8 7 771 699 2 		 
201212191916 전라북도 고창군 2334 1697 16 178 1467 2 3 21 10 1681 920 3 		 
201212191917 전라북도 고창군 3207 2391 22 251 2065 2 4 31 16 2369 694 4 		 
201212191920 전라북도 고창군 4691 3509 24 382 3042 2 4 36 19 3485 1118 5 		 
201212191925 전라북도 고창군 5955 4442 26 495 3857 4 4 37 19 4416 933 6 		 
201212191927 전라북도 고창군 7208 5398 38 585 4700 5 5 42 23 5360 956 7 		 
201212191930 전라북도 고창군 10475 7915 43 881 6912 5 5 44 25 7872 2517 8 		 
201212191931 전라북도 고창군 12491 9482 51 1044 8300 7 5 48 27 9431 1567 9 		 
201212191937 전라북도 고창군 13643 10347 58 1169 9022 8 6 54 30 10289 865 10 		 
201212191939 전라북도 고창군 15095 11427 66 1305 9953 8 8 57 30 11361 1080 11 		 
201212191941 전라북도 고창군 19181 14525 77 1643 12696 8 9 59 33 14448 3098 12 		 
201212191942 전라북도 고창군 20040 15163 82 1724 13240 8 10 65 34 15081 638 13 		 
201212191944 전라북도 고창군 20890 15799 89 1818 13764 8 10 73 37 15710 636 14 		 
201212191949 전라북도 고창군 22451 16906 102 1926 14736 8 10 84 40 16804 1107 15 		 
201212191951 전라북도 고창군 23737 17799 110 2031 15504 8 12 92 42 17689 893 16 		 
201212191954 전라북도 고창군 25164 18849 121 2154 16412 8 12 98 44 18728 1050 17 		 
201212191957 전라북도 고창군 27382 20484 132 2325 17849 8 13 111 46 20352 1635 18 		 
201212192000 전라북도 고창군 28082 20989 133 2369 18299 9 13 118 48 20856 505 19 		 
201212192001 전라북도 고창군 29359 21911 142 2497 19068 9 14 129 52 21769 922 20 		 
201212192003 전라북도 고창군 30437 22723 148 2595 19766 9 15 137 53 22575 812 21 		 
201212192004 전라북도 고창군 31893 23778 158 2678 20709 9 15 153 56 23620 1055 22 		 
201212192007 전라북도 고창군 32989 24554 166 2780 21356 9 15 169 59 24388 776 23 		 
201212192011 전라북도 고창군 34561 25748 172 2902 22397 10 21 182 64 25576 1194 24 		 
201212192012 전라북도 고창군 36202 26993 177 3050 23478 11 21 190 66 26816 1245 25 		 
201212192014 전라북도 고창군 37243 27783 196 3130 24155 14 22 199 67 27587 790 26 		 
201212192015 전라북도 고창군 38397 28640 207 3222 24888 17 23 211 72 28433 857 27 		 
201212192021 전라북도 고창군 39498 29426 218 3315 25553 17 24 221 78 29208 786 28 		 
201212192022 전라북도 고창군 40837 30396 231 3407 26393 21 26 237 81 30165 970 29 		 
201212192024 전라북도 고창군 42570 31658 245 3562 27452 21 28 258 92 31413 1262 30 		 
201212192028 전라북도 고창군 43889 32634 259 3651 28311 21 28 269 95 32375 976 31 		 
201212192039 전라북도 고창군 45501 33864 270 3827 29336 21 29 280 101 33594 1230 32 		 
201212192041 전라북도 고창군 47265 35162 275 3959 30477 23 29 292 107 34887 1298 33 		 
201212192043 전라북도 고창군 48410 36010 284 4051 31199 23 29 306 118 35726 848 34 		 
201212192045 전라북도 고창군 50439 37846 304 4328 32729 23 31 309 122 37542 1836 35 		 
