Time AreaA AreaB Total TotalA Invalid VoteA VoteB VoteC VoteD VoteE VoteF TotalB Diff Count
 			201212191926 			  			전라북도 			  			전주시덕진구 			  			821 			  			620 			  			1 			  			78 			  			534 			  			0 			  			1 			  			2 			  			4 			  			619 			  			620 			  			1 			 		 
 			201212191945 			  			전라북도 			  			전주시덕진구 			  			1569 			  			1147 			  			6 			  			143 			  			989 			  			0 			  			2 			  			3 			  			4 			  			1141 			  			527 			  			2 			 		 
 			201212191948 			  			전라북도 			  			전주시덕진구 			  			4702 			  			3629 			  			13 			  			388 			  			3212 			  			0 			  			4 			  			6 			  			6 			  			3616 			  			2482 			  			3 			 		 
 			201212191956 			  			전라북도 			  			전주시덕진구 			  			8137 			  			6081 			  			19 			  			727 			  			5312 			  			0 			  			6 			  			11 			  			6 			  			6062 			  			2452 			  			4 			 		 
 			201212191958 			  			전라북도 			  			전주시덕진구 			  			11239 			  			8660 			  			21 			  			1147 			  			7465 			  			0 			  			6 			  			14 			  			7 			  			8639 			  			2579 			  			5 			 		 
 			201212192002 			  			전라북도 			  			전주시덕진구 			  			12511 			  			9625 			  			24 			  			1230 			  			8337 			  			1 			  			9 			  			17 			  			7 			  			9601 			  			965 			  			6 			 		 
 			201212192006 			  			전라북도 			  			전주시덕진구 			  			18602 			  			14297 			  			30 			  			1756 			  			12467 			  			1 			  			11 			  			25 			  			7 			  			14267 			  			4672 			  			7 			 		 
 			201212192008 			  			전라북도 			  			전주시덕진구 			  			21576 			  			16666 			  			38 			  			2037 			  			14539 			  			1 			  			12 			  			30 			  			9 			  			16628 			  			2369 			  			8 			 		 
 			201212192009 			  			전라북도 			  			전주시덕진구 			  			24918 			  			19526 			  			42 			  			2302 			  			17124 			  			2 			  			16 			  			31 			  			9 			  			19484 			  			2860 			  			9 			 		 
 			201212192010 			  			전라북도 			  			전주시덕진구 			  			29956 			  			23847 			  			46 			  			2898 			  			20837 			  			2 			  			20 			  			34 			  			10 			  			23801 			  			4321 			  			10 			 		 
 			201212192011 			  			전라북도 			  			전주시덕진구 			  			32283 			  			25503 			  			49 			  			3094 			  			22288 			  			5 			  			20 			  			36 			  			11 			  			25454 			  			1656 			  			11 			 		 
 			201212192012 			  			전라북도 			  			전주시덕진구 			  			35157 			  			27658 			  			54 			  			3389 			  			24138 			  			5 			  			20 			  			39 			  			13 			  			27604 			  			2155 			  			12 			 		 
 			201212192013 			  			전라북도 			  			전주시덕진구 			  			38815 			  			30574 			  			60 			  			3751 			  			26675 			  			5 			  			24 			  			46 			  			13 			  			30514 			  			2916 			  			13 			 		 
 			201212192015 			  			전라북도 			  			전주시덕진구 			  			42124 			  			33296 			  			67 			  			4048 			  			29085 			  			5 			  			26 			  			51 			  			14 			  			33229 			  			2722 			  			14 			 		 
 			201212192016 			  			전라북도 			  			전주시덕진구 			  			49723 			  			39400 			  			76 			  			4603 			  			34607 			  			6 			  			31 			  			62 			  			15 			  			39324 			  			6104 			  			15 			 		 
 			201212192017 			  			전라북도 			  			전주시덕진구 			  			52893 			  			41772 			  			82 			  			4901 			  			36663 			  			6 			  			34 			  			68 			  			18 			  			41690 			  			2372 			  			16 			 		 
 			201212192024 			  			전라북도 			  			전주시덕진구 			  			55915 			  			43962 			  			86 			  			5254 			  			38486 			  			8 			  			36 			  			70 			  			22 			  			43876 			  			2190 			  			17 			 		 
 			201212192026 			  			전라북도 			  			전주시덕진구 			  			63054 			  			49608 			  			94 			  			5972 			  			43395 			  			9 			  			41 			  			74 			  			23 			  			49514 			  			5646 			  			18 			 		 
 			201212192028 			  			전라북도 			  			전주시덕진구 			  			69022 			  			54247 			  			132 			  			6445 			  			47492 			  			12 			  			44 			  			89 			  			33 			  			54115 			  			4639 			  			19 			 		 
 			201212192029 			  			전라북도 			  			전주시덕진구 			  			72190 			  			56638 			  			135 			  			6687 			  			49631 			  			12 			  			45 			  			93 			  			35 			  			56503 			  			2391 			  			20 			 		 
 			201212192030 			  			전라북도 			  			전주시덕진구 			  			77788 			  			61037 			  			144 			  			7125 			  			53567 			  			12 			  			50 			  			100 			  			39 			  			60893 			  			4399 			  			21 			 		 
 			201212192031 			  			전라북도 			  			전주시덕진구 			  			81781 			  			63973 			  			147 			  			7487 			  			56128 			  			13 			  			53 			  			104 			  			41 			  			63826 			  			2936 			  			22 			 		 
 			201212192053 			  			전라북도 			  			전주시덕진구 			  			87509 			  			68639 			  			165 			  			7947 			  			60305 			  			16 			  			56 			  			108 			  			42 			  			68474 			  			4666 			  			23 			 		 
 			201212192057 			  			전라북도 			  			전주시덕진구 			  			90117 			  			70796 			  			169 			  			8140 			  			62258 			  			16 			  			59 			  			112 			  			42 			  			70627 			  			2157 			  			24 			 		 
 			201212192058 			  			전라북도 			  			전주시덕진구 			  			92665 			  			72637 			  			173 			  			8365 			  			63865 			  			17 			  			59 			  			116 			  			42 			  			72464 			  			1841 			  			25 			 		 
 			201212192059 			  			전라북도 			  			전주시덕진구 			  			98625 			  			77334 			  			184 			  			8940 			  			67965 			  			17 			  			60 			  			124 			  			44 			  			77150 			  			4697 			  			26 			 		 
 			201212192100 			  			전라북도 			  			전주시덕진구 			  			105000 			  			82690 			  			191 			  			9747 			  			72490 			  			18 			  			63 			  			134 			  			47 			  			82499 			  			5356 			  			27 			 		 
 			201212192101 			  			전라북도 			  			전주시덕진구 			  			109485 			  			86114 			  			198 			  			10153 			  			75494 			  			18 			  			63 			  			139 			  			49 			  			85916 			  			3424 			  			28 			 		 
 			201212192103 			  			전라북도 			  			전주시덕진구 			  			112554 			  			88105 			  			203 			  			10347 			  			77282 			  			18 			  			65 			  			141 			  			49 			  			87902 			  			1991 			  			29 			 		 
 			201212192104 			  			전라북도 			  			전주시덕진구 			  			115954 			  			90663 			  			209 			  			10621 			  			79551 			  			19 			  			65 			  			148 			  			50 			  			90454 			  			2558 			  			30 			 		 
 			201212192106 			  			전라북도 			  			전주시덕진구 			  			118646 			  			92803 			  			212 			  			10841 			  			81463 			  			19 			  			65 			  			152 			  			51 			  			92591 			  			2140 			  			31 			 		 
 			201212192109 			  			전라북도 			  			전주시덕진구 			  			121674 			  			95388 			  			216 			  			11082 			  			83796 			  			19 			  			65 			  			156 			  			54 			  			95172 			  			2585 			  			32 			 		 
 			201212192111 			  			전라북도 			  			전주시덕진구 			  			124439 			  			97346 			  			221 			  			11331 			  			85496 			  			21 			  			66 			  			157 			  			54 			  			97125 			  			1958 			  			33 			 		 
 			201212192113 			  			전라북도 			  			전주시덕진구 			  			127644 			  			99911 			  			229 			  			11621 			  			87756 			  			21 			  			68 			  			161 			  			55 			  			99682 			  			2565 			  			34 			 		 
 			201212192116 			  			전라북도 			  			전주시덕진구 			  			131091 			  			102425 			  			235 			  			11903 			  			89971 			  			22 			  			70 			  			166 			  			58 			  			102190 			  			2514 			  			35 			 		 
 			201212192122 			  			전라북도 			  			전주시덕진구 			  			134900 			  			105707 			  			240 			  			12249 			  			92897 			  			22 			  			70 			  			170 			  			59 			  			105467 			  			3282 			  			36 			 		 
 			201212192123 			  			전라북도 			  			전주시덕진구 			  			138576 			  			108424 			  			247 			  			12527 			  			95314 			  			24 			  			75 			  			174 			  			63 			  			108177 			  			2717 			  			37 			 		 
 			201212192124 			  			전라북도 			  			전주시덕진구 			  			140349 			  			109697 			  			250 			  			12681 			  			96428 			  			24 			  			75 			  			175 			  			64 			  			109447 			  			1273 			  			38 			 		 
 			201212192126 			  			전라북도 			  			전주시덕진구 			  			144192 			  			112960 			  			257 			  			13029 			  			99324 			  			25 			  			78 			  			181 			  			66 			  			112703 			  			3263 			  			39 			 		 
 			201212192130 			  			전라북도 			  			전주시덕진구 			  			148659 			  			116737 			  			261 			  			13487 			  			102630 			  			25 			  			80 			  			188 			  			66 			  			116476 			  			3777 			  			40 			 		 
 			201212192131 			  			전라북도 			  			전주시덕진구 			  			152028 			  			119443 			  			269 			  			13907 			  			104903 			  			26 			  			80 			  			192 			  			66 			  			119174 			  			2706 			  			41 			 		 
 			201212192138 			  			전라북도 			  			전주시덕진구 			  			156137 			  			122374 			  			271 			  			14191 			  			107543 			  			26 			  			82 			  			194 			  			67 			  			122103 			  			2931 			  			42 			 		 
 			201212192140 			  			전라북도 			  			전주시덕진구 			  			159867 			  			125262 			  			276 			  			14476 			  			110129 			  			27 			  			87 			  			199 			  			68 			  			124986 			  			2888 			  			43 			 		 
 			201212192142 			  			전라북도 			  			전주시덕진구 			  			163895 			  			128731 			  			283 			  			14891 			  			113162 			  			27 			  			91 			  			206 			  			71 			  			128448 			  			3469 			  			44 			 		 
 			201212192143 			  			전라북도 			  			전주시덕진구 			  			169830 			  			133457 			  			291 			  			15410 			  			117344 			  			27 			  			96 			  			211 			  			78 			  			133166 			  			4726 			  			45 			 		 
 			201212192144 			  			전라북도 			  			전주시덕진구 			  			172893 			  			135834 			  			294 			  			15716 			  			119409 			  			27 			  			97 			  			213 			  			78 			  			135540 			  			2377 			  			46 			 		 
 			201212192145 			  			전라북도 			  			전주시덕진구 			  			174977 			  			137417 			  			297 			  			15980 			  			120719 			  			27 			  			99 			  			216 			  			79 			  			137120 			  			1583 			  			47 			 		 
 			201212192200 			  			전라북도 			  			전주시덕진구 			  			178404 			  			140169 			  			304 			  			16348 			  			123090 			  			27 			  			99 			  			221 			  			80 			  			139865 			  			2752 			  			48 			 		 
 			201212192201 			  			전라북도 			  			전주시덕진구 			  			182281 			  			143272 			  			310 			  			16655 			  			125875 			  			28 			  			99 			  			225 			  			80 			  			142962 			  			3103 			  			49 			 		 
 			201212192202 			  			전라북도 			  			전주시덕진구 			  			185493 			  			145585 			  			313 			  			16918 			  			127914 			  			29 			  			100 			  			228 			  			83 			  			145272 			  			2313 			  			50 			 		 
 			201212192204 			  			전라북도 			  			전주시덕진구 			  			191948 			  			150928 			  			321 			  			17507 			  			132647 			  			29 			  			101 			  			237 			  			86 			  			150607 			  			5343 			  			51 			 		 
 			201212192206 			  			전라북도 			  			전주시덕진구 			  			196487 			  			154772 			  			328 			  			17937 			  			136044 			  			29 			  			103 			  			244 			  			87 			  			154444 			  			3844 			  			52 			 		 
 			201212192207 			  			전라북도 			  			전주시덕진구 			  			200395 			  			157416 			  			335 			  			18228 			  			138385 			  			29 			  			104 			  			246 			  			89 			  			157081 			  			2644 			  			53 			 		 
 			201212192212 			  			전라북도 			  			전주시덕진구 			  			204360 			  			160663 			  			341 			  			18525 			  			141325 			  			30 			  			106 			  			247 			  			89 			  			160322 			  			3247 			  			54 			 		 
 			201212192219 			  			전라북도 			  			전주시덕진구 			  			208069 			  			163580 			  			345 			  			18800 			  			143959 			  			30 			  			107 			  			248 			  			91 			  			163235 			  			2917 			  			55 			 		 
 			201212192222 			  			전라북도 			  			전주시덕진구 			  			211466 			  			166493 			  			357 			  			19168 			  			146482 			  			32 			  			108 			  			254 			  			92 			  			166136 			  			2913 			  			56 			 		 
 			201212192238 			  			전라북도 			  			전주시덕진구 			  			217955 			  			172431 			  			420 			  			20283 			  			151196 			  			39 			  			117 			  			268 			  			108 			  			172011 			  			5938 			  			57 			 		 
