Time AreaA AreaB Total TotalA Invalid VoteA VoteB VoteC VoteD VoteE VoteF TotalB Diff Count
201212191935 전라남도 목포시 479 324 2 47 274 0 0 0 1 322 324 1 		 
201212191947 전라남도 목포시 2470 1813 5 149 1653 0 0 3 3 1808 1489 2 		 
201212192000 전라남도 목포시 5075 4012 7 305 3687 1 0 6 6 4005 2199 3 		 
201212192003 전라남도 목포시 7156 5629 8 417 5186 1 1 9 7 5621 1617 4 		 
201212192005 전라남도 목포시 9518 7299 18 571 6677 3 4 17 9 7281 1670 5 		 
201212192007 전라남도 목포시 11902 9056 25 713 8283 3 5 18 9 9031 1757 6 		 
201212192010 전라남도 목포시 14041 10658 32 849 9738 3 5 21 10 10626 1602 7 		 
201212192011 전라남도 목포시 18184 13885 41 1067 12726 3 6 27 15 13844 3227 8 		 
201212192024 전라남도 목포시 21106 15923 45 1245 14573 4 6 32 18 15878 2038 9 		 
201212192025 전라남도 목포시 24455 18673 56 1376 17172 4 7 35 23 18617 2750 10 		 
201212192027 전라남도 목포시 25712 19555 58 1461 17965 4 8 35 24 19497 882 11 		 
201212192028 전라남도 목포시 28945 22105 61 1616 20347 4 9 41 27 22044 2550 12 		 
201212192030 전라남도 목포시 30909 23543 65 1729 21663 5 9 45 27 23478 1438 13 		 
201212192032 전라남도 목포시 33434 25585 69 1895 23529 6 10 47 29 25516 2042 14 		 
201212192034 전라남도 목포시 36104 27579 74 2028 25379 6 12 47 33 27505 1994 15 		 
201212192037 전라남도 목포시 38280 29222 77 2145 26895 6 13 49 37 29145 1643 16 		 
201212192038 전라남도 목포시 41128 31179 82 2313 28670 6 13 55 40 31097 1957 17 		 
201212192039 전라남도 목포시 44642 33907 85 2499 31202 6 15 57 43 33822 2728 18 		 
201212192045 전라남도 목포시 47530 36087 92 2701 33163 6 17 62 46 35995 2180 19 		 
201212192047 전라남도 목포시 50624 38246 95 2901 35112 6 18 64 50 38151 2159 20 		 
201212192049 전라남도 목포시 54410 40725 104 3124 37349 7 19 72 50 40621 2479 21 		 
201212192051 전라남도 목포시 56301 42045 110 3255 38526 7 19 76 52 41935 1320 22 		 
201212192052 전라남도 목포시 60347 45294 115 3495 41521 8 22 80 53 45179 3249 23 		 
201212192102 전라남도 목포시 62656 47151 120 3625 43240 8 22 83 53 47031 1857 24 		 
201212192104 전라남도 목포시 65358 49087 121 3807 44987 8 23 86 55 48966 1936 25 		 
201212192105 전라남도 목포시 70393 53259 127 4122 48831 9 26 88 56 53132 4172 26 		 
201212192106 전라남도 목포시 73971 56066 136 4334 51409 9 30 90 58 55930 2807 27 		 
201212192107 전라남도 목포시 76716 58231 141 4479 53417 9 30 95 60 58090 2165 28 		 
201212192109 전라남도 목포시 79734 60360 154 4697 55303 9 31 105 61 60206 2129 29 		 
201212192110 전라남도 목포시 81926 61885 164 4841 56671 9 31 108 61 61721 1525 30 		 
201212192112 전라남도 목포시 83736 63085 169 4948 57752 9 32 111 64 62916 1200 31 		 
201212192113 전라남도 목포시 85810 64583 175 5064 59123 9 32 116 64 64408 1498 32 		 
201212192114 전라남도 목포시 88714 66625 183 5256 60950 10 33 121 72 66442 2042 33 		 
201212192115 전라남도 목포시 91822 68933 190 5482 63019 10 35 124 73 68743 2308 34 		 
201212192117 전라남도 목포시 94214 70747 195 5648 64655 10 36 127 76 70552 1814 35 		 
201212192118 전라남도 목포시 96935 72545 197 5775 66322 10 36 129 76 72348 1798 36 		 
201212192119 전라남도 목포시 99588 74355 206 5943 67948 11 36 133 78 74149 1810 37 		 
201212192120 전라남도 목포시 102139 76289 213 6085 69727 12 38 136 78 76076 1934 38 		 
201212192121 전라남도 목포시 105006 78219 220 6254 71474 13 39 140 79 77999 1930 39 		 
201212192123 전라남도 목포시 107607 80308 225 6384 73423 13 40 144 79 80083 2089 40 		 
201212192124 전라남도 목포시 111426 83331 230 6679 76140 13 41 147 81 83101 3023 41 		 
201212192126 전라남도 목포시 114373 85848 232 6917 78416 13 41 148 81 85616 2517 42 		 
201212192131 전라남도 목포시 117216 87965 239 7092 80351 13 41 148 81 87726 2117 43 		 
201212192135 전라남도 목포시 121208 90594 242 7322 82741 13 42 151 83 90352 2629 44 		 
201212192148 전라남도 목포시 124319 92912 253 7520 84845 14 42 154 84 92659 2318 45 		 
201212192150 전라남도 목포시 132622 99604 261 8068 90968 16 45 160 86 99343 6692 46 		 
201212192152 전라남도 목포시 135203 101481 263 8199 92707 16 46 162 88 101218 1877 47 		 
201212192153 전라남도 목포시 138460 103749 281 8375 94772 16 46 168 91 103468 2268 48 		 
201212192154 전라남도 목포시 142197 106819 284 8573 97634 16 46 172 94 106535 3070 49 		 
201212192156 전라남도 목포시 146251 110080 293 8875 100574 16 46 179 97 109787 3261 50 		 
201212192157 전라남도 목포시 146461 110226 293 8881 100713 16 46 179 98 109933 146 51 		 
201212192158 전라남도 목포시 149881 113069 296 9118 103307 16 49 184 99 112773 2843 52 		 
201212192159 전라남도 목포시 152946 115603 298 9323 105633 16 49 184 100 115305 2534 53 		 
201212192200 전라남도 목포시 153149 115729 299 9328 105751 16 49 185 101 115430 126 54 		 
201212192201 전라남도 목포시 155571 117278 312 9437 107165 17 50 192 105 116966 1549 55 		 
201212192203 전라남도 목포시 158934 119758 321 9632 109434 17 51 198 105 119437 2480 56 		 
201212192204 전라남도 목포시 161356 121620 323 9828 111090 17 52 203 107 121297 1862 57 		 
201212192206 전라남도 목포시 164255 123834 327 9984 113140 17 53 205 108 123507 2214 58 		 
201212192216 전라남도 목포시 167936 126501 335 10203 115575 17 53 208 110 126166 2667 59 		 
201212192218 전라남도 목포시 170639 128660 338 10361 117564 17 56 212 112 128322 2159 60 		 
201212192225 전라남도 목포시 173999 131031 348 10603 119679 17 57 215 112 130683 2371 61 		 
201212192227 전라남도 목포시 176635 132744 353 10790 121192 17 58 218 116 132391 1713 62 		 
201212192234 전라남도 목포시 176964 132942 355 10824 121349 17 59 219 119 132587 198 63 		 
201212192236 전라남도 목포시 183626 139040 459 11789 126311 22 75 239 145 138581 6098 64 		 
201212192240 전라남도 목포시 186587 141368 465 11971 128448 22 75 242 145 140903 2328 65 		 
