Time AreaA AreaB Total TotalA Invalid VoteA VoteB VoteC VoteD VoteE VoteF TotalB Diff Count
201212191927 전라남도 곡성군 1734 1366 5 187 1169 0 1 3 1 1361 1366 1 		 
201212191928 전라남도 곡성군 3240 2478 13 346 2106 0 1 9 3 2465 1112 2 		 
201212191933 전라남도 곡성군 4420 3384 20 419 2919 2 2 14 8 3364 906 3 		 
201212191939 전라남도 곡성군 5583 4295 29 506 3718 3 2 24 13 4266 911 4 		 
201212191944 전라남도 곡성군 7189 5527 46 651 4766 4 2 41 17 5481 1232 5 		 
201212191946 전라남도 곡성군 8352 6581 57 784 5668 5 4 45 18 6524 1054 6 		 
201212191948 전라남도 곡성군 10215 8049 67 954 6944 5 4 52 23 7982 1468 7 		 
201212191958 전라남도 곡성군 12535 9915 89 1101 8626 6 5 64 24 9826 1866 8 		 
201212191959 전라남도 곡성군 12624 9983 90 1122 8671 7 5 64 24 9893 68 9 		 
201212192005 전라남도 곡성군 14894 11718 107 1312 10178 7 6 74 34 11611 1735 10 		 
201212192011 전라남도 곡성군 16026 12574 120 1383 10942 7 6 78 38 12454 856 11 		 
201212192013 전라남도 곡성군 18021 14133 140 1571 12268 9 8 87 50 13993 1559 12 		 
201212192016 전라남도 곡성군 19405 15184 152 1680 13179 9 8 95 61 15032 1051 13 		 
201212192019 전라남도 곡성군 21084 16485 174 1804 14324 9 8 98 68 16311 1301 14 		 
201212192022 전라남도 곡성군 22801 17810 186 1939 15477 12 8 113 75 17624 1325 15 		 
201212192026 전라남도 곡성군 25004 19508 193 2060 17032 13 9 119 82 19315 1698 16 		 
201212192028 전라남도 곡성군 26346 20504 203 2255 17810 14 10 127 85 20301 996 17 		 
