Time AreaA AreaB Total TotalA Invalid VoteA VoteB VoteC VoteD VoteE VoteF TotalB Diff Count
201212191905 전라남도 영암군 148 95 0 32 63 0 0 0 0 95 95 1 		 
201212191914 전라남도 영암군 909 704 3 113 580 2 2 4 0 701 609 2 		 
201212191918 전라남도 영암군 2109 1589 11 210 1352 3 3 7 3 1578 885 3 		 
201212191926 전라남도 영암군 3134 2357 20 298 2015 3 4 11 6 2337 768 4 		 
201212191946 전라남도 영암군 4531 3418 25 439 2923 4 4 16 7 3393 1061 5 		 
201212191947 전라남도 영암군 6191 4593 30 585 3942 4 4 19 9 4563 1175 6 		 
201212191949 전라남도 영암군 8022 5968 38 699 5188 4 5 23 11 5930 1375 7 		 
201212191952 전라남도 영암군 9143 6818 40 781 5946 5 5 28 13 6778 850 8 		 
201212191957 전라남도 영암군 10415 7840 45 906 6834 7 5 29 14 7795 1022 9 		 
201212191959 전라남도 영암군 11994 9047 51 1037 7900 7 5 31 16 8996 1207 10 		 
201212192002 전라남도 영암군 13029 9835 56 1140 8576 7 6 31 19 9779 788 11 		 
201212192004 전라남도 영암군 14085 10647 61 1213 9302 7 8 35 21 10586 812 12 		 
201212192007 전라남도 영암군 15265 11532 76 1301 10071 10 9 41 24 11456 885 13 		 
201212192009 전라남도 영암군 17624 13170 92 1420 11565 10 9 43 31 13078 1638 14 		 
201212192011 전라남도 영암군 18049 13499 98 1444 11860 10 9 45 33 13401 329 15 		 
201212192014 전라남도 영암군 19569 14652 106 1564 12882 10 9 48 33 14546 1153 16 		 
201212192016 전라남도 영암군 21037 15694 113 1691 13785 10 9 51 35 15581 1042 17 		 
201212192018 전라남도 영암군 23059 17191 126 1901 15051 12 10 55 36 17065 1497 18 		 
201212192020 전라남도 영암군 23984 17887 131 1950 15683 13 11 58 41 17756 696 19 		 
201212192023 전라남도 영암군 25284 18846 138 2039 16536 13 11 64 45 18708 959 20 		 
201212192026 전라남도 영암군 26012 19396 146 2085 17028 13 11 66 47 19250 550 21 		 
201212192041 전라남도 영암군 26641 19886 154 2121 17472 15 11 66 47 19732 490 22 		 
201212192043 전라남도 영암군 28112 20964 172 2216 18427 16 11 71 51 20792 1078 23 		 
201212192046 전라남도 영암군 30393 22719 176 2450 19939 16 13 73 52 22543 1755 24 		 
201212192049 전라남도 영암군 32332 24163 191 2657 21148 17 13 78 59 23972 1444 25 		 
201212192051 전라남도 영암군 34281 25643 207 2814 22427 20 14 91 70 25436 1480 26 		 
201212192058 전라남도 영암군 37720 28010 218 3069 24524 20 15 93 71 27792 2367 27 		 
201212192101 전라남도 영암군 42441 31309 231 3391 27484 20 15 96 72 31078 3299 28 		 
201212192104 전라남도 영암군 43774 32237 236 3506 28287 20 15 100 73 32001 928 29 		 
201212192107 전라남도 영암군 46437 34316 240 3699 30161 20 18 102 76 34076 2079 30 		 
201212192117 전라남도 영암군 48344 36081 294 3965 31577 28 24 107 86 35787 1765 31 		 
