Time AreaA AreaB Total TotalA Invalid VoteA VoteB VoteC VoteD VoteE VoteF TotalB Diff Count
201212191916 전라남도 나주시 259 176 0 45 128 1 0 0 2 176 176 1 		 
201212191939 전라남도 나주시 1789 1269 6 144 1112 1 0 2 4 1263 1093 2 		 
201212191941 전라남도 나주시 2287 1640 8 189 1429 1 1 6 6 1632 371 3 		 
201212191950 전라남도 나주시 4895 3698 10 352 3317 3 1 8 7 3688 2058 4 		 
201212191956 전라남도 나주시 6762 5011 18 475 4488 4 2 13 11 4993 1313 5 		 
201212191958 전라남도 나주시 7647 5716 26 526 5128 5 2 16 13 5690 705 6 		 
201212191959 전라남도 나주시 9283 6929 30 645 6213 5 2 18 16 6899 1213 7 		 
201212192000 전라남도 나주시 12095 9004 36 839 8082 7 2 22 16 8968 2075 8 		 
201212192004 전라남도 나주시 13725 10276 49 960 9208 9 2 26 22 10227 1272 9 		 
201212192005 전라남도 나주시 15726 11810 53 1164 10529 9 2 29 24 11757 1534 10 		 
201212192007 전라남도 나주시 18975 14185 68 1394 12646 12 3 33 29 14117 2375 11 		 
201212192008 전라남도 나주시 20822 15672 70 1532 13986 12 3 36 33 15602 1487 12 		 
201212192011 전라남도 나주시 23085 17419 86 1672 15559 12 5 48 37 17333 1747 13 		 
201212192014 전라남도 나주시 25202 18957 90 1866 16889 13 6 51 42 18867 1538 14 		 
201212192018 전라남도 나주시 25963 19536 90 1934 17399 13 6 52 42 19446 579 15 		 
201212192023 전라남도 나주시 27120 20374 97 2009 18145 13 9 57 44 20277 838 16 		 
201212192032 전라남도 나주시 29232 21996 108 2114 19634 14 10 67 49 21888 1622 17 		 
201212192033 전라남도 나주시 31197 23535 112 2240 21031 15 10 73 54 23423 1539 18 		 
201212192035 전라남도 나주시 32808 24804 119 2327 22199 16 10 77 56 24685 1269 19 		 
201212192039 전라남도 나주시 35488 26883 131 2491 24077 19 11 90 64 26752 2079 20 		 
201212192052 전라남도 나주시 38391 29068 150 2682 26031 20 11 101 73 28918 2185 21 		 
201212192054 전라남도 나주시 41181 31142 178 2832 27900 23 14 111 84 30964 2074 22 		 
201212192102 전라남도 나주시 44113 33433 192 2979 30015 25 16 119 87 33241 2291 23 		 
201212192103 전라남도 나주시 46011 34936 199 3118 31364 26 16 125 88 34737 1503 24 		 
201212192105 전라남도 나주시 48851 37037 219 3285 33263 26 17 132 95 36818 2101 25 		 
201212192106 전라남도 나주시 50456 38257 229 3373 34369 26 18 141 101 38028 1220 26 		 
201212192117 전라남도 나주시 53220 40355 236 3501 36320 28 19 150 101 40119 2098 27 		 
201212192120 전라남도 나주시 56571 42931 262 3675 38663 31 20 174 106 42669 2576 28 		 
201212192123 전라남도 나주시 58279 44278 273 3788 39868 31 22 185 111 44005 1347 29 		 
201212192126 전라남도 나주시 59703 45287 282 3908 40746 31 22 187 111 45005 1009 30 		 
201212192128 전라남도 나주시 61202 46460 288 4011 41801 32 22 193 113 46172 1173 31 		 
201212192132 전라남도 나주시 65212 49993 372 4449 44721 57 40 209 145 49621 3533 32 		 
201212192134 전라남도 나주시 68329 52345 394 4606 46868 59 41 229 148 51951 2352 33 		 
201212192139 전라남도 나주시 69520 53285 401 4664 47733 60 41 232 154 52884 940 34 		 
201212192140 전라남도 나주시 70825 54298 410 4762 48627 62 41 237 159 53888 1013 35 		 
201212192142 전라남도 나주시 74091 57053 415 4984 51150 62 41 242 159 56638 2755 36 		 
