Time AreaA AreaB Total TotalA Invalid VoteA VoteB VoteC VoteD VoteE VoteF TotalB Diff Count
201212191941 전라남도 신안군 112 78 0 23 53 0 2 0 0 78 78 1 		 
201212192001 전라남도 신안군 1559 1117 7 155 941 3 3 6 2 1110 1039 2 		 
201212192006 전라남도 신안군 2476 1815 9 262 1524 4 3 9 4 1806 698 3 		 
201212192014 전라남도 신안군 3755 2779 14 361 2375 5 4 13 7 2765 964 4 		 
201212192015 전라남도 신안군 3987 2934 16 377 2512 5 4 13 7 2918 155 5 		 
201212192016 전라남도 신안군 4236 3084 21 387 2646 6 4 13 7 3063 150 6 		 
201212192017 전라남도 신안군 4352 3161 22 395 2714 6 4 13 7 3139 77 7 		 
201212192018 전라남도 신안군 5113 3721 29 437 3214 7 5 21 8 3692 560 8 		 
201212192028 전라남도 신안군 5899 4293 37 487 3717 7 5 28 12 4256 572 9 		 
201212192031 전라남도 신안군 6655 4782 39 541 4142 8 6 31 15 4743 489 10 		 
201212192032 전라남도 신안군 6897 4946 41 563 4279 8 6 32 17 4905 164 11 		 
201212192036 전라남도 신안군 7574 5447 45 609 4722 8 7 36 20 5402 501 12 		 
201212192041 전라남도 신안군 9893 7088 61 752 6185 10 8 47 25 7027 1641 13 		 
201212192042 전라남도 신안군 10213 7296 62 769 6373 10 8 49 25 7234 208 14 		 
201212192047 전라남도 신안군 11613 8351 70 871 7309 11 10 51 29 8281 1055 15 		 
201212192128 전라남도 신안군 11969 8587 73 885 7523 11 10 56 29 8514 236 16 		 
201212192129 전라남도 신안군 12472 8923 81 923 7807 11 11 59 31 8842 336 17 		 
201212192147 전라남도 신안군 12881 9211 82 948 8064 11 11 61 34 9129 288 18 		 
201212192149 전라남도 신안군 13635 9747 86 1050 8478 12 11 73 37 9661 536 19 		 
201212192150 전라남도 신안군 15503 11064 97 1157 9662 13 13 79 43 10967 1317 20 		 
201212192151 전라남도 신안군 15640 11128 97 1158 9723 13 13 79 45 11031 64 21 		 
201212192153 전라남도 신안군 16144 11459 104 1217 9979 13 13 86 47 11355 331 22 		 
201212192154 전라남도 신안군 17581 12434 118 1358 10780 14 15 97 52 12316 975 23 		 
201212192213 전라남도 신안군 17737 12547 119 1366 10884 14 15 97 52 12428 113 24 		 
201212192214 전라남도 신안군 19037 13460 127 1464 11677 14 16 104 58 13333 913 25 		 
201212192216 전라남도 신안군 19585 13857 131 1484 12046 15 16 107 58 13726 397 26 		 
201212192218 전라남도 신안군 21088 14868 143 1589 12934 15 17 111 59 14725 1011 27 		 
201212192230 전라남도 신안군 21994 15512 152 1669 13471 15 20 121 64 15360 644 28 		 
201212192231 전라남도 신안군 23040 16269 166 1754 14113 18 22 129 67 16103 757 29 		 
201212192232 전라남도 신안군 23320 16454 168 1765 14284 18 22 129 68 16286 185 30 		 
201212192235 전라남도 신안군 23904 16842 174 1848 14579 19 22 131 69 16668 388 31 		 
201212192236 전라남도 신안군 24007 16912 175 1851 14643 20 23 131 69 16737 70 32 		 
201212192237 전라남도 신안군 26424 19041 201 2063 16524 22 27 132 72 18840 2129 33 		 
201212192240 전라남도 신안군 27293 19600 209 2112 17014 23 28 140 74 19391 559 34 		 
201212192244 전라남도 신안군 28780 20582 219 2264 17823 24 29 145 78 20363 982 35 		 
201212192253 전라남도 신안군 29470 21024 222 2303 18211 25 29 154 80 20802 442 36 		 
201212192349 전라남도 신안군 29666 21093 222 2304 18278 25 29 155 80 20871 69 37 		 
201212192351 전라남도 신안군 29737 21128 224 2307 18308 25 29 155 80 20904 35 38 		 
201212192354 전라남도 신안군 30151 21357 228 2338 18498 25 29 156 83 21129 229 39 		 
201212200013 전라남도 신안군 30367 21499 230 2349 18619 25 31 162 83 21269 142 40 		 
201212200017 전라남도 신안군 30700 21677 232 2365 18778 25 32 162 83 21445 178 41 		 
201212200025 전라남도 신안군 31428 22180 238 2422 19210 27 33 165 85 21942 503 42 		 
201212200026 전라남도 신안군 33003 23091 247 2563 19960 27 35 170 89 22844 911 43 		 
201212200027 전라남도 신안군 33120 23166 247 2567 20029 27 35 170 91 22919 75 44 		 
201212200028 전라남도 신안군 33186 23201 247 2575 20055 27 35 171 91 22954 35 45 		 
201212200029 전라남도 신안군 33420 23349 249 2586 20186 27 35 173 93 23100 148 46 		 
201212200030 전라남도 신안군 34981 24448 272 2705 21132 27 37 178 97 24176 1099 47 		 
201212200031 전라남도 신안군 35164 24546 273 2725 21209 27 37 178 97 24273 98 48 		 
201212200035 전라남도 신안군 35553 24770 275 2737 21418 27 37 179 97 24495 224 49 		 
201212200039 전라남도 신안군 36320 25299 283 2793 21878 27 38 182 98 25016 529 50 		 
201212200040 전라남도 신안군 37132 25897 286 2850 22404 27 40 189 101 25611 598 51 		 
201212200041 전라남도 신안군 38661 26961 295 2950 23345 28 41 197 105 26666 1064 52 		 
