Time AreaA AreaB Total TotalA Invalid VoteA VoteB VoteC VoteD VoteE VoteF TotalB Diff Count
201212191853 전라남도 고흥군 204 133 0 46 86 0 1 0 0 133 133 1 		 
201212191930 전라남도 고흥군 1446 1086 7 145 927 1 1 2 3 1079 953 2 		 
201212191932 전라남도 고흥군 3902 2980 13 327 2622 1 3 7 7 2967 1894 3 		 
201212191937 전라남도 고흥군 4754 3631 15 421 3173 1 5 9 7 3616 651 4 		 
201212191945 전라남도 고흥군 5415 4128 18 461 3621 2 5 13 8 4110 497 5 		 
201212192002 전라남도 고흥군 7968 6082 46 648 5345 2 5 23 13 6036 1954 6 		 
201212192003 전라남도 고흥군 10570 8060 52 884 7066 4 5 32 17 8008 1978 7 		 
201212192004 전라남도 고흥군 11193 8536 56 918 7497 4 6 36 19 8480 476 8 		 
201212192005 전라남도 고흥군 12590 9593 70 1049 8396 5 8 42 23 9523 1057 9 		 
201212192012 전라남도 고흥군 13223 10094 75 1107 8827 5 8 46 26 10019 501 10 		 
201212192014 전라남도 고흥군 14293 10951 82 1168 9614 5 8 48 26 10869 857 11 		 
201212192016 전라남도 고흥군 15941 12235 92 1280 10756 7 8 58 34 12143 1284 12 		 
201212192017 전라남도 고흥군 16812 12848 104 1333 11298 7 8 62 36 12744 613 13 		 
201212192018 전라남도 고흥군 18174 13895 121 1419 12228 9 8 72 38 13774 1047 14 		 
201212192020 전라남도 고흥군 18732 14327 127 1456 12609 10 8 76 41 14200 432 15 		 
201212192027 전라남도 고흥군 21235 16164 139 1673 14206 10 11 84 41 16025 1837 16 		 
201212192028 전라남도 고흥군 23444 17862 152 1864 15689 10 13 90 44 17710 1698 17 		 
201212192030 전라남도 고흥군 25233 19220 175 2007 16867 12 13 97 49 19045 1358 18 		 
201212192035 전라남도 고흥군 26852 20403 200 2106 17899 12 17 112 57 20203 1183 19 		 
201212192037 전라남도 고흥군 27855 21188 211 2182 18589 12 17 116 61 20977 785 20 		 
201212192040 전라남도 고흥군 28412 21553 212 2235 18887 13 17 123 66 21341 365 21 		 
201212192041 전라남도 고흥군 29499 22345 222 2329 19564 14 17 128 71 22123 792 22 		 
201212192043 전라남도 고흥군 29715 22531 225 2338 19737 14 17 128 72 22306 186 23 		 
201212192044 전라남도 고흥군 30219 22962 226 2608 19895 14 17 128 74 22736 431 24 		 
201212192047 전라남도 고흥군 30765 23349 228 2659 20226 14 17 129 76 23121 387 25 		 
201212192048 전라남도 고흥군 30865 23428 229 2668 20293 14 17 131 76 23199 79 26 		 
201212192049 전라남도 고흥군 31668 24053 235 2731 20833 14 18 135 87 23818 625 27 		 
201212192050 전라남도 고흥군 34163 26294 273 3185 22569 15 21 139 92 26021 2241 28 		 
201212192051 전라남도 고흥군 36092 27683 277 3324 23811 16 21 139 95 27406 1389 29 		 
201212192052 전라남도 고흥군 37808 28968 292 3477 24906 16 22 153 102 28676 1285 30 		 
201212192055 전라남도 고흥군 38309 29347 297 3498 25251 17 22 159 103 29050 379 31 		 
201212192057 전라남도 고흥군 39022 29883 310 3561 25699 18 23 165 107 29573 536 32 		 
201212192059 전라남도 고흥군 39865 30505 324 3613 26239 19 24 175 111 30181 622 33 		 
201212192101 전라남도 고흥군 42366 32398 346 3762 27936 20 26 193 115 32052 1893 34 		 
201212192105 전라남도 고흥군 42953 32853 355 3806 28326 20 27 200 119 32498 455 35 		 
201212192106 전라남도 고흥군 44399 33908 366 3929 29227 21 27 208 130 33542 1055 36 		 
201212192114 전라남도 고흥군 45774 34889 374 4107 30010 22 27 216 133 34515 981 37 		 
201212192117 전라남도 고흥군 46582 35500 382 4140 30571 23 28 221 135 35118 611 38 		 
201212192118 전라남도 고흥군 49504 37715 391 4347 32565 25 28 223 136 37324 2215 39 		 
201212192132 전라남도 고흥군 51901 39515 412 4514 34168 26 29 228 138 39103 1800 40 		 
201212192134 전라남도 고흥군 53429 40693 426 4611 35224 27 30 234 141 40267 1178 41 		 
201212192138 전라남도 고흥군 55208 42067 445 4712 36461 27 30 245 147 41622 1374 42 		 
201212192141 전라남도 고흥군 56309 42936 455 4780 37240 27 31 251 152 42481 869 43 		 
201212192148 전라남도 고흥군 57801 44056 470 4915 38192 28 31 265 155 43586 1120 44 		 
201212192202 전라남도 고흥군 60274 45909 500 5078 39834 28 31 274 164 45409 1853 45 		 
201212192210 전라남도 고흥군 62117 47363 516 5193 41139 29 31 284 171 46847 1454 46 		 
