Time AreaA AreaB Total TotalA Invalid VoteA VoteB VoteC VoteD VoteE VoteF TotalB Diff Count
201212191925 전라남도 장흥군 145 99 1 32 64 0 0 2 0 98 99 1 		 
201212191932 전라남도 장흥군 903 681 10 96 564 2 0 6 3 671 582 2 		 
201212191934 전라남도 장흥군 4900 3574 22 439 3090 3 3 13 4 3552 2893 3 		 
201212191936 전라남도 장흥군 6128 4483 32 521 3894 3 4 22 7 4451 909 4 		 
201212191942 전라남도 장흥군 8980 6753 39 760 5905 4 5 28 12 6714 2270 5 		 
201212191944 전라남도 장흥군 10576 7954 57 869 6959 4 6 41 18 7897 1201 6 		 
201212191946 전라남도 장흥군 12623 9471 70 998 8322 4 6 50 21 9401 1517 7 		 
201212191947 전라남도 장흥군 13254 9948 76 1046 8738 4 6 56 22 9872 477 8 		 
201212191951 전라남도 장흥군 14807 11075 87 1161 9725 6 8 64 24 10988 1127 9 		 
201212191954 전라남도 장흥군 16258 12165 99 1239 10715 7 8 71 26 12066 1090 10 		 
201212191958 전라남도 장흥군 18528 13897 109 1403 12246 11 13 84 31 13788 1732 11 		 
201212192001 전라남도 장흥군 19032 14307 114 1429 12615 14 14 86 35 14193 410 12 		 
201212192004 전라남도 장흥군 20106 15117 121 1563 13275 14 14 93 37 14996 810 13 		 
201212192005 전라남도 장흥군 22893 17197 152 1836 15022 15 15 109 48 17045 2080 14 		 
201212192024 전라남도 장흥군 25118 18918 162 1997 16568 15 15 111 50 18756 1721 15 		 
201212192026 전라남도 장흥군 26594 20074 173 2105 17591 16 17 119 53 19901 1156 16 		 
201212192029 전라남도 장흥군 29339 22174 195 2335 19407 18 17 143 59 21979 2100 17 		 
201212192031 전라남도 장흥군 30720 23236 201 2417 20363 19 17 154 65 23035 1062 18 		 
201212192032 전라남도 장흥군 33365 25264 218 2631 22129 19 18 172 77 25046 2028 19 		 
201212192035 전라남도 장흥군 35194 26817 245 2808 23468 21 18 175 82 26572 1553 20 		 
