Time AreaA AreaB Total TotalA Invalid VoteA VoteB VoteC VoteD VoteE VoteF TotalB Diff Count
201212191929 전라북도 남원시 188 148 1 33 114 0 0 0 0 147 148 1 		 
201212191935 전라북도 남원시 1825 1450 13 214 1222 0 0 1 0 1437 1302 2 		 
201212192009 전라북도 남원시 4372 3416 30 468 2910 1 1 5 1 3386 1966 3 		 
201212192011 전라북도 남원시 6435 5031 54 616 4332 2 3 18 6 4977 1615 4 		 
201212192018 전라북도 남원시 8481 6639 71 790 5739 2 5 21 11 6568 1608 5 		 
201212192019 전라북도 남원시 10243 7960 87 945 6869 5 7 32 15 7873 1321 6 		 
201212192027 전라북도 남원시 12088 9372 105 1126 8069 6 9 36 21 9267 1412 7 		 
201212192035 전라북도 남원시 13514 10452 117 1249 9008 6 9 40 23 10335 1080 8 		 
201212192036 전라북도 남원시 15250 11751 126 1411 10120 7 16 45 26 11625 1299 9 		 
201212192045 전라북도 남원시 17484 13456 143 1600 11615 8 17 45 28 13313 1705 10 		 
201212192050 전라북도 남원시 21139 16223 164 1952 13997 13 18 50 29 16059 2767 11 		 
201212192052 전라북도 남원시 22624 17345 180 2088 14943 15 20 65 34 17165 1122 12 		 
201212192054 전라북도 남원시 24347 18632 190 2257 16021 17 22 77 48 18442 1287 13 		 
201212192055 전라북도 남원시 24607 18831 193 2290 16179 17 22 79 51 18638 199 14 		 
201212192058 전라북도 남원시 26608 20368 206 2451 17509 17 28 94 63 20162 1537 15 		 
201212192101 전라북도 남원시 28255 21602 223 2576 18590 18 29 98 68 21379 1234 16 		 
201212192103 전라북도 남원시 29172 22331 230 2675 19204 18 29 103 72 22101 729 17 		 
201212192104 전라북도 남원시 32221 24695 250 3039 21175 18 29 111 73 24445 2364 18 		 
201212192105 전라북도 남원시 33772 25818 272 3207 22091 19 32 119 78 25546 1123 19 		 
201212192111 전라북도 남원시 35624 27218 281 3379 23300 21 32 125 80 26937 1400 20 		 
201212192115 전라북도 남원시 36753 28076 291 3505 24015 21 33 128 83 27785 858 21 		 
201212192118 전라북도 남원시 38500 29337 301 3674 25087 25 35 130 85 29036 1261 22 		 
201212192119 전라북도 남원시 40026 30517 316 3803 26107 28 36 138 89 30201 1180 23 		 
201212192122 전라북도 남원시 43521 33109 330 4142 28342 28 36 142 89 32779 2592 24 		 
201212192123 전라북도 남원시 45192 34408 341 4277 29475 28 37 153 97 34067 1299 25 		 
201212192136 전라북도 남원시 46396 35285 348 4429 30182 32 37 155 102 34937 877 26 		 
201212192137 전라북도 남원시 48842 37090 359 4674 31714 32 40 162 109 36731 1805 27 		 
201212192148 전라북도 남원시 51678 39323 369 4872 33729 36 43 164 110 38954 2233 28 		 
201212192154 전라북도 남원시 53980 41117 390 5086 35265 36 46 177 117 40727 1794 29 		 
201212192157 전라북도 남원시 55719 42473 411 5254 36414 37 48 188 121 42062 1356 30 		 
201212192202 전라북도 남원시 58739 44871 426 5516 38524 38 48 196 123 44445 2398 31 		 
201212192210 전라북도 남원시 61776 47462 436 5762 40849 43 49 199 124 47026 2591 32 		 
201212192225 전라북도 남원시 64250 49381 445 5972 42540 49 49 201 125 48936 1919 33 		 
201212192234 전라북도 남원시 67277 51784 465 6206 44683 50 49 202 129 51319 2403 34 		 
201212192237 전라북도 남원시 70067 54221 503 6583 46681 57 54 205 138 53718 2437 35 		 
