Time AreaA AreaB Total TotalA Invalid VoteA VoteB VoteC VoteD VoteE VoteF TotalB Diff Count
201212191918 전라북도 순창군 1455 1120 9 79 1017 0 1 7 7 1111 1120 1 		 
201212191920 전라북도 순창군 2855 2206 20 200 1959 1 1 13 12 2186 1086 2 		 
201212191923 전라북도 순창군 4042 3117 31 320 2729 1 1 20 15 3086 911 3 		 
201212191925 전라북도 순창군 4813 3725 38 384 3254 2 1 26 20 3687 608 4 		 
201212191927 전라북도 순창군 6361 4894 45 499 4289 3 2 30 26 4849 1169 5 		 
201212191932 전라북도 순창군 8415 6488 51 674 5690 3 4 36 30 6437 1594 6 		 
201212191939 전라북도 순창군 9503 7311 60 762 6405 5 5 40 34 7251 823 7 		 
201212191949 전라북도 순창군 10360 7976 66 813 6999 6 7 48 37 7910 665 8 		 
201212191950 전라북도 순창군 11029 8465 71 869 7413 7 8 57 40 8394 489 9 		 
201212191951 전라북도 순창군 12603 9654 82 981 8455 7 10 73 46 9572 1189 10 		 
201212191953 전라북도 순창군 13867 10597 92 1065 9287 7 18 80 48 10505 943 11 		 
201212191954 전라북도 순창군 16364 12529 103 1286 10980 7 19 82 52 12426 1932 12 		 
201212191955 전라북도 순창군 17024 13029 109 1342 11410 7 19 88 54 12920 500 13 		 
201212191957 전라북도 순창군 17643 13512 116 1399 11822 7 19 94 55 13396 483 14 		 
201212191959 전라북도 순창군 18433 14116 123 1464 12347 7 21 99 55 13993 604 15 		 
201212192000 전라북도 순창군 19812 15158 130 1574 13256 7 21 108 62 15028 1042 16 		 
201212192008 전라북도 순창군 22493 17237 139 1814 15077 7 22 115 63 17098 2079 17 		 
201212192013 전라북도 순창군 23545 18014 146 1903 15750 7 23 121 64 17868 777 18 		 
201212192032 전라북도 순창군 24907 19253 194 2069 16760 10 27 124 69 19059 1239 19 		 
201212192035 전라북도 순창군 25003 19314 194 2093 16797 10 27 124 69 19120 61 20 		 
