Time AreaA AreaB Total TotalA Invalid VoteA VoteB VoteC VoteD VoteE VoteF TotalB Diff Count
201212191905 전라남도 화순군 261 195 3 18 169 2 0 3 0 192 195 1 		 
201212191915 전라남도 화순군 1832 1292 12 123 1143 8 0 5 1 1280 1097 2 		 
201212191925 전라남도 화순군 3549 2599 37 195 2338 12 1 12 4 2562 1307 3 		 
201212191929 전라남도 화순군 4631 3398 43 245 3067 13 3 18 9 3355 799 4 		 
201212191938 전라남도 화순군 6554 4827 61 358 4328 17 5 38 20 4766 1429 5 		 
201212191959 전라남도 화순군 10543 8003 78 618 7215 22 8 42 20 7925 3176 6 		 
201212192013 전라남도 화순군 12234 9361 92 724 8451 23 8 43 20 9269 1358 7 		 
201212192014 전라남도 화순군 15513 11871 116 929 10722 24 10 47 23 11755 2510 8 		 
201212192026 전라남도 화순군 18925 14574 145 1131 13181 30 11 51 25 14429 2703 9 		 
201212192036 전라남도 화순군 21649 16714 168 1334 15086 33 12 55 26 16546 2140 10 		 
201212192042 전라남도 화순군 23311 17929 190 1453 16134 36 15 66 35 17739 1215 11 		 
201212192044 전라남도 화순군 26040 20055 221 1645 18026 37 16 71 39 19834 2126 12 		 
201212192051 전라남도 화순군 29403 22734 241 1855 20462 40 17 78 41 22493 2679 13 		 
201212192101 전라남도 화순군 29774 23020 244 1878 20719 40 17 80 42 22776 286 14 		 
201212192102 전라남도 화순군 30547 23567 260 1931 21188 40 18 87 43 23307 547 15 		 
201212192120 전라남도 화순군 32451 25338 299 2158 22680 43 20 91 47 25039 1771 16 		 
201212192122 전라남도 화순군 36085 28132 324 2387 25207 48 21 96 49 27808 2794 17 		 
201212192126 전라남도 화순군 37248 28968 337 2446 25954 49 22 107 53 28631 836 18 		 
201212192127 전라남도 화순군 37692 29329 343 2484 26258 50 22 116 56 28986 361 19 		 
201212192128 전라남도 화순군 38600 30035 353 2535 26895 50 22 121 59 29682 706 20 		 
201212192135 전라남도 화순군 39560 30772 360 2615 27540 50 22 125 60 30412 737 21 		 
201212192136 전라남도 화순군 41738 32555 368 2779 29148 50 22 126 62 32187 1783 22 		 
201212192137 전라남도 화순군 41874 32662 368 2808 29226 50 22 126 62 32294 107 23 		 
201212192141 전라남도 화순군 42600 33221 374 2853 29717 50 23 135 69 32847 559 24 		 
201212192142 전라남도 화순군 43387 33825 383 2909 30245 50 23 144 71 33442 604 25 		 
201212192147 전라남도 화순군 44888 34925 396 3017 31214 51 25 147 75 34529 1100 26 		 
201212192151 전라남도 화순군 45958 35729 402 3118 31893 52 26 159 79 35327 804 27 		 
201212192153 전라남도 화순군 46955 36466 414 3183 32539 53 27 166 84 36052 737 28 		 
201212192159 전라남도 화순군 49271 38266 440 3345 34133 56 28 176 88 37826 1800 29 		 
201212192200 전라남도 화순군 50491 39207 453 3415 34968 58 29 192 92 38754 941 30 		 
201212192202 전라남도 화순군 51885 40246 467 3516 35873 59 29 201 101 39779 1039 31 		 
201212192203 전라남도 화순군 52347 40599 470 3553 36179 60 29 204 104 40129 353 32 		 
201212192211 전라남도 화순군 53022 41123 485 3605 36620 61 30 212 110 40638 524 33 		 
201212192213 전라남도 화순군 54652 42352 498 3685 37716 64 30 241 118 41854 1229 34 		 
