Time AreaA AreaB Total TotalA Invalid VoteA VoteB VoteC VoteD VoteE VoteF TotalB Diff Count
201212191902 전라남도 진도군 126 85 0 35 49 0 0 0 1 85 85 1 		 
201212191925 전라남도 진도군 2307 1652 9 190 1446 2 0 2 3 1643 1567 2 		 
201212191930 전라남도 진도군 4418 3261 11 363 2874 2 0 6 5 3250 1609 3 		 
201212191932 전라남도 진도군 4950 3646 15 409 3202 2 1 11 6 3631 385 4 		 
201212191950 전라남도 진도군 6931 5167 23 584 4534 5 1 12 8 5144 1521 5 		 
201212191954 전라남도 진도군 7669 5720 26 638 5021 5 2 16 12 5694 553 6 		 
201212192007 전라남도 진도군 8679 6439 36 709 5643 6 3 26 16 6403 719 7 		 
201212192009 전라남도 진도군 9755 7240 43 817 6320 6 4 32 18 7197 801 8 		 
201212192012 전라남도 진도군 10946 8105 46 898 7092 6 5 37 21 8059 865 9 		 
201212192015 전라남도 진도군 11890 8811 57 971 7704 7 5 42 25 8754 706 10 		 
201212192017 전라남도 진도군 12204 9054 57 986 7930 8 5 43 25 8997 243 11 		 
201212192018 전라남도 진도군 12614 9342 59 1022 8178 8 5 43 27 9283 288 12 		 
201212192019 전라남도 진도군 12970 9616 62 1037 8430 8 5 45 29 9554 274 13 		 
201212192022 전라남도 진도군 14182 10528 74 1130 9228 9 6 51 30 10454 912 14 		 
201212192024 전라남도 진도군 15074 11207 85 1193 9816 9 8 58 38 11122 679 15 		 
201212192026 전라남도 진도군 15702 11662 87 1234 10221 9 8 61 42 11575 455 16 		 
201212192028 전라남도 진도군 16194 12016 95 1254 10546 9 8 62 42 11921 354 17 		 
201212192029 전라남도 진도군 17443 12924 106 1323 11363 9 8 69 46 12818 908 18 		 
201212192034 전라남도 진도군 18492 13680 120 1401 12017 9 8 74 51 13560 756 19 		 
201212192035 전라남도 진도군 19047 14101 125 1427 12405 9 8 75 52 13976 421 20 		 
201212192036 전라남도 진도군 19578 14485 128 1457 12750 9 8 80 53 14357 384 21 		 
201212192048 전라남도 진도군 20353 15055 135 1514 13238 9 8 91 60 14920 570 22 		 
201212192050 전라남도 진도군 20720 15322 136 1532 13483 9 8 93 61 15186 267 23 		 
201212192051 전라남도 진도군 21379 15825 139 1587 13920 10 9 96 64 15686 503 24 		 
201212192054 전라남도 진도군 22585 16898 152 1719 14845 10 10 97 65 16746 1073 25 		 
201212192057 전라남도 진도군 23625 17673 169 1785 15528 11 10 100 70 17504 775 26 		 
201212192059 전라남도 진도군 23905 17882 170 1801 15712 12 10 106 71 17712 209 27 		 
201212192101 전라남도 진도군 24268 18159 173 1836 15946 12 10 110 72 17986 277 28 		 
201212192106 전라남도 진도군 25264 18899 181 1907 16594 12 12 114 79 18718 740 29 		 
201212192113 전라남도 진도군 25657 19151 184 1925 16816 13 13 118 82 18967 252 30 		 
201212192114 전라남도 진도군 25792 19225 185 1934 16875 13 13 120 85 19040 74 31 		 
201212192116 전라남도 진도군 26017 19377 187 1951 17004 13 14 121 87 19190 152 32 		 
201212192118 전라남도 진도군 27241 20154 202 2030 17674 13 16 127 92 19952 777 33 		 
201212192119 전라남도 진도군 27396 20228 203 2041 17735 13 16 128 92 20025 74 34 		 
201212192122 전라남도 진도군 27685 20421 205 2047 17915 13 16 131 94 20216 193 35 		 
201212192123 전라남도 진도군 27780 20488 207 2056 17967 14 17 133 94 20281 67 36 		 
201212192124 전라남도 진도군 27916 20565 209 2065 18030 14 17 134 96 20356 77 37 		 
201212192125 전라남도 진도군 27978 20598 211 2073 18052 14 17 134 97 20387 33 38 		 
