Time AreaA AreaB Total TotalA Invalid VoteA VoteB VoteC VoteD VoteE VoteF TotalB Diff Count
201212191914 전라북도 부안군 1522 1105 5 212 887 0 0 1 0 1100 1105 1 		 
201212191919 전라북도 부안군 4612 3281 18 604 2645 2 0 4 8 3263 2176 2 		 
201212191931 전라북도 부안군 6902 4983 23 898 4041 3 1 7 10 4960 1702 3 		 
201212191932 전라북도 부안군 9873 7172 31 1214 5894 5 1 15 12 7141 2189 4 		 
201212191938 전라북도 부안군 13030 9601 37 1570 7958 5 2 16 13 9564 2429 5 		 
201212191943 전라북도 부안군 14143 10430 47 1707 8627 6 2 20 21 10383 829 6 		 
201212191947 전라북도 부안군 15141 11150 58 1813 9215 6 4 30 24 11092 720 7 		 
201212191951 전라북도 부안군 17776 13113 63 2108 10871 6 5 33 27 13050 1963 8 		 
201212191952 전라북도 부안군 18767 13784 71 2206 11417 9 8 43 30 13713 671 9 		 
201212191953 전라북도 부안군 19782 14551 74 2316 12067 9 8 46 31 14477 767 10 		 
201212191954 전라북도 부안군 20819 15332 82 2469 12677 11 8 53 32 15250 781 11 		 
201212191958 전라북도 부안군 21512 15834 90 2558 13072 12 8 59 35 15744 502 12 		 
201212192001 전라북도 부안군 21634 15918 90 2578 13136 12 8 59 35 15828 84 13 		 
201212192003 전라북도 부안군 22372 16451 100 2679 13553 12 8 62 37 16351 533 14 		 
201212192011 전라북도 부안군 23006 16915 104 2754 13932 12 8 67 38 16811 464 15 		 
201212192013 전라북도 부안군 23788 17512 107 2831 14435 13 10 72 44 17405 597 16 		 
201212192018 전라북도 부안군 25052 18448 112 2967 15221 14 10 75 49 18336 936 17 		 
201212192019 전라북도 부안군 26161 19298 116 3131 15897 14 11 80 49 19182 850 18 		 
201212192024 전라북도 부안군 26607 19637 120 3186 16174 14 12 81 50 19517 339 19 		 
201212192026 전라북도 부안군 28036 20627 129 3378 16958 14 13 83 52 20498 990 20 		 
201212192027 전라북도 부안군 29024 21324 133 3502 17526 14 13 84 52 21191 697 21 		 
201212192028 전라북도 부안군 29827 21888 138 3592 17986 14 13 89 56 21750 564 22 		 
201212192029 전라북도 부안군 30827 22642 147 3704 18610 14 14 92 61 22495 754 23 		 
201212192030 전라북도 부안군 31214 22930 156 3732 18854 16 14 96 62 22774 288 24 		 
201212192031 전라북도 부안군 32717 24033 165 3911 19761 16 15 100 65 23868 1103 25 		 
201212192032 전라북도 부안군 34462 25279 176 4121 20770 18 15 110 69 25103 1246 26 		 
201212192034 전라북도 부안군 34847 25569 177 4181 20990 18 15 116 72 25392 290 27 		 
201212192035 전라북도 부안군 36347 26645 185 4338 21892 18 17 121 74 26460 1076 28 		 
201212192036 전라북도 부안군 37280 27342 192 4484 22424 20 18 127 77 27150 697 29 		 
201212192038 전라북도 부안군 39240 29153 221 4795 23877 25 19 134 82 28932 1811 30 		 
201212192041 전라북도 부안군 39568 29413 226 4843 24081 26 19 135 83 29187 260 31 		 
201212192042 전라북도 부안군 40380 29999 232 4927 24567 26 19 142 86 29767 586 32 		 
201212192043 전라북도 부안군 42028 31160 242 5135 25497 27 21 148 90 30918 1161 33 		 
201212192048 전라북도 부안군 43397 32132 251 5283 26304 27 23 153 91 31881 972 34 		 
201212192049 전라북도 부안군 44848 33187 260 5466 27154 29 25 159 94 32927 1055 35 		 
201212192050 전라북도 부안군 45807 33755 264 5537 27633 30 25 169 97 33491 568 36 		 
201212192055 전라북도 부안군 46599 34354 266 5615 28147 30 25 171 100 34088 599 37 		 
201212192056 전라북도 부안군 47088 34708 271 5671 28436 30 25 172 103 34437 354 38 		 
201212192057 전라북도 부안군 48916 36015 286 5914 29479 30 25 176 105 35729 1307 39 		 
201212192058 전라북도 부안군 49768 36622 292 5986 30003 30 25 177 109 36330 607 40 		 
