Time AreaA AreaB Total TotalA Invalid VoteA VoteB VoteC VoteD VoteE VoteF TotalB Diff Count
201212191854 전라북도 정읍시 264 193 1 49 143 0 0 0 0 192 193 1 		 
201212191910 전라북도 정읍시 264 195 1 50 144 0 0 0 0 194 2 2 		 
201212191921 전라북도 정읍시 2021 1495 9 199 1284 0 0 3 0 1486 1300 3 		 
201212191931 전라북도 정읍시 3248 2394 15 293 2078 1 1 6 0 2379 899 4 		 
201212191933 전라북도 정읍시 5265 3887 29 419 3410 1 2 17 9 3858 1493 5 		 
201212191938 전라북도 정읍시 7362 5384 43 577 4731 1 2 18 12 5341 1497 6 		 
201212191939 전라북도 정읍시 7917 5835 46 620 5130 1 3 22 13 5789 451 7 		 
201212191944 전라북도 정읍시 9084 6738 52 711 5929 1 3 26 16 6686 903 8 		 
201212191946 전라북도 정읍시 10140 7548 64 784 6645 1 3 29 22 7484 810 9 		 
201212191947 전라북도 정읍시 11445 8499 73 901 7449 1 5 43 27 8426 951 10 		 
201212191949 전라북도 정읍시 12353 9192 78 993 8036 1 6 47 31 9114 693 11 		 
201212191952 전라북도 정읍시 13108 9766 85 1072 8517 1 6 51 34 9681 574 12 		 
201212191953 전라북도 정읍시 13707 10214 90 1126 8900 1 6 55 36 10124 448 13 		 
201212191956 전라북도 정읍시 16146 11979 97 1334 10438 1 7 63 39 11882 1765 14 		 
201212192000 전라북도 정읍시 18366 13636 102 1502 11914 1 7 69 41 13534 1657 15 		 
201212192003 전라북도 정읍시 21472 16016 108 1730 14054 1 8 72 43 15908 2380 16 		 
201212192004 전라북도 정읍시 22756 16988 115 1833 14909 1 8 78 44 16873 972 17 		 
201212192012 전라북도 정읍시 24937 18598 119 2036 16307 1 10 80 45 18479 1610 18 		 
201212192014 전라북도 정읍시 25820 19232 124 2099 16871 1 10 82 45 19108 634 19 		 
201212192017 전라북도 정읍시 27093 20173 124 2207 17701 1 10 82 48 20049 941 20 		 
201212192023 전라북도 정읍시 29030 21632 138 2382 18954 3 10 91 54 21494 1459 21 		 
201212192024 전라북도 정읍시 31900 23754 149 2625 20811 3 10 96 60 23605 2122 22 		 
201212192025 전라북도 정읍시 33365 24845 157 2736 21775 3 10 100 64 24688 1091 23 		 
201212192027 전라북도 정읍시 35111 26166 176 2905 22890 3 11 111 70 25990 1321 24 		 
201212192028 전라북도 정읍시 37146 27565 178 3097 24088 4 12 114 72 27387 1399 25 		 
201212192030 전라북도 정읍시 38915 28892 191 3257 25230 4 15 118 77 28701 1327 26 		 
201212192033 전라북도 정읍시 41097 30545 202 3441 26681 4 16 120 81 30343 1653 27 		 
201212192034 전라북도 정읍시 42222 31399 212 3576 27382 4 16 124 85 31187 854 28 		 
201212192035 전라북도 정읍시 43233 32175 215 3657 28070 4 16 125 88 31960 776 29 		 
201212192036 전라북도 정읍시 45096 33537 225 3834 29233 5 17 130 93 33312 1362 30 		 
201212192038 전라북도 정읍시 47375 35257 230 4069 30708 5 17 134 94 35027 1720 31 		 
201212192046 전라북도 정읍시 48870 36340 241 4205 31634 8 18 136 98 36099 1083 32 		 
201212192047 전라북도 정읍시 49716 36978 249 4275 32191 8 19 137 99 36729 638 33 		 
201212192048 전라북도 정읍시 51801 38473 274 4444 33474 9 21 144 107 38199 1495 34 		 
201212192049 전라북도 정읍시 53400 39664 281 4602 34494 10 21 146 110 39383 1191 35 		 
201212192051 전라북도 정읍시 55592 41370 290 4781 36006 10 21 152 110 41080 1706 36 		 
201212192054 전라북도 정읍시 57693 43004 291 5015 37393 11 22 161 111 42713 1634 37 		 
201212192058 전라북도 정읍시 60752 45448 293 5240 39605 11 24 163 112 45155 2444 38 		 
201212192100 전라북도 정읍시 62940 47090 303 5469 40983 12 24 177 122 46787 1642 39 		 
201212192105 전라북도 정읍시 64430 48223 312 5571 41990 12 24 188 126 47911 1133 40 		 
201212192106 전라북도 정읍시 66047 49454 316 5747 43028 13 26 194 130 49138 1231 41 		 
201212192109 전라북도 정읍시 69260 52326 354 6193 45401 18 28 198 134 51972 2872 42 		 
201212192111 전라북도 정읍시 71810 54182 366 6367 47058 20 29 206 136 53816 1856 43 		 
201212192113 전라북도 정읍시 73776 55594 375 6527 48286 21 29 215 141 55219 1412 44 		 
201212192114 전라북도 정읍시 76833 58014 381 6802 50421 21 29 219 141 57633 2420 45 		 
201212192116 전라북도 정읍시 78887 59510 384 6931 51784 21 29 220 141 59126 1496 46 		 
201212192122 전라북도 정읍시 81312 61385 393 7163 53410 22 29 223 145 60992 1875 47 		 
201212192125 전라북도 정읍시 83725 63201 395 7334 55050 22 29 226 145 62806 1816 48 		 
201212192132 전라북도 정읍시 85953 65022 401 7549 56646 22 30 229 145 64621 1821 49 		 
201212192143 전라북도 정읍시 88154 66797 405 7749 58215 22 30 231 145 66392 1775 50 		 
201212192144 전라북도 정읍시 91172 69160 415 7967 60345 23 31 233 146 68745 2363 51 		 
201212192150 전라북도 정읍시 94137 71350 451 8261 62180 26 33 247 152 70899 2190 52 		 
201212192217 전라북도 정읍시 96742 73237 466 8479 63828 26 33 252 153 72771 1887 53 		 
