Time AreaA AreaB Total TotalA Invalid VoteA VoteB VoteC VoteD VoteE VoteF TotalB Diff Count
201212191925 전라남도 광양시 684 530 3 62 463 0 0 2 0 527 530 1 		 
201212191933 전라남도 광양시 2046 1565 12 140 1406 0 1 6 0 1553 1035 2 		 
201212191936 전라남도 광양시 3274 2527 18 244 2242 1 2 14 6 2509 962 3 		 
201212191949 전라남도 광양시 6246 4830 19 483 4302 1 2 16 7 4811 2303 4 		 
201212191951 전라남도 광양시 7339 5641 19 576 5020 1 2 16 7 5622 811 5 		 
201212191954 전라남도 광양시 9954 7586 27 749 6777 2 2 21 8 7559 1945 6 		 
201212191955 전라남도 광양시 14554 11045 59 1112 9828 3 3 29 11 10986 3459 7 		 
201212191957 전라남도 광양시 15250 11584 62 1160 10310 3 4 33 12 11522 539 8 		 
201212192001 전라남도 광양시 15989 12156 66 1212 10821 3 5 36 13 12090 572 9 		 
201212192010 전라남도 광양시 18938 14445 69 1448 12863 3 6 41 15 14376 2289 10 		 
201212192012 전라남도 광양시 20236 15431 73 1581 13705 3 6 46 17 15358 986 11 		 
201212192016 전라남도 광양시 21800 16616 76 1705 14761 3 7 47 17 16540 1185 12 		 
201212192017 전라남도 광양시 23719 18214 77 1858 16201 3 8 49 18 18137 1598 13 		 
201212192020 전라남도 광양시 25849 19985 79 2348 17477 3 8 51 19 19906 1771 14 		 
201212192028 전라남도 광양시 30381 23641 89 2750 20715 3 9 56 19 23552 3656 15 		 
201212192030 전라남도 광양시 32247 25038 94 2932 21908 4 10 65 25 24944 1397 16 		 
201212192033 전라남도 광양시 32887 25511 96 2981 22321 4 10 72 27 25415 473 17 		 
201212192037 전라남도 광양시 33660 26099 101 3094 22787 4 10 76 27 25998 588 18 		 
201212192042 전라남도 광양시 35740 27846 105 3583 24034 5 10 81 28 27741 1747 19 		 
201212192043 전라남도 광양시 38239 29979 106 4133 25609 5 10 88 28 29873 2133 20 		 
201212192045 전라남도 광양시 41000 32001 111 4435 27321 5 11 90 28 31890 2022 21 		 
201212192047 전라남도 광양시 42226 32946 124 4541 28141 5 11 93 31 32822 945 22 		 
201212192048 전라남도 광양시 42812 33393 132 4621 28493 7 11 98 31 33261 447 23 		 
201212192056 전라남도 광양시 46116 35895 148 4853 30740 7 11 100 36 35747 2502 24 		 
201212192057 전라남도 광양시 47747 37057 153 5012 31734 7 11 103 37 36904 1162 25 		 
201212192059 전라남도 광양시 48620 37734 159 5091 32320 8 13 103 40 37575 677 26 		 
201212192101 전라남도 광양시 52464 40479 165 5446 34699 9 13 107 40 40314 2745 27 		 
201212192102 전라남도 광양시 54236 41963 170 5906 35715 9 13 110 40 41793 1484 28 		 
201212192105 전라남도 광양시 56256 43670 175 6389 36929 9 13 115 40 43495 1707 29 		 
201212192106 전라남도 광양시 58350 45258 186 6578 38304 10 15 119 46 45072 1588 30 		 
201212192107 전라남도 광양시 61637 47873 192 7034 40451 10 16 123 47 47681 2615 31 		 
201212192108 전라남도 광양시 63600 49399 209 7198 41772 11 18 135 56 49190 1526 32 		 
201212192110 전라남도 광양시 64582 50150 218 7273 42433 11 18 138 59 49932 751 33 		 
201212192111 전라남도 광양시 67840 52539 226 7560 44520 12 20 141 60 52313 2389 34 		 
201212192118 전라남도 광양시 72204 55729 232 8038 47220 14 20 143 62 55497 3190 35 		 
201212192122 전라남도 광양시 74355 57395 239 8211 48698 14 21 149 63 57156 1666 36 		 
201212192123 전라남도 광양시 78189 60635 246 8631 51507 14 22 151 64 60389 3240 37 		 
201212192124 전라남도 광양시 82252 63743 251 9251 53977 18 22 155 69 63492 3108 38 		 
201212192128 전라남도 광양시 83192 64502 257 9306 54668 18 22 159 72 64245 759 39 		 
201212192130 전라남도 광양시 86864 67034 265 9766 56723 18 22 165 75 66769 2532 40 		 
201212192143 전라남도 광양시 91198 70308 272 10327 59422 18 23 168 78 70036 3274 41 		 
201212192144 전라남도 광양시 95403 73670 281 10830 62267 18 23 172 79 73389 3362 42 		 
201212192151 전라남도 광양시 99004 76622 285 11337 64706 18 23 173 80 76337 2952 43 		 
201212192152 전라남도 광양시 100079 77461 294 11403 65452 18 24 183 87 77167 839 44 		 
201212192155 전라남도 광양시 100424 77693 294 11468 65617 18 24 185 87 77399 232 45 		 
201212192200 전라남도 광양시 104265 80687 302 11882 68184 18 25 188 88 80385 2994 46 		 
201212192203 전라남도 광양시 108607 84618 356 12598 71321 24 28 193 98 84262 3931 47 		 
201212192204 전라남도 광양시 112866 88097 365 12918 74467 24 28 197 98 87732 3479 48 		 
