Time AreaA AreaB Total TotalA Invalid VoteA VoteB VoteC VoteD VoteE VoteF TotalB Diff Count
201212192001 전라남도 순천시 653 459 2 92 361 1 0 2 1 457 459 1 		 
201212192004 전라남도 순천시 2434 1809 6 220 1576 1 1 3 2 1803 1350 2 		 
201212192006 전라남도 순천시 4486 3441 9 334 3089 1 2 3 3 3432 1632 3 		 
201212192007 전라남도 순천시 7580 5811 22 500 5269 2 3 9 6 5789 2370 4 		 
201212192008 전라남도 순천시 9476 7198 36 591 6546 2 3 13 7 7162 1387 5 		 
201212192011 전라남도 순천시 13259 10346 40 872 9402 2 5 17 8 10306 3148 6 		 
201212192013 전라남도 순천시 14717 11439 47 986 10365 3 5 24 9 11392 1093 7 		 
201212192019 전라남도 순천시 16690 13067 50 1120 11853 3 5 26 10 13017 1628 8 		 
201212192020 전라남도 순천시 18675 14548 51 1248 13201 3 6 29 10 14497 1481 9 		 
201212192025 전라남도 순천시 22006 17276 59 1499 15663 4 7 34 10 17217 2728 10 		 
201212192026 전라남도 순천시 25150 19748 62 1647 17980 4 9 35 11 19686 2472 11 		 
201212192027 전라남도 순천시 28247 22198 70 1836 20230 4 11 36 11 22128 2450 12 		 
201212192031 전라남도 순천시 30767 24262 74 2001 22125 4 11 36 11 24188 2064 13 		 
201212192034 전라남도 순천시 33075 26007 80 2161 23701 4 11 39 11 25927 1745 14 		 
201212192035 전라남도 순천시 36224 28339 94 2367 25813 4 11 39 11 28245 2332 15 		 
201212192037 전라남도 순천시 38470 30213 96 2474 27575 4 11 41 12 30117 1874 16 		 
201212192039 전라남도 순천시 42255 33255 102 2750 30330 4 11 46 12 33153 3042 17 		 
201212192040 전라남도 순천시 45735 35851 108 3008 32655 4 13 49 14 35743 2596 18 		 
201212192042 전라남도 순천시 48084 37768 113 3177 34392 4 15 50 17 37655 1917 19 		 
201212192043 전라남도 순천시 51642 40633 118 3362 37063 6 16 51 17 40515 2865 20 		 
201212192045 전라남도 순천시 55410 43849 122 3605 40031 6 16 51 18 43727 3216 21 		 
201212192105 전라남도 순천시 58513 46527 126 3751 42555 6 17 54 18 46401 2678 22 		 
201212192108 전라남도 순천시 60657 48155 133 3859 44062 8 17 58 18 48022 1628 23 		 
201212192119 전라남도 순천시 63680 50669 137 4123 46302 9 18 62 18 50532 2514 24 		 
201212192120 전라남도 순천시 66509 52677 144 4371 48049 10 18 67 18 52533 2008 25 		 
201212192122 전라남도 순천시 69212 54838 151 4564 50008 10 18 69 18 54687 2161 26 		 
201212192123 전라남도 순천시 72928 57915 154 4845 52797 10 18 71 20 57761 3077 27 		 
201212192124 전라남도 순천시 75916 60373 159 5039 55054 11 18 72 20 60214 2458 28 		 
201212192125 전라남도 순천시 77991 61831 164 5182 56362 12 18 73 20 61667 1458 29 		 
201212192127 전라남도 순천시 80128 63475 168 5326 57857 12 18 73 21 63307 1644 30 		 
201212192130 전라남도 순천시 82708 65403 175 5479 59623 13 18 74 21 65228 1928 31 		 
201212192132 전라남도 순천시 85690 67865 187 5635 61913 13 18 77 22 67678 2462 32 		 
201212192133 전라남도 순천시 89277 70428 192 5838 64266 13 19 77 23 70236 2563 33 		 
201212192135 전라남도 순천시 91357 71938 202 5985 65615 14 19 78 25 71736 1510 34 		 
201212192136 전라남도 순천시 93441 73760 205 6125 67289 14 19 82 26 73555 1822 35 		 
201212192137 전라남도 순천시 96366 76004 215 6312 69332 14 19 85 27 75789 2244 36 		 
201212192140 전라남도 순천시 99527 78623 230 6602 71633 16 22 89 31 78393 2619 37 		 
201212192142 전라남도 순천시 100591 79416 236 6684 72329 17 25 91 34 79180 793 38 		 
201212192145 전라남도 순천시 102373 80888 237 6813 73668 17 25 92 36 80651 1472 39 		 
201212192147 전라남도 순천시 103718 81920 249 6883 74605 18 26 99 40 81671 1032 40 		 
201212192148 전라남도 순천시 106579 84067 253 7068 76560 18 27 100 41 83814 2147 41 		 
201212192149 전라남도 순천시 108759 85750 257 7226 78075 18 28 102 44 85493 1683 42 		 
201212192152 전라남도 순천시 111802 88345 262 7451 80435 19 29 104 45 88083 2595 43 		 
201212192153 전라남도 순천시 115035 91153 264 7666 83019 19 31 109 45 90889 2808 44 		 
201212192155 전라남도 순천시 117976 93456 270 7901 85073 20 34 113 45 93186 2303 45 		 
201212192158 전라남도 순천시 121358 96068 288 8137 87424 20 36 116 47 95780 2612 46 		 
201212192159 전라남도 순천시 123254 97495 302 8253 88709 21 36 122 52 97193 1427 47 		 
201212192200 전라남도 순천시 126397 100095 305 8438 91119 21 36 124 52 99790 2600 48 		 
201212192202 전라남도 순천시 127509 100937 308 8514 91878 22 36 127 52 100629 842 49 		 
201212192204 전라남도 순천시 129272 102303 314 8650 93092 23 37 131 56 101989 1366 50 		 
201212192206 전라남도 순천시 131708 104153 319 8884 94697 24 37 135 57 103834 1850 51 		 
201212192207 전라남도 순천시 133711 105615 334 9032 95986 24 37 139 63 105281 1462 52 		 
201212192209 전라남도 순천시 135031 106626 343 9140 96867 26 37 143 70 106283 1011 53 		 
201212192210 전라남도 순천시 135961 107312 354 9189 97485 27 37 145 75 106958 686 54 		 
201212192214 전라남도 순천시 140178 110426 372 9485 100269 27 38 156 79 110054 3114 55 		 
201212192215 전라남도 순천시 141504 111395 378 9567 101144 27 39 159 81 111017 969 56 		 
201212192217 전라남도 순천시 142636 112269 385 9636 101939 27 40 160 82 111884 874 57 		 
201212192218 전라남도 순천시 144204 113457 395 9772 102970 28 40 163 89 113062 1188 58 		 
201212192223 전라남도 순천시 146292 115162 398 9872 104571 28 40 163 90 114764 1705 59 		 
201212192229 전라남도 순천시 148134 116606 407 10027 105839 29 40 171 93 116199 1444 60 		 
201212192230 전라남도 순천시 149210 117426 413 10071 106606 29 40 174 93 117013 820 61 		 
201212192232 전라남도 순천시 152703 120426 419 10336 109330 29 40 178 94 120007 3000 62 		 
201212192234 전라남도 순천시 160738 127779 515 11462 115414 39 47 192 110 127264 7353 63 		 
201212192235 전라남도 순천시 162320 129016 522 11558 116546 39 48 193 110 128494 1237 64 		 
201212192236 전라남도 순천시 165893 132078 524 11800 119355 39 50 198 112 131554 3062 65 		 
201212192243 전라남도 순천시 173748 138389 538 12474 124956 39 51 213 118 137851 6311 66 		 
201212192245 전라남도 순천시 178620 142426 549 12729 128723 39 51 216 119 141877 4037 67 		 
201212192247 전라남도 순천시 182912 145628 562 13037 131585 40 52 227 125 145066 3202 68 		 
201212192248 전라남도 순천시 185076 147193 572 13175 132994 41 52 233 126 146621 1565 69 		 
201212192249 전라남도 순천시 186725 148414 583 13299 134070 41 54 237 130 147831 1221 70 		 
201212192252 전라남도 순천시 191201 151855 586 13611 137186 44 56 242 130 151269 3441 71 		 
201212192253 전라남도 순천시 195035 154756 593 13823 139855 46 56 251 132 154163 2901 72 		 
201212192256 전라남도 순천시 199079 157913 597 14045 142777 48 56 257 133 157316 3157 73 		 
201212192257 전라남도 순천시 202863 161045 602 14231 145714 48 58 259 133 160443 3132 74 		 
201212192259 전라남도 순천시 204810 162546 609 14393 147039 48 60 262 135 161937 1501 75 		 
201212192300 전라남도 순천시 207201 164224 624 14544 148535 48 61 267 145 163600 1678 76 		 
201212192301 전라남도 순천시 208794 165404 631 14638 149610 49 61 269 146 164773 1180 77 		 
