Time AreaA AreaB Total TotalA Invalid VoteA VoteB VoteC VoteD VoteE VoteF TotalB Diff Count
201212191857 전라남도 완도군 94 46 0 17 29 0 0 0 0 46 46 1 		 
201212192011 전라남도 완도군 1701 1174 7 131 1027 0 1 6 2 1167 1128 2 		 
201212192021 전라남도 완도군 2421 1726 19 187 1505 0 1 11 3 1707 552 3 		 
201212192036 전라남도 완도군 4078 3014 26 287 2677 0 3 16 5 2988 1288 4 		 
201212192052 전라남도 완도군 5332 3922 32 399 3463 0 3 18 7 3890 908 5 		 
201212192119 전라남도 완도군 9358 6936 40 697 6163 0 3 24 9 6896 3014 6 		 
201212192123 전라남도 완도군 10691 7923 53 794 7024 0 5 35 12 7870 987 7 		 
201212192132 전라남도 완도군 13545 9965 64 1011 8827 1 6 42 14 9901 2042 8 		 
201212192139 전라남도 완도군 15906 12112 107 1245 10676 3 9 56 16 12005 2147 9 		 
201212192142 전라남도 완도군 16634 12699 113 1283 11211 3 9 61 19 12586 587 10 		 
201212192144 전라남도 완도군 17674 13469 123 1336 11910 3 9 69 19 13346 770 11 		 
201212192145 전라남도 완도군 19955 15209 139 1491 13461 4 11 78 25 15070 1740 12 		 
201212192146 전라남도 완도군 20710 15802 151 1548 13976 5 11 81 30 15651 593 13 		 
201212192148 전라남도 완도군 21544 16388 161 1588 14504 6 12 85 32 16227 586 14 		 
201212192152 전라남도 완도군 22681 17262 173 1646 15289 6 12 95 41 17089 874 15 		 
201212192154 전라남도 완도군 22887 17409 175 1658 15417 6 12 98 43 17234 147 16 		 
201212192203 전라남도 완도군 24129 18348 192 1716 16265 6 12 108 49 18156 939 17 		 
201212192207 전라남도 완도군 25359 19267 201 1833 17041 7 13 119 53 19066 919 18 		 
201212192211 전라남도 완도군 26030 19760 209 1879 17462 7 15 130 58 19551 493 19 		 
201212192213 전라남도 완도군 26549 20162 219 1938 17787 7 16 133 62 19943 402 20 		 
201212192214 전라남도 완도군 28348 21453 234 2139 18858 7 16 136 63 21219 1291 21 		 
201212192216 전라남도 완도군 29183 22089 246 2190 19425 7 16 142 63 21843 636 22 		 
201212192218 전라남도 완도군 29940 22643 249 2220 19943 7 17 142 65 22394 554 23 		 
201212192219 전라남도 완도군 31375 23745 266 2335 20896 7 17 150 74 23479 1102 24 		 
201212192222 전라남도 완도군 34610 26219 276 2575 23112 8 19 155 74 25943 2474 25 		 
201212192224 전라남도 완도군 35852 27173 287 2653 23967 8 21 160 77 26886 954 26 		 
201212192225 전라남도 완도군 36793 27882 293 2713 24595 8 24 165 84 27589 709 27 		 
201212192227 전라남도 완도군 38134 28867 303 2760 25508 8 24 177 87 28564 985 28 		 
201212192229 전라남도 완도군 39556 29898 320 2865 26398 9 25 187 94 29578 1031 29 		 
201212192233 전라남도 완도군 41024 31046 340 2949 27430 9 25 195 98 30706 1148 30 		 
201212192235 전라남도 완도군 42478 32136 354 3026 28423 9 25 199 100 31782 1090 31 		 
201212192242 전라남도 완도군 45129 34116 372 3152 30236 9 26 213 108 33744 1980 32 		 
