Time AreaA AreaB Total TotalA Invalid VoteA VoteB VoteC VoteD VoteE VoteF TotalB Diff Count
201212191856 전라남도 강진군 117 77 0 27 50 0 0 0 0 77 77 1 		 
201212191937 전라남도 강진군 2472 1738 9 260 1466 2 1 0 0 1729 1661 2 		 
201212191942 전라남도 강진군 5208 3784 26 472 3271 3 4 6 2 3758 2046 3 		 
201212191950 전라남도 강진군 7165 5267 39 627 4570 4 5 15 7 5228 1483 4 		 
201212191956 전라남도 강진군 9659 7020 50 838 6092 4 6 22 8 6970 1753 5 		 
201212192001 전라남도 강진군 11306 8249 53 1021 7131 4 7 24 9 8196 1229 6 		 
201212192005 전라남도 강진군 12044 8828 60 1083 7632 5 7 28 13 8768 579 7 		 
201212192007 전라남도 강진군 13080 9604 65 1170 8305 7 8 32 17 9539 776 8 		 
201212192011 전라남도 강진군 14983 10961 79 1347 9456 9 8 39 23 10882 1357 9 		 
201212192012 전라남도 강진군 16038 11763 87 1438 10153 9 8 42 26 11676 802 10 		 
201212192016 전라남도 강진군 17166 12593 99 1534 10858 12 9 48 33 12494 830 11 		 
201212192019 전라남도 강진군 17865 13111 105 1594 11304 14 9 52 33 13006 518 12 		 
201212192051 전라남도 강진군 20299 14919 106 1808 12894 14 10 53 34 14813 1808 13 		 
201212192053 전라남도 강진군 21551 15820 121 1943 13625 16 13 62 40 15699 901 14 		 
201212192056 전라남도 강진군 23134 17242 148 2129 14827 16 14 64 44 17094 1422 15 		 
201212192100 전라남도 강진군 24531 18306 157 2237 15771 17 14 65 45 18149 1064 16 		 
201212192101 전라남도 강진군 25742 19209 170 2359 16523 19 14 78 46 19039 903 17 		 
201212192105 전라남도 강진군 26640 19885 177 2428 17116 20 14 82 48 19708 676 18 		 
201212192107 전라남도 강진군 27377 20444 187 2486 17599 21 14 87 50 20257 559 19 		 
201212192109 전라남도 강진군 29157 21756 198 2630 18745 21 14 92 56 21558 1312 20 		 
201212192116 전라남도 강진군 31525 23501 218 2845 20240 23 15 103 57 23283 1745 21 		 
201212192119 전라남도 강진군 33287 24779 231 3023 21316 25 16 108 60 24548 1278 22 		 
