Time AreaA AreaB Total TotalA Invalid VoteA VoteB VoteC VoteD VoteE VoteF TotalB Diff Count
201212191914 전라북도 군산시 2400 1780 5 266 1500 1 2 5 1 1775 1780 1 		 
201212191926 전라북도 군산시 3047 2248 7 349 1882 1 3 5 1 2241 468 2 		 
201212191931 전라북도 군산시 5119 3784 11 631 3129 1 4 6 2 3773 1536 3 		 
201212191933 전라북도 군산시 7478 5507 19 946 4521 2 4 11 4 5488 1723 4 		 
201212191935 전라북도 군산시 9101 6479 20 1158 5278 2 4 12 5 6459 972 5 		 
201212191939 전라북도 군산시 11540 8337 22 1491 6793 2 4 18 7 8315 1858 6 		 
201212191949 전라북도 군산시 14590 10691 40 1843 8752 4 7 29 16 10651 2354 7 		 
201212191959 전라북도 군산시 17332 12804 45 2154 10539 5 9 34 18 12759 2113 8 		 
201212192001 전라북도 군산시 20561 15157 49 2527 12504 5 12 40 20 15108 2353 9 		 
201212192002 전라북도 군산시 22718 16820 52 2762 13924 5 14 42 21 16768 1663 10 		 
201212192004 전라북도 군산시 25660 19101 54 3016 15943 5 16 44 23 19047 2281 11 		 
201212192005 전라북도 군산시 27003 19799 55 3168 16487 5 16 45 23 19744 698 12 		 
201212192006 전라북도 군산시 29416 21759 59 3453 18155 5 16 47 24 21700 1960 13 		 
201212192015 전라북도 군산시 32134 23798 64 3816 19809 5 19 59 26 23734 2039 14 		 
201212192019 전라북도 군산시 34127 25358 71 4054 21118 6 20 60 29 25287 1560 15 		 
201212192021 전라북도 군산시 37151 27641 78 4338 23107 6 20 62 30 27563 2283 16 		 
201212192023 전라북도 군산시 38999 29047 82 4593 24252 6 21 63 30 28965 1406 17 		 
201212192024 전라북도 군산시 41456 30790 87 4877 25698 6 21 66 35 30703 1743 18 		 
201212192026 전라북도 군산시 44468 33197 90 5172 27799 7 21 69 39 33107 2407 19 		 
201212192027 전라북도 군산시 47080 35131 98 5447 29434 9 21 75 47 35033 1934 20 		 
201212192028 전라북도 군산시 51181 38223 104 5906 32056 10 22 76 49 38119 3092 21 		 
201212192029 전라북도 군산시 52465 39055 108 6063 32727 10 22 76 49 38947 832 22 		 
201212192031 전라북도 군산시 55649 41267 112 6424 34570 10 22 79 50 41155 2212 23 		 
201212192032 전라북도 군산시 60192 44538 121 6864 37387 11 22 83 50 44417 3271 24 		 
201212192033 전라북도 군산시 62884 46664 126 7125 39244 11 22 86 50 46538 2126 25 		 
201212192035 전라북도 군산시 65958 48562 128 7387 40875 11 24 87 50 48434 1898 26 		 
201212192036 전라북도 군산시 69530 51022 136 7790 42911 11 24 97 53 50886 2460 27 		 
201212192037 전라북도 군산시 71933 52984 140 8124 44531 12 25 99 53 52844 1962 28 		 
201212192039 전라북도 군산시 73992 54481 143 8441 45700 12 26 105 54 54338 1497 29 		 
201212192040 전라북도 군산시 76617 56365 155 8715 47280 13 27 115 60 56210 1884 30 		 
201212192041 전라북도 군산시 79035 58195 161 9004 48812 13 27 117 61 58034 1830 31 		 
201212192043 전라북도 군산시 81349 59725 166 9230 50105 14 27 120 63 59559 1530 32 		 
201212192047 전라북도 군산시 85126 62833 168 9669 52761 17 31 123 64 62665 3108 33 		 
201212192052 전라북도 군산시 89225 65873 176 10075 55380 17 31 129 65 65697 3040 34 		 
201212192053 전라북도 군산시 93418 69462 183 10626 58402 19 33 134 65 69279 3589 35 		 
201212192054 전라북도 군산시 93717 69649 183 10659 58553 19 33 135 67 69466 187 36 		 
201212192059 전라북도 군산시 97339 72439 186 11006 60990 19 33 138 67 72253 2790 37 		 
201212192100 전라북도 군산시 100904 75146 190 11404 63287 19 35 142 69 74956 2707 38 		 
201212192101 전라북도 군산시 103654 77150 191 11666 65025 20 35 142 71 76959 2004 39 		 
201212192102 전라북도 군산시 106930 79728 194 11960 67301 21 35 146 71 79534 2578 40 		 
201212192106 전라북도 군산시 107129 79812 194 11970 67375 21 35 146 71 79618 84 41 		 
201212192107 전라북도 군산시 109599 81496 201 12252 68765 21 35 149 73 81295 1684 42 		 
201212192108 전라북도 군산시 113533 84762 207 12660 71611 21 36 154 73 84555 3266 43 		 
201212192110 전라북도 군산시 116096 86614 211 12925 73190 21 36 157 74 86403 1852 44 		 
201212192111 전라북도 군산시 119429 88923 216 13223 75192 22 36 159 75 88707 2309 45 		 
201212192112 전라북도 군산시 122551 91166 222 13562 77083 22 38 160 79 90944 2243 46 		 
201212192113 전라북도 군산시 125562 93362 232 13919 78899 23 40 169 80 93130 2196 47 		 
201212192114 전라북도 군산시 125718 93431 233 13927 78957 23 41 170 80 93198 69 48 		 
201212192115 전라북도 군산시 126435 93736 236 13966 79217 23 41 171 82 93500 305 49 		 
201212192116 전라북도 군산시 129606 96283 239 14310 81408 23 42 179 82 96044 2547 50 		 
201212192117 전라북도 군산시 135269 100744 252 14919 85225 25 44 194 85 100492 4461 51 		 
201212192123 전라북도 군산시 137993 102700 258 15270 86818 26 45 195 88 102442 1956 52 		 
201212192124 전라북도 군산시 141302 105191 262 15644 88923 29 46 199 88 104929 2491 53 		 
201212192125 전라북도 군산시 142244 105637 266 15727 89279 31 46 199 89 105371 446 54 		 
201212192126 전라북도 군산시 147695 109681 280 16304 92712 33 48 211 93 109401 4044 55 		 
201212192127 전라북도 군산시 150858 111988 290 16646 94665 33 49 212 93 111698 2307 56 		 
201212192128 전라북도 군산시 156819 115933 300 17210 98025 36 49 215 98 115633 3945 57 		 
201212192129 전라북도 군산시 161572 119461 307 17728 101023 36 49 218 100 119154 3528 58 		 
201212192130 전라북도 군산시 161897 119604 307 17772 101122 36 49 218 100 119297 143 59 		 
201212192131 전라북도 군산시 164584 121329 312 18001 102603 39 50 223 101 121017 1725 60 		 
201212192132 전라북도 군산시 170195 125625 329 18638 106231 39 52 231 105 125296 4296 61 		 
201212192133 전라북도 군산시 174120 128453 345 19061 108604 40 54 237 112 128108 2828 62 		 
201212192135 전라북도 군산시 174175 128486 345 19065 108633 40 54 237 112 128141 33 63 		 
201212192136 전라북도 군산시 176876 130643 347 19381 110460 40 54 247 114 130296 2157 64 		 
201212192137 전라북도 군산시 179019 132279 351 19622 111849 40 55 248 114 131928 1636 65 		 
201212192138 전라북도 군산시 181738 134240 373 19989 113402 42 56 259 119 133867 1961 66 		 
201212192139 전라북도 군산시 187540 138843 391 20726 117219 46 59 273 129 138452 4603 67 		 
201212192140 전라북도 군산시 189288 140120 393 20916 118300 46 59 274 132 139727 1277 68 		 
201212192146 전라북도 군산시 189604 140252 393 20948 118400 46 59 274 132 139859 132 69 		 
201212192148 전라북도 군산시 192909 142793 399 21313 120565 46 59 277 134 142394 2541 70 		 
201212192150 전라북도 군산시 200739 149087 411 22253 125899 46 61 280 137 148676 6294 71 		 
201212192152 전라북도 군산시 204402 152008 418 22754 128306 46 61 285 138 151590 2921 72 		 
201212192153 전라북도 군산시 208586 155520 423 23319 131238 49 61 290 140 155097 3512 73 		 
201212192200 전라북도 군산시 211849 158006 439 23728 133287 51 61 295 145 157567 2486 74 		 
201212192236 전라북도 군산시 218605 164176 542 24862 138173 57 68 312 162 163634 6170 75 		 
