Time AreaA AreaB Total TotalA Invalid VoteA VoteB VoteC VoteD VoteE VoteF TotalB Diff Count
201212191929 전라남도 무안군 886 680 3 46 625 0 0 4 2 677 680 1 		 
201212191935 전라남도 무안군 2998 2355 9 180 2153 0 2 7 4 2346 1675 2 		 
201212191937 전라남도 무안군 3576 2792 11 226 2534 0 2 12 7 2781 437 3 		 
201212191939 전라남도 무안군 5495 4186 18 337 3804 1 2 14 10 4168 1394 4 		 
201212191943 전라남도 무안군 6701 5127 27 416 4652 2 2 15 13 5100 941 5 		 
201212191944 전라남도 무안군 7609 5825 30 453 5303 2 2 21 14 5795 698 6 		 
201212191945 전라남도 무안군 9108 6955 34 590 6280 3 4 29 15 6921 1130 7 		 
201212191946 전라남도 무안군 12172 9314 41 806 8409 3 6 33 16 9273 2359 8 		 
201212191948 전라남도 무안군 12908 9878 44 859 8913 3 6 35 18 9834 564 9 		 
201212191950 전라남도 무안군 13861 10589 50 919 9555 3 6 36 20 10539 711 10 		 
201212191951 전라남도 무안군 14858 11341 55 991 10218 3 7 41 26 11286 752 11 		 
201212191952 전라남도 무안군 15701 11962 58 1052 10766 3 7 46 30 11904 621 12 		 
201212191953 전라남도 무안군 17151 13033 64 1154 11723 3 7 50 32 12969 1071 13 		 
201212191956 전라남도 무안군 17992 13670 66 1211 12295 3 8 55 32 13604 637 14 		 
201212192000 전라남도 무안군 18627 14173 68 1248 12755 3 8 57 34 14105 503 15 		 
201212192001 전라남도 무안군 19984 15184 74 1331 13657 4 12 66 40 15110 1011 16 		 
201212192003 전라남도 무안군 21567 16353 82 1440 14701 5 14 68 43 16271 1169 17 		 
201212192009 전라남도 무안군 23988 18196 97 1564 16389 6 18 75 47 18099 1843 18 		 
201212192010 전라남도 무안군 25600 19400 104 1703 17435 7 18 78 55 19296 1204 19 		 
201212192011 전라남도 무안군 26415 20003 107 1754 17976 7 18 84 57 19896 603 20 		 
201212192012 전라남도 무안군 26925 20411 109 1774 18356 8 20 87 57 20302 408 21 		 
201212192013 전라남도 무안군 27460 20807 111 1830 18686 9 21 91 59 20696 396 22 		 
201212192014 전라남도 무안군 28408 21533 111 1895 19344 9 21 93 60 21422 726 23 		 
201212192016 전라남도 무안군 29576 22379 119 2001 20064 9 21 98 67 22260 846 24 		 
201212192019 전라남도 무안군 30422 23010 124 2045 20638 9 22 103 69 22886 631 25 		 
201212192020 전라남도 무안군 30963 23398 128 2084 20977 9 22 107 71 23270 388 26 		 
201212192022 전라남도 무안군 31862 24036 133 2138 21546 9 23 111 76 23903 638 27 		 
201212192023 전라남도 무안군 32530 24567 140 2175 22027 9 24 115 77 24427 531 28 		 
201212192024 전라남도 무안군 33485 25303 143 2263 22663 10 24 121 79 25160 736 29 		 
201212192026 전라남도 무안군 34983 26485 147 2366 23727 10 24 127 84 26338 1182 30 		 
201212192028 전라남도 무안군 35740 27078 150 2410 24267 10 25 131 85 26928 593 31 		 
201212192038 전라남도 무안군 37669 28477 153 2522 25547 10 26 133 86 28324 1399 32 		 
201212192052 전라남도 무안군 40183 30619 157 2682 27522 10 27 135 86 30462 2142 33 		 
201212192053 전라남도 무안군 41292 31415 161 2738 28250 11 27 138 90 31254 796 34 		 
201212192103 전라남도 무안군 44102 33761 165 2941 30384 11 28 139 93 33596 2346 35 		 
201212192104 전라남도 무안군 46771 35831 175 3062 32320 12 28 139 95 35656 2070 36 		 
201212192105 전라남도 무안군 48811 37401 178 3162 33786 12 28 140 95 37223 1570 37 		 
201212192118 전라남도 무안군 51996 40303 289 3640 36015 40 54 149 116 40014 2902 38 		 
201212192119 전라남도 무안군 52183 40440 289 3667 36125 40 54 149 116 40151 137 39 		 
201212192120 전라남도 무안군 54021 41842 297 3833 37348 40 54 152 118 41545 1402 40 		 
201212192121 전라남도 무안군 56720 43842 309 4021 39129 42 55 164 122 43533 2000 41 		 
201212192122 전라남도 무안군 60244 46788 319 4230 41849 42 58 167 123 46469 2946 42 		 
