Time AreaA AreaB Total TotalA Invalid VoteA VoteB VoteC VoteD VoteE VoteF TotalB Diff Count
201212191855 전라북도 장수군 78 47 0 15 32 0 0 0 0 47 47 1 		 
201212191919 전라북도 장수군 1462 1090 15 175 885 1 3 5 6 1075 1043 2 		 
201212191923 전라북도 장수군 3737 2837 25 444 2341 2 4 11 10 2812 1747 3 		 
201212191930 전라북도 장수군 5289 4044 37 636 3334 2 5 16 14 4007 1207 4 		 
201212191933 전라북도 장수군 7166 5517 50 838 4577 2 7 22 21 5467 1473 5 		 
201212191940 전라북도 장수군 8946 6843 61 1066 5654 2 8 28 24 6782 1326 6 		 
201212191944 전라북도 장수군 10328 7933 71 1253 6527 3 9 42 28 7862 1090 7 		 
201212191948 전라북도 장수군 10930 8386 77 1298 6922 3 10 44 32 8309 453 8 		 
201212191952 전라북도 장수군 12863 9839 91 1503 8135 3 12 53 42 9748 1453 9 		 
201212191959 전라북도 장수군 14950 11452 103 1668 9546 4 16 65 50 11349 1613 10 		 
201212192002 전라북도 장수군 17058 13085 114 1932 10887 4 16 75 57 12971 1633 11 		 
201212192005 전라북도 장수군 18635 14291 128 2119 11878 5 17 82 62 14163 1206 12 		 
201212192010 전라북도 장수군 19525 15113 139 2236 12567 6 19 82 64 14974 822 13 		 
