Time AreaA AreaB Total TotalA Invalid VoteA VoteB VoteC VoteD VoteE VoteF TotalB Diff Count
201212191935 전라남도 해남군 1260 907 3 119 778 1 0 5 1 904 907 1 		 
201212191953 전라남도 해남군 2811 1943 7 212 1709 1 0 8 6 1936 1036 2 		 
201212191956 전라남도 해남군 3956 2781 17 303 2441 2 0 9 9 2764 838 3 		 
201212192001 전라남도 해남군 6960 5059 25 507 4497 4 1 11 14 5034 2278 4 		 
201212192008 전라남도 해남군 8859 6395 35 639 5684 5 3 14 15 6360 1336 5 		 
201212192020 전라남도 해남군 9790 7084 45 701 6294 5 3 19 17 7039 689 6 		 
201212192023 전라남도 해남군 10768 7803 56 750 6943 6 5 23 20 7747 719 7 		 
201212192027 전라남도 해남군 11735 8552 65 810 7613 8 7 29 20 8487 749 8 		 
201212192030 전라남도 해남군 13542 9868 79 941 8770 9 9 37 23 9789 1316 9 		 
201212192037 전라남도 해남군 14564 10607 85 1003 9433 10 10 41 25 10522 739 10 		 
201212192040 전라남도 해남군 15597 11377 98 1060 10128 10 10 44 27 11279 770 11 		 
201212192050 전라남도 해남군 17891 12994 125 1210 11546 12 12 58 31 12869 1617 12 		 
201212192052 전라남도 해남군 19172 13920 132 1298 12362 12 13 67 36 13788 926 13 		 
201212192057 전라남도 해남군 20389 14820 139 1395 13144 13 13 73 43 14681 900 14 		 
201212192102 전라남도 해남군 21449 15559 150 1483 13779 13 13 76 45 15409 739 15 		 
201212192106 전라남도 해남군 22558 16404 153 1561 14537 14 13 79 47 16251 845 16 		 
201212192112 전라남도 해남군 23318 16997 159 1611 15067 15 13 83 49 16838 593 17 		 
201212192114 전라남도 해남군 24667 17983 161 1689 15970 15 13 84 51 17822 986 18 		 
201212192125 전라남도 해남군 25954 18967 169 1761 16866 16 13 87 55 18798 984 19 		 
201212192127 전라남도 해남군 27876 20377 178 1914 18103 16 14 93 59 20199 1410 20 		 
201212192129 전라남도 해남군 29737 21702 191 2065 19255 17 16 97 61 21511 1325 21 		 
201212192131 전라남도 해남군 31068 22681 203 2151 20123 17 17 107 63 22478 979 22 		 
201212192133 전라남도 해남군 32109 23471 211 2236 20810 18 17 114 65 23260 790 23 		 
201212192136 전라남도 해남군 33348 24345 217 2312 21599 18 17 116 66 24128 874 24 		 
201212192140 전라남도 해남군 35139 25576 225 2445 22674 19 19 123 71 25351 1231 25 		 
201212192142 전라남도 해남군 37186 26999 241 2570 23943 21 19 131 74 26758 1423 26 		 
201212192143 전라남도 해남군 39002 28336 244 2687 25149 23 20 137 76 28092 1337 27 		 
201212192147 전라남도 해남군 40245 29243 251 2773 25958 23 20 140 78 28992 907 28 		 
201212192149 전라남도 해남군 41119 29858 257 2825 26504 23 23 147 79 29601 615 29 		 
201212192151 전라남도 해남군 41942 30469 264 2879 27046 23 23 154 80 30205 611 30 		 
201212192153 전라남도 해남군 42999 31243 271 2946 27738 23 24 159 82 30972 774 31 		 
201212192155 전라남도 해남군 45252 32893 279 3132 29190 24 24 162 82 32614 1650 32 		 
201212192156 전라남도 해남군 48202 35209 290 3358 31262 25 26 165 83 34919 2316 33 		 
201212192158 전라남도 해남군 49392 36091 305 3416 32062 27 26 169 86 35786 882 34 		 
201212192201 전라남도 해남군 52389 38783 443 3882 34078 52 39 185 104 38340 2692 35 		 
201212192205 전라남도 해남군 53950 39827 453 3955 35025 53 39 193 109 39374 1044 36 		 
201212192207 전라남도 해남군 54994 40572 464 4009 35696 53 39 201 110 40108 745 37 		 
201212192212 전라남도 해남군 56238 41423 476 4084 36450 53 41 208 111 40947 851 38 		 
201212192213 전라남도 해남군 56410 41554 476 4116 36548 53 41 208 112 41078 131 39 		 
201212192216 전라남도 해남군 57327 42231 481 4175 37152 54 41 214 114 41750 677 40 		 
201212192217 전라남도 해남군 58085 42772 488 4240 37617 54 41 217 115 42284 541 41 		 
201212192218 전라남도 해남군 59902 44007 500 4369 38709 54 41 219 115 43507 1235 42 		 
201212192220 전라남도 해남군 61075 44833 506 4443 39446 54 41 223 120 44327 826 43 		 
201212192221 전라남도 해남군 62569 45875 514 4524 40394 55 42 224 122 45361 1042 44 		 
201212192222 전라남도 해남군 63965 46841 526 4635 41226 55 43 229 127 46315 966 45 		 
201212192223 전라남도 해남군 65070 47639 540 4747 41882 55 45 240 130 47099 798 46 		 
