Time AreaA AreaB Total TotalA Invalid VoteA VoteB VoteC VoteD VoteE VoteF TotalB Diff Count
201212191931 전라남도 장성군 511 404 0 29 366 1 0 5 3 404 404 1 		 
201212191939 전라남도 장성군 2556 1942 4 762 1158 3 0 9 6 1938 1538 2 		 
201212191942 전라남도 장성군 3538 2686 9 808 1844 3 0 15 7 2677 744 3 		 
201212192001 전라남도 장성군 4906 3685 12 904 2736 3 1 21 8 3673 999 4 		 
201212192008 전라남도 장성군 6588 5010 15 1008 3943 4 1 28 11 4995 1325 5 		 
201212192010 전라남도 장성군 9425 7180 34 1194 5885 4 1 48 14 7146 2170 6 		 
201212192012 전라남도 장성군 11908 9044 48 1421 7492 5 2 60 16 8996 1864 7 		 
201212192019 전라남도 장성군 14976 11295 60 1667 9470 5 5 66 22 11235 2251 8 		 
201212192023 전라남도 장성군 17219 12974 76 1858 10922 7 5 80 26 12898 1679 9 		 
201212192026 전라남도 장성군 18228 13768 83 1896 11664 7 6 82 30 13685 794 10 		 
201212192028 전라남도 장성군 19584 14814 92 1983 12593 8 10 94 34 14722 1046 11 		 
201212192039 전라남도 장성군 20969 15871 102 2093 13520 8 12 100 36 15769 1057 12 		 
201212192041 전라남도 장성군 22709 17255 107 2246 14734 9 13 103 43 17148 1384 13 		 
201212192053 전라남도 장성군 25088 19141 114 2392 16460 11 13 106 45 19027 1886 14 		 
201212192056 전라남도 장성군 26348 20091 122 2480 17303 11 14 112 49 19969 950 15 		 
201212192059 전라남도 장성군 28830 21908 129 2671 18912 12 15 114 55 21779 1817 16 		 
201212192116 전라남도 장성군 30398 23324 158 2927 20033 14 20 116 56 23166 1416 17 		 
201212192117 전라남도 장성군 32188 24712 160 3048 21290 14 21 122 57 24552 1388 18 		 
201212192121 전라남도 장성군 32321 24802 161 3068 21359 14 21 122 57 24641 90 19 		 
201212192122 전라남도 장성군 33818 25946 172 3130 22419 15 23 127 60 25774 1144 20 		 
201212192125 전라남도 장성군 35993 27523 204 3312 23752 21 24 136 74 27319 1577 21 		 
201212192126 전라남도 장성군 37438 28645 212 3418 24747 22 25 143 78 28433 1122 22 		 
201212192129 전라남도 장성군 38697 29591 217 3532 25567 22 25 147 81 29374 946 23 		 
