Time AreaA AreaB Total TotalA Invalid VoteA VoteB VoteC VoteD VoteE VoteF TotalB Diff Count
201212191950 전라북도 전주시완산구 2656 2230 0 210 2017 0 1 2 0 2230 2230 1 		 
201212191957 전라북도 전주시완산구 6055 4893 16 531 4334 3 2 6 1 4877 2663 2 		 
201212192002 전라북도 전주시완산구 11539 9572 24 986 8541 3 4 12 2 9548 4679 3 		 
201212192005 전라북도 전주시완산구 15251 12708 30 1252 11395 4 6 17 4 12678 3136 4 		 
201212192008 전라북도 전주시완산구 17873 14713 31 1426 13224 4 6 18 4 14682 2005 5 		 
201212192009 전라북도 전주시완산구 21959 17891 39 1756 16058 4 8 21 5 17852 3178 6 		 
201212192010 전라북도 전주시완산구 25990 21192 49 2109 18990 4 9 23 8 21143 3301 7 		 
201212192011 전라북도 전주시완산구 29364 23614 50 2382 21135 4 9 26 8 23564 2422 8 		 
201212192013 전라북도 전주시완산구 32691 26236 53 2673 23458 4 9 29 10 26183 2622 9 		 
201212192014 전라북도 전주시완산구 35484 28304 55 2982 25208 4 10 32 13 28249 2068 10 		 
201212192015 전라북도 전주시완산구 38518 30590 55 3325 27147 6 11 32 14 30535 2286 11 		 
201212192016 전라북도 전주시완산구 40459 32019 62 3526 28362 6 12 35 16 31957 1429 12 		 
201212192019 전라북도 전주시완산구 44193 34760 69 3816 30802 6 12 39 16 34691 2741 13 		 
201212192020 전라북도 전주시완산구 47186 37099 72 4065 32881 6 15 42 18 37027 2339 14 		 
201212192022 전라북도 전주시완산구 50370 39529 82 4268 35093 7 15 45 19 39447 2430 15 		 
201212192024 전라북도 전주시완산구 53167 41612 93 4534 36885 8 16 52 24 41519 2083 16 		 
201212192025 전라북도 전주시완산구 56154 44120 101 4909 39005 8 17 55 25 44019 2508 17 		 
201212192033 전라북도 전주시완산구 58380 45792 103 5142 40435 9 18 58 27 45689 1672 18 		 
201212192034 전라북도 전주시완산구 62242 48842 108 5422 43193 11 21 59 28 48734 3050 19 		 
201212192035 전라북도 전주시완산구 65549 51698 111 5680 45783 11 21 61 31 51587 2856 20 		 
201212192036 전라북도 전주시완산구 69435 55060 115 6047 48768 11 23 64 32 54945 3362 21 		 
201212192039 전라북도 전주시완산구 73180 57999 116 6382 51365 11 24 68 33 57883 2939 22 		 
201212192041 전라북도 전주시완산구 76310 60674 118 6610 53803 11 27 71 34 60556 2675 23 		 
201212192042 전라북도 전주시완산구 80063 63997 122 7067 56661 11 28 74 34 63875 3323 24 		 
201212192046 전라북도 전주시완산구 82502 66015 124 7381 58358 11 29 77 35 65891 2018 25 		 
201212192050 전라북도 전주시완산구 86521 69299 134 7855 61148 11 30 85 36 69165 3284 26 		 
201212192052 전라북도 전주시완산구 92838 74299 146 8388 65586 12 32 94 41 74153 5000 27 		 
201212192055 전라북도 전주시완산구 95521 76241 148 8665 67244 12 33 98 41 76093 1942 28 		 
201212192057 전라북도 전주시완산구 99064 79075 153 9146 69577 15 35 106 43 78922 2834 29 		 
201212192059 전라북도 전주시완산구 102732 81979 159 9399 72211 15 38 111 46 81820 2904 30 		 
201212192101 전라북도 전주시완산구 105163 83934 163 9575 73982 15 38 113 48 83771 1955 31 		 
201212192102 전라북도 전주시완산구 107518 85972 164 9958 75631 16 38 116 49 85808 2038 32 		 
201212192107 전라북도 전주시완산구 110534 88372 171 10293 77682 17 41 118 50 88201 2400 33 		 
201212192109 전라북도 전주시완산구 113807 90970 181 10720 79840 17 42 120 50 90789 2598 34 		 
201212192110 전라북도 전주시완산구 121883 97137 194 11465 85233 18 44 129 54 96943 6167 35 		 
201212192112 전라북도 전주시완산구 126489 100966 198 11813 88707 18 44 130 56 100768 3829 36 		 
201212192113 전라북도 전주시완산구 129208 102926 205 12074 90393 19 44 133 58 102721 1960 37 		 
201212192117 전라북도 전주시완산구 131622 104741 210 12335 91939 19 44 136 58 104531 1815 38 		 
201212192118 전라북도 전주시완산구 135089 107310 214 12614 94220 19 47 138 58 107096 2569 39 		 
201212192119 전라북도 전주시완산구 138566 110224 219 12951 96782 19 49 145 59 110005 2914 40 		 
201212192121 전라북도 전주시완산구 142723 113733 227 13253 99971 19 51 152 60 113506 3509 41 		 
201212192123 전라북도 전주시완산구 146758 116735 232 13567 102648 20 51 156 61 116503 3002 42 		 
201212192131 전라북도 전주시완산구 148502 118049 233 13730 103796 20 51 157 62 117816 1314 43 		 
201212192133 전라북도 전주시완산구 152140 120878 242 14316 106026 20 51 159 64 120636 2829 44 		 
201212192134 전라북도 전주시완산구 158702 126057 249 14953 110543 22 52 174 64 125808 5179 45 		 
201212192210 전라북도 전주시완산구 162433 129215 255 15327 113312 22 53 180 66 128960 3158 46 		 
201212192211 전라북도 전주시완산구 168668 133809 268 15875 117334 22 54 187 69 133541 4594 47 		 
201212192213 전라북도 전주시완산구 171725 136210 272 16202 119398 22 54 192 70 135938 2401 48 		 
201212192214 전라북도 전주시완산구 172914 137082 275 16317 120149 22 55 193 71 136807 872 49 		 
201212192215 전라북도 전주시완산구 176209 139627 278 16595 122408 22 57 196 71 139349 2545 50 		 
201212192217 전라북도 전주시완산구 178382 141211 284 16796 123775 24 58 200 74 140927 1584 51 		 
201212192218 전라북도 전주시완산구 179415 141975 292 16883 124444 24 58 200 74 141683 764 52 		 
201212192219 전라북도 전주시완산구 182684 144883 294 17130 127096 24 59 206 74 144589 2908 53 		 
201212192225 전라북도 전주시완산구 186831 148121 301 17487 129961 24 59 212 77 147820 3238 54 		 
201212192228 전라북도 전주시완산구 191129 151265 314 17896 132670 24 61 220 80 150951 3144 55 		 
201212192231 전라북도 전주시완산구 194218 153938 317 18141 135081 25 61 228 85 153621 2673 56 		 
201212192240 전라북도 전주시완산구 198342 157340 334 18533 138060 25 64 239 85 157006 3402 57 		 
201212192242 전라북도 전주시완산구 201198 159409 345 18874 139773 26 65 240 86 159064 2069 58 		 
201212192244 전라북도 전주시완산구 204882 162579 348 19165 142645 26 67 241 87 162231 3170 59 		 
201212192248 전라북도 전주시완산구 208906 165722 354 19520 145415 26 71 244 92 165368 3143 60 		 
201212192251 전라북도 전주시완산구 212236 168364 357 19805 147763 26 71 249 93 168007 2642 61 		 
201212192253 전라북도 전주시완산구 215703 170989 362 20081 150091 26 75 259 95 170627 2625 62 		 
201212192256 전라북도 전주시완산구 219050 173712 364 20398 152490 27 75 263 95 173348 2723 63 		 
201212192301 전라북도 전주시완산구 223270 177381 368 20975 155569 27 77 270 95 177013 3669 64 		 
201212192302 전라북도 전주시완산구 227317 180324 381 21388 158071 27 80 276 101 179943 2943 65 		 
201212192303 전라북도 전주시완산구 232554 184669 395 21807 161972 29 81 282 103 184274 4345 66 		 
201212192305 전라북도 전주시완산구 236350 187813 403 22233 164672 30 82 290 103 187410 3144 67 		 
201212192308 전라북도 전주시완산구 240517 191233 411 22680 167617 30 84 307 104 190822 3420 68 		 
201212192309 전라북도 전주시완산구 243002 193367 414 22890 169535 31 84 309 104 192953 2134 69 		 
201212192312 전라북도 전주시완산구 245147 194889 419 23125 170813 34 84 309 105 194470 1522 70 		 
201212192314 전라북도 전주시완산구 251277 199660 432 23790 174894 34 85 319 106 199228 4771 71 		 
201212192315 전라북도 전주시완산구 253930 201884 439 24160 176731 36 87 325 106 201445 2224 72 		 
201212192317 전라북도 전주시완산구 258367 205504 445 24594 179901 36 88 332 108 205059 3620 73 		 
201212192320 전라북도 전주시완산구 261391 207739 453 24887 181827 36 90 338 108 207286 2235 74 		 
201212192321 전라북도 전주시완산구 266197 211484 453 25378 185075 36 91 343 108 211031 3745 75 		 
201212192324 전라북도 전주시완산구 269363 214113 456 25631 187445 36 92 345 108 213657 2629 76 		 
201212200012 전라북도 전주시완산구 278250 222304 572 27095 193995 48 116 362 116 221732 8191 77 		 
