Time AreaA AreaB Total TotalA Invalid VoteA VoteB VoteC VoteD VoteE VoteF TotalB Diff Count
201212191901 전라남도 보성군 169 109 0 38 71 0 0 0 0 109 109 1 		 
201212191931 전라남도 보성군 1215 928 10 137 759 1 1 14 6 918 819 2 		 
201212191934 전라남도 보성군 1783 1349 14 197 1112 1 2 17 6 1335 421 3 		 
201212191939 전라남도 보성군 3225 2470 17 389 2035 1 3 18 7 2453 1121 4 		 
201212191942 전라남도 보성군 5099 3925 21 561 3305 3 4 24 7 3904 1455 5 		 
201212191945 전라남도 보성군 5983 4591 23 623 3899 5 4 28 9 4568 666 6 		 
201212191947 전라남도 보성군 7625 5822 36 757 4963 6 5 40 15 5786 1231 7 		 
201212191958 전라남도 보성군 9333 7122 45 891 6106 7 5 48 20 7077 1300 8 		 
201212192000 전라남도 보성군 10228 7787 55 968 6670 8 6 56 24 7732 665 9 		 
201212192019 전라남도 보성군 11341 8667 72 1037 7453 8 6 63 28 8595 880 10 		 
201212192022 전라남도 보성군 13061 9931 85 1196 8531 9 6 68 36 9846 1264 11 		 
201212192024 전라남도 보성군 13902 10541 90 1271 9053 9 7 71 40 10451 610 12 		 
201212192028 전라남도 보성군 15247 11540 100 1383 9916 10 9 76 46 11440 999 13 		 
201212192032 전라남도 보성군 16288 12294 107 1456 10579 10 9 82 51 12187 754 14 		 
201212192034 전라남도 보성군 17256 13039 115 1527 11235 11 9 88 54 12924 745 15 		 
201212192038 전라남도 보성군 17637 13303 118 1541 11477 11 9 91 56 13185 264 16 		 
201212192040 전라남도 보성군 19186 14451 129 1675 12468 12 9 96 62 14322 1148 17 		 
201212192041 전라남도 보성군 20507 15368 141 1809 13235 14 10 97 62 15227 917 18 		 
201212192044 전라남도 보성군 21451 16078 145 1880 13867 14 11 97 64 15933 710 19 		 
201212192047 전라남도 보성군 22857 17181 160 2002 14819 17 12 101 70 17021 1103 20 		 
201212192049 전라남도 보성군 24049 18059 172 2102 15579 17 12 105 72 17887 878 21 		 
201212192050 전라남도 보성군 25393 19013 183 2206 16403 17 12 114 78 18830 954 22 		 
201212192052 전라남도 보성군 26953 19961 193 2323 17216 18 14 117 80 19768 948 23 		 
201212192053 전라남도 보성군 28194 20896 206 2409 18034 20 15 128 84 20690 935 24 		 
201212192055 전라남도 보성군 29240 21620 208 2527 18631 20 15 134 85 21412 724 25 		 
201212192102 전라남도 보성군 30794 22786 215 2659 19655 21 16 134 86 22571 1166 26 		 
201212192103 전라남도 보성군 31611 23398 218 2715 20196 21 17 141 90 23180 612 27 		 
201212192104 전라남도 보성군 32547 24081 231 2788 20785 21 18 144 94 23850 683 28 		 
201212192106 전라남도 보성군 33075 24469 234 2823 21131 21 19 147 94 24235 388 29 		 
201212192108 전라남도 보성군 35108 26050 239 2977 22549 22 19 148 96 25811 1581 30 		 
201212192109 전라남도 보성군 36347 26969 252 3063 23354 23 21 154 102 26717 919 31 		 
201212192111 전라남도 보성군 37199 27627 260 3157 23905 24 21 155 105 27367 658 32 		 
201212192113 전라남도 보성군 38411 28553 270 3266 24704 27 21 158 107 28283 926 33 		 
201212192115 전라남도 보성군 40159 30149 302 3470 26054 31 22 163 107 29847 1596 34 		 
