Time AreaA AreaB Total TotalA Invalid VoteA VoteB VoteC VoteD VoteE VoteF TotalB Diff Count
201212191924 전라북도 익산시 776 549 3 93 449 0 0 3 1 546 549 1 		 
201212191939 전라북도 익산시 2978 2006 12 251 1737 1 0 4 1 1994 1457 2 		 
201212191943 전라북도 익산시 5901 4399 20 519 3852 1 0 6 1 4379 2393 3 		 
201212191947 전라북도 익산시 8498 6328 44 771 5488 2 2 16 5 6284 1929 4 		 
201212191954 전라북도 익산시 13733 9959 71 1305 8538 4 3 27 11 9888 3631 5 		 
201212191957 전라북도 익산시 15201 11072 76 1469 9476 5 3 31 12 10996 1113 6 		 
201212191959 전라북도 익산시 16681 12153 81 1617 10399 6 5 33 12 12072 1081 7 		 
201212192003 전라북도 익산시 23491 17024 96 2289 14573 6 7 36 17 16928 4871 8 		 
201212192006 전라북도 익산시 27084 19700 102 2683 16846 7 7 36 19 19598 2676 9 		 
201212192008 전라북도 익산시 28154 20579 108 2976 17423 7 7 36 22 20471 879 10 		 
201212192009 전라북도 익산시 32299 24003 112 3295 20520 7 7 37 25 23891 3424 11 		 
201212192012 전라북도 익산시 35674 26703 117 3680 22827 8 7 38 26 26586 2700 12 		 
201212192018 전라북도 익산시 37851 28492 120 3892 24397 9 7 40 27 28372 1789 13 		 
201212192022 전라북도 익산시 39848 29958 124 4068 25678 9 7 44 28 29834 1466 14 		 
201212192027 전라북도 익산시 42923 32294 133 4404 27662 9 8 47 31 32161 2336 15 		 
201212192031 전라북도 익산시 46312 34984 139 4712 30030 9 11 50 33 34845 2690 16 		 
201212192032 전라북도 익산시 49454 37502 146 5082 32169 9 11 52 33 37356 2518 17 		 
201212192033 전라북도 익산시 51871 39273 156 5313 33691 9 12 57 35 39117 1771 18 		 
201212192039 전라북도 익산시 55070 41903 161 5628 35995 10 15 59 35 41742 2630 19 		 
201212192041 전라북도 익산시 56607 43052 168 5848 36914 10 15 61 36 42884 1149 20 		 
201212192042 전라북도 익산시 59221 44937 187 6254 38365 12 16 64 39 44750 1885 21 		 
201212192044 전라북도 익산시 62224 47357 194 6615 40409 12 17 71 39 47163 2420 22 		 
201212192048 전라북도 익산시 65493 49929 201 6918 42669 14 17 71 39 49728 2572 23 		 
201212192100 전라북도 익산시 68325 52045 207 7193 44499 14 17 74 41 51838 2116 24 		 
201212192101 전라북도 익산시 71499 54382 217 7645 46359 16 17 82 46 54165 2337 25 		 
201212192103 전라북도 익산시 74966 56877 231 7945 48531 16 19 88 47 56646 2495 26 		 
201212192104 전라북도 익산시 76429 57933 238 8081 49438 16 20 91 49 57695 1056 27 		 
201212192107 전라북도 익산시 79978 60675 242 8333 51916 17 21 97 49 60433 2742 28 		 
201212192110 전라북도 익산시 85861 65120 259 8834 55838 17 21 100 51 64861 4445 29 		 
201212192112 전라북도 익산시 89404 67630 265 9159 58015 17 21 102 51 67365 2510 30 		 
201212192115 전라북도 익산시 91030 68865 279 9304 59084 18 23 104 53 68586 1235 31 		 
201212192116 전라북도 익산시 93024 70346 282 9433 60428 19 24 106 54 70064 1481 32 		 
201212192118 전라북도 익산시 99309 74912 301 10028 64364 19 26 113 61 74611 4566 33 		 
201212192126 전라북도 익산시 102245 77252 306 10271 66454 19 26 115 61 76946 2340 34 		 
201212192130 전라북도 익산시 109045 82188 324 10990 70634 20 27 125 68 81864 4936 35 		 
201212192134 전라북도 익산시 111703 84415 329 11182 72660 20 30 125 69 84086 2227 36 		 
201212192135 전라북도 익산시 115060 86838 335 11446 74806 21 32 129 69 86503 2423 37 		 
201212192138 전라북도 익산시 116436 87894 344 11581 75711 21 32 135 70 87550 1056 38 		 
201212192139 전라북도 익산시 119508 90110 354 11873 77613 28 32 138 72 89756 2216 39 		 
201212192140 전라북도 익산시 124236 93635 380 12272 80702 29 32 143 77 93255 3525 40 		 
201212192148 전라북도 익산시 127591 96089 388 12534 82882 30 33 144 78 95701 2454 41 		 
201212192149 전라북도 익산시 130261 97919 404 12791 84431 31 36 146 80 97515 1830 42 		 
201212192214 전라북도 익산시 133189 100072 409 13035 86325 33 36 152 82 99663 2153 43 		 
201212192215 전라북도 익산시 135708 102048 414 13245 88084 33 36 152 84 101634 1976 44 		 
201212192217 전라북도 익산시 142326 107053 436 13968 92325 39 37 161 87 106617 5005 45 		 
201212192219 전라북도 익산시 147557 111339 446 14473 96082 40 38 171 89 110893 4286 46 		 
201212192226 전라북도 익산시 153685 116107 462 15093 100197 42 40 179 94 115645 4768 47 		 
201212192233 전라북도 익산시 155340 117381 465 15256 101297 42 40 181 100 116916 1274 48 		 
201212192234 전라북도 익산시 157793 119168 479 15489 102831 42 40 182 105 118689 1787 49 		 
201212192236 전라북도 익산시 163506 123502 491 16019 106618 42 42 184 106 123011 4334 50 		 
201212192245 전라북도 익산시 169180 128021 502 16599 110530 45 45 193 107 127519 4519 51 		 
201212192248 전라북도 익산시 175387 132513 518 17207 114389 46 46 197 110 131995 4492 52 		 
201212192252 전라북도 익산시 178931 135126 531 17546 116641 47 47 200 114 134595 2613 53 		 
201212192253 전라북도 익산시 179931 135867 537 17630 117289 47 48 200 116 135330 741 54 		 
201212192254 전라북도 익산시 181415 137027 546 17792 118271 47 50 205 116 136481 1160 55 		 
201212192259 전라북도 익산시 184575 139289 558 18342 119958 50 51 209 121 138731 2262 56 		 
201212192303 전라북도 익산시 186228 140533 564 18564 120965 51 53 213 123 139969 1244 57 		 
201212192305 전라북도 익산시 193068 145625 589 19249 125325 51 54 230 127 145036 5092 58 		 
201212192310 전라북도 익산시 197651 149177 594 19645 128466 52 56 234 130 148583 3552 59 		 
201212192314 전라북도 익산시 200648 151490 605 19957 130443 59 56 238 132 150885 2313 60 		 
201212192316 전라북도 익산시 204622 154183 629 20445 132609 64 56 245 135 153554 2693 61 		 
201212192317 전라북도 익산시 206095 155246 648 20579 133511 66 57 247 138 154598 1063 62 		 
201212192320 전라북도 익산시 208287 156926 664 20856 134883 67 57 255 144 156262 1680 63 		 
201212192323 전라북도 익산시 210978 158940 684 21251 136464 69 58 260 154 158256 2014 64 		 
201212192325 전라북도 익산시 213857 161011 699 21449 138313 70 60 265 155 160312 2071 65 		 
201212192327 전라북도 익산시 217204 163556 709 21760 140534 71 60 266 156 162847 2545 66 		 
201212192331 전라북도 익산시 220648 166241 723 22036 142925 71 61 267 158 165518 2685 67 		 
201212192333 전라북도 익산시 222248 167387 738 22181 143898 77 62 271 160 166649 1146 68 		 
201212192335 전라북도 익산시 225735 169987 752 22432 146226 78 64 275 160 169235 2600 69 		 
201212192344 전라북도 익산시 229265 172591 773 22806 148422 88 65 277 160 171818 2604 70 		 
201212192346 전라북도 익산시 236739 179312 867 24224 153572 96 77 296 180 178445 6721 71 		 
201212192354 전라북도 익산시 240817 182350 972 24639 156065 99 82 304 189 181378 3038 72 		 
