Time AreaA AreaB Total TotalA Invalid VoteA VoteB VoteC VoteD VoteE VoteF TotalB Diff Count
201212191933 전라남도 여수시 2072 1494 16 162 1313 0 0 1 2 1478 1494 1 		 
201212191940 전라남도 여수시 4924 3845 20 395 3422 1 0 3 4 3825 2351 2 		 
201212191944 전라남도 여수시 8004 6107 36 586 5461 5 2 8 9 6071 2262 3 		 
201212191951 전라남도 여수시 9921 7667 45 704 6891 6 2 9 10 7622 1560 4 		 
201212191954 전라남도 여수시 13638 10399 62 962 9344 7 2 10 12 10337 2732 5 		 
201212191957 전라남도 여수시 17884 13850 85 1180 12546 7 3 13 16 13765 3451 6 		 
201212191958 전라남도 여수시 19063 14711 99 1269 13293 9 10 13 18 14612 861 7 		 
201212191959 전라남도 여수시 20193 15551 108 1356 14034 9 10 14 20 15443 840 8 		 
201212192001 전라남도 여수시 21606 16654 117 1454 15026 9 10 17 21 16537 1103 9 		 
201212192003 전라남도 여수시 23903 18368 122 1616 16566 10 10 19 25 18246 1714 10 		 
201212192007 전라남도 여수시 26333 20243 139 1819 18217 11 10 21 26 20104 1875 11 		 
201212192021 전라남도 여수시 30471 23562 144 2092 21254 11 10 23 28 23418 3319 12 		 
201212192022 전라남도 여수시 33777 26259 153 2333 23694 11 11 28 29 26106 2697 13 		 
201212192024 전라남도 여수시 36066 27834 170 2446 25131 12 12 33 30 27664 1575 14 		 
201212192026 전라남도 여수시 39830 30921 190 2734 27904 12 13 35 33 30731 3087 15 		 
201212192029 전라남도 여수시 42331 32986 199 2914 29777 13 13 36 34 32787 2065 16 		 
201212192035 전라남도 여수시 44609 34685 213 3115 31258 14 13 38 34 34472 1699 17 		 
201212192037 전라남도 여수시 46999 36671 218 3282 33068 14 13 41 35 36453 1986 18 		 
201212192039 전라남도 여수시 50210 39145 229 3507 35297 15 14 45 38 38916 2474 19 		 
201212192040 전라남도 여수시 54375 42512 239 3783 38374 16 15 47 38 42273 3367 20 		 
201212192042 전라남도 여수시 56486 44118 249 3926 39820 16 15 53 39 43869 1606 21 		 
201212192043 전라남도 여수시 58975 45959 260 4064 41505 16 15 60 39 45699 1841 22 		 
201212192044 전라남도 여수시 60198 46813 266 4137 42277 16 15 61 41 46547 854 23 		 
201212192050 전라남도 여수시 62860 48964 274 4303 44251 16 15 62 43 48690 2151 24 		 
201212192052 전라남도 여수시 63565 49474 276 4337 44722 16 15 63 45 49198 510 25 		 
201212192054 전라남도 여수시 66340 51502 295 4514 46544 16 17 69 47 51207 2028 26 		 
201212192056 전라남도 여수시 69596 53877 344 4707 48637 26 31 76 56 53533 2375 27 		 
201212192057 전라남도 여수시 71037 54961 364 4798 49600 28 36 79 56 54597 1084 28 		 
201212192059 전라남도 여수시 74598 57645 375 5021 52043 28 37 82 59 57270 2684 29 		 
201212192104 전라남도 여수시 76363 58901 381 5135 53170 29 38 86 62 58520 1256 30 		 
201212192106 전라남도 여수시 79458 61489 383 5358 55530 30 39 87 62 61106 2588 31 		 
201212192108 전라남도 여수시 85383 66079 403 5787 59662 31 39 93 64 65676 4590 32 		 
201212192109 전라남도 여수시 86840 67201 426 5890 60628 37 41 109 70 66775 1122 33 		 
201212192111 전라남도 여수시 91415 70656 455 6158 63779 37 41 111 75 70201 3455 34 		 
201212192112 전라남도 여수시 91516 70727 456 6161 63842 38 41 114 75 70271 71 35 		 
201212192114 전라남도 여수시 92745 71615 464 6215 64664 38 41 116 77 71151 888 36 		 
201212192115 전라남도 여수시 92789 71640 464 6215 64689 38 41 116 77 71176 25 37 		 
201212192117 전라남도 여수시 92897 71726 464 6219 64769 38 42 116 78 71262 86 38 		 
201212192146 전라남도 여수시 93191 71948 474 6232 64964 38 42 117 81 71474 222 39 		 
201212192148 전라남도 여수시 95610 73855 480 6351 66741 40 42 119 82 73375 1907 40 		 
201212192150 전라남도 여수시 95749 73957 481 6357 66833 40 42 120 84 73476 102 41 		 
201212192151 전라남도 여수시 98686 76179 510 6548 68821 41 44 126 89 75669 2222 42 		 
201212192152 전라남도 여수시 100491 77507 519 6640 70042 43 44 130 89 76988 1328 43 		 
201212192153 전라남도 여수시 100554 77555 519 6643 70086 43 44 131 89 77036 48 44 		 
201212192154 전라남도 여수시 100834 77753 521 6650 70275 43 44 131 89 77232 198 45 		 
201212192155 전라남도 여수시 102214 78678 537 6775 71042 44 45 141 94 78141 925 46 		 
201212192156 전라남도 여수시 103876 79863 550 6919 72065 44 45 145 95 79313 1185 47 		 
201212192157 전라남도 여수시 106942 82183 571 7102 74165 48 46 154 97 81612 2320 48 		 
201212192158 전라남도 여수시 110695 84976 626 7345 76622 49 49 176 109 84350 2793 49 		 
201212192159 전라남도 여수시 112116 86092 636 7436 77630 49 51 179 111 85456 1116 50 		 
201212192200 전라남도 여수시 114334 87651 644 7580 79036 49 51 179 112 87007 1559 51 		 
201212192201 전라남도 여수시 119521 91890 656 7948 82880 50 52 188 116 91234 4239 52 		 
201212192202 전라남도 여수시 122355 94070 663 8074 84920 50 52 190 121 93407 2180 53 		 
201212192203 전라남도 여수시 124012 95474 666 8196 86196 50 52 193 121 94808 1404 54 		 
201212192205 전라남도 여수시 126133 97118 674 8323 87696 51 53 196 125 96444 1644 55 		 
201212192206 전라남도 여수시 126458 97380 686 8341 87919 54 54 201 125 96694 262 56 		 
201212192208 전라남도 여수시 126575 97450 689 8354 87971 54 54 202 126 96761 70 57 		 
201212192209 전라남도 여수시 128269 98708 695 8469 89104 54 54 206 126 98013 1258 58 		 
201212192213 전라남도 여수시 129883 99899 720 8573 90136 59 57 220 134 99179 1191 59 		 
201212192214 전라남도 여수시 131582 101259 724 8662 91396 60 58 223 136 100535 1360 60 		 
201212192216 전라남도 여수시 132717 102105 752 8714 92131 60 60 238 150 101353 846 61 		 
201212192217 전라남도 여수시 136633 104926 768 8991 94652 60 61 242 152 104158 2821 62 		 
201212192218 전라남도 여수시 137124 105267 771 9031 94938 60 63 249 155 104496 341 63 		 
201212192220 전라남도 여수시 140464 107746 779 9207 97230 61 63 250 156 106967 2479 64 		 
201212192222 전라남도 여수시 143430 110142 785 9349 99473 61 64 252 158 109357 2396 65 		 
201212192223 전라남도 여수시 145512 111685 800 9472 100862 63 66 261 161 110885 1543 66 		 
201212192225 전라남도 여수시 145921 111965 803 9509 101092 64 66 268 163 111162 280 67 		 
201212192226 전라남도 여수시 148550 113918 812 9705 102835 65 67 269 165 113106 1953 68 		 
201212192227 전라남도 여수시 152765 117059 835 10009 105635 65 68 277 170 116224 3141 69 		 
201212192228 전라남도 여수시 154684 118699 847 10135 107135 66 68 277 171 117852 1640 70 		 
201212192230 전라남도 여수시 159607 122633 866 10439 110736 67 69 284 172 121767 3934 71 		 
201212192232 전라남도 여수시 165344 126931 879 10826 114621 70 69 290 176 126052 4298 72 		 
201212192233 전라남도 여수시 167729 128754 901 10972 116255 79 75 293 179 127853 1823 73 		 
201212192235 전라남도 여수시 168095 128993 902 11006 116457 80 75 293 180 128091 239 74 		 
201212192236 전라남도 여수시 170007 130304 915 11120 117632 82 75 299 181 129389 1311 75 		 
201212192237 전라남도 여수시 170235 130443 918 11137 117749 82 75 299 183 129525 139 76 		 
201212192238 전라남도 여수시 170546 130641 919 11170 117913 82 75 299 183 129722 198 77 		 
201212192239 전라남도 여수시 170808 130817 919 11196 118062 82 75 300 183 129898 176 78 		 
201212192241 전라남도 여수시 172693 132205 930 11343 119288 83 76 301 184 131275 1388 79 		 
201212192242 전라남도 여수시 175278 133995 949 11486 120910 84 77 305 184 133046 1790 80 		 
201212192243 전라남도 여수시 178100 135893 960 11703 122568 85 77 309 191 134933 1898 81 		 
201212192244 전라남도 여수시 182281 139110 975 11999 125459 87 79 316 195 138135 3217 82 		 
201212192245 전라남도 여수시 182681 139337 975 12023 125661 87 79 317 195 138362 227 83 		 
201212192253 전라남도 여수시 185488 141439 982 12178 127593 87 80 324 195 140457 2102 84 		 
201212192254 전라남도 여수시 186705 142366 997 12246 128420 88 80 334 201 141369 927 85 		 
201212192304 전라남도 여수시 193413 147417 1012 12589 133101 89 81 340 205 146405 5051 86 		 
201212192306 전라남도 여수시 196356 149714 1027 12795 135171 90 82 343 206 148687 2297 87 		 
201212192319 전라남도 여수시 199920 152449 1044 13028 137646 92 82 348 209 151405 2735 88 		 
201212192332 전라남도 여수시 203212 154969 1062 13222 139945 93 86 352 209 153907 2520 89 		 
201212192333 전라남도 여수시 205099 156340 1104 13376 141103 97 89 356 215 155236 1371 90 		 
201212192335 전라남도 여수시 207881 158414 1116 13569 142963 101 89 359 217 157298 2074 91 		 
201212192341 전라남도 여수시 216086 165813 1234 14646 149101 113 106 375 238 164579 7399 92 		 
201212192343 전라남도 여수시 218914 168215 1257 14856 151261 115 107 377 242 166958 2402 93 		 
201212192352 전라남도 여수시 220948 169884 1266 14971 152802 117 107 377 244 168618 1669 94 		 
201212192354 전라남도 여수시 222954 171385 1278 15092 154164 119 107 380 245 170107 1501 95 		 
201212192356 전라남도 여수시 227808 175096 1296 15421 157512 119 109 389 250 173800 3711 96 		 
201212200000 전라남도 여수시 230407 177249 1302 15662 159415 119 109 392 250 175947 2153 97 		 
