Time AreaA AreaB Total TotalA Invalid VoteA VoteB VoteC VoteD VoteE VoteF TotalB Diff Count
201212191938 전라남도 담양군 1644 1287 9 151 1118 0 1 6 2 1278 1287 1 		 
201212191944 전라남도 담양군 5041 3970 29 412 3493 4 2 21 9 3941 2683 2 		 
201212191947 전라남도 담양군 5838 4593 31 451 4068 4 3 25 11 4562 623 3 		 
201212191949 전라남도 담양군 8307 6517 35 713 5721 5 4 28 11 6482 1924 4 		 
201212191958 전라남도 담양군 11282 8806 49 909 7776 6 6 44 16 8757 2289 5 		 
201212192000 전라남도 담양군 13654 10538 59 1078 9314 8 6 52 21 10479 1732 6 		 
201212192002 전라남도 담양군 14488 11188 63 1142 9884 9 7 59 24 11125 650 7 		 
201212192003 전라남도 담양군 15027 11620 67 1179 10270 9 7 62 26 11553 432 8 		 
201212192009 전라남도 담양군 17745 13781 93 1337 12227 12 9 77 26 13688 2161 9 		 
201212192013 전라남도 담양군 19280 14964 100 1446 13278 13 9 90 28 14864 1183 10 		 
201212192015 전라남도 담양군 19702 15302 103 1484 13568 14 9 94 30 15199 338 11 		 
201212192025 전라남도 담양군 21512 16718 109 1619 14827 14 11 104 34 16609 1416 12 		 
201212192030 전라남도 담양군 23241 18091 132 1745 16030 15 17 113 39 17959 1373 13 		 
201212192048 전라남도 담양군 24807 19542 152 2051 17136 16 22 116 49 19390 1451 14 		 
201212192050 전라남도 담양군 25752 20277 160 2102 17805 16 22 120 52 20117 735 15 		 
201212192052 전라남도 담양군 25953 20369 160 2124 17875 16 22 120 52 20209 92 16 		 
201212192112 전라남도 담양군 27365 21441 167 2231 18819 16 23 132 53 21274 1072 17 		 
201212192116 전라남도 담양군 28326 22221 175 2283 19529 16 23 140 55 22046 780 18 		 
201212192117 전라남도 담양군 29864 23401 178 2369 20614 17 24 142 57 23223 1180 19 		 
201212192119 전라남도 담양군 32529 25454 188 2526 22486 17 25 149 63 25266 2053 20 		 
201212192120 전라남도 담양군 32870 25707 190 2548 22714 17 25 150 63 25517 253 21 		 
201212192122 전라남도 담양군 33593 26288 195 2596 23239 17 25 152 64 26093 581 22 		 
201212192124 전라남도 담양군 35109 27494 205 2703 24315 18 25 158 70 27289 1206 23 		 
201212192126 전라남도 담양군 35788 28034 206 2769 24785 18 25 161 70 27828 540 24 		 
201212192128 전라남도 담양군 37614 29445 222 2901 26030 18 27 175 72 29223 1411 25 		 
201212192130 전라남도 담양군 38188 29904 226 2938 26435 19 27 186 73 29678 459 26 		 
201212192131 전라남도 담양군 40636 31746 244 3084 28099 19 27 192 81 31502 1842 27 		 
