Time AreaA AreaB Total TotalA Invalid VoteA VoteB VoteC VoteD VoteE VoteF TotalB Diff Count
201212191924 전라남도 함평군 1054 772 5 62 699 0 0 4 2 767 772 1 		 
201212191931 전라남도 함평군 2069 1576 13 133 1409 1 1 11 8 1563 804 2 		 
201212191934 전라남도 함평군 3174 2345 21 195 2095 2 1 18 13 2324 769 3 		 
201212191935 전라남도 함평군 5045 3837 34 326 3428 3 4 23 19 3803 1492 4 		 
201212191937 전라남도 함평군 5433 4142 34 350 3704 3 4 26 21 4108 305 5 		 
201212191941 전라남도 함평군 6812 5148 42 471 4576 3 5 29 22 5106 1006 6 		 
201212191943 전라남도 함평군 8414 6355 46 570 5664 5 5 37 28 6309 1207 7 		 
201212191952 전라남도 함평군 10800 8246 56 739 7374 5 5 37 30 8190 1891 8 		 
201212191954 전라남도 함평군 11398 8715 58 765 7809 5 6 40 32 8657 469 9 		 
201212191956 전라남도 함평군 11955 9148 66 816 8182 5 6 40 33 9082 433 10 		 
201212191958 전라남도 함평군 13304 10140 79 890 9071 5 7 51 37 10061 992 11 		 
201212192000 전라남도 함평군 14773 11222 87 1010 10007 7 8 58 45 11135 1082 12 		 
201212192002 전라남도 함평군 16863 12767 105 1151 11370 9 12 72 48 12662 1545 13 		 
201212192017 전라남도 함평군 17177 13005 108 1172 11575 10 12 75 53 12897 238 14 		 
201212192018 전라남도 함평군 18946 14327 115 1278 12772 10 12 83 57 14212 1322 15 		 
201212192019 전라남도 함평군 20354 15392 123 1348 13749 10 12 91 59 15269 1065 16 		 
201212192020 전라남도 함평군 21672 16394 139 1425 14637 11 13 104 65 16255 1002 17 		 
201212192021 전라남도 함평군 22948 17405 151 1493 15560 11 13 108 69 17254 1011 18 		 
201212192022 전라남도 함평군 24181 18377 161 1550 16459 12 13 111 71 18216 972 19 		 
201212192027 전라남도 함평군 25405 19274 168 1606 17274 12 15 123 76 19106 897 20 		 
201212192028 전라남도 함평군 28807 22003 202 1856 19685 18 19 137 86 21801 2729 21 		 
201212192029 전라남도 함평군 30589 23351 212 1932 20934 19 21 145 88 23139 1348 22 		 
201212192030 전라남도 함평군 30688 23428 213 1958 20984 19 21 145 88 23215 77 23 		 
