Time AreaA AreaB Total TotalA Invalid VoteA VoteB VoteC VoteD VoteE VoteF TotalB Diff Count
201212191859 전라북도 무주군 58 37 0 14 23 0 0 0 0 37 37 1 		 
201212191932 전라북도 무주군 1928 1395 18 334 1028 0 2 8 5 1377 1358 2 		 
201212191933 전라북도 무주군 4752 3536 38 841 2628 3 4 13 9 3498 2141 3 		 
201212191940 전라북도 무주군 5957 4437 50 1030 3311 3 4 22 17 4387 901 4 		 
201212191944 전라북도 무주군 8376 6297 63 1432 4749 3 4 26 20 6234 1860 5 		 
201212191946 전라북도 무주군 8826 6626 66 1504 5001 3 4 27 21 6560 329 6 		 
201212191950 전라북도 무주군 9579 7195 72 1605 5451 4 4 33 26 7123 569 7 		 
201212192004 전라북도 무주군 10331 7867 83 1761 5950 6 5 34 28 7784 672 8 		 
201212192010 전라북도 무주군 12344 9369 93 2002 7189 6 7 40 32 9276 1502 9 		 
201212192028 전라북도 무주군 13570 10261 97 2186 7888 6 7 43 34 10164 892 10 		 
201212192031 전라북도 무주군 15978 12113 115 2633 9250 6 7 59 43 11998 1852 11 		 
201212192051 전라북도 무주군 17293 13110 123 2850 9994 7 7 69 60 12987 997 12 		 
201212192053 전라북도 무주군 17510 13269 123 2889 10112 7 7 70 61 13146 159 13 		 
201212192103 전라북도 무주군 19502 14749 137 3102 11342 9 9 83 67 14612 1480 14 		 
201212192108 전라북도 무주군 21335 16095 149 3470 12290 13 10 90 73 15946 1346 15 		 
