Time AreaA AreaB Total TotalA Invalid VoteA VoteB VoteC VoteD VoteE VoteF TotalB Diff Count
201212191931 전라남도 구례군 1997 1530 9 160 1359 0 1 1 0 1521 1530 1 		 
201212191934 전라남도 구례군 3305 2583 27 285 2263 1 1 5 1 2556 1053 2 		 
201212191944 전라남도 구례군 4376 3420 36 380 2986 1 2 10 5 3384 837 3 		 
201212191948 전라남도 구례군 6763 5234 51 631 4527 1 3 13 8 5183 1814 4 		 
201212191953 전라남도 구례군 8160 6315 64 751 5457 2 4 24 13 6251 1081 5 		 
201212191957 전라남도 구례군 10295 7943 68 963 6866 2 6 25 13 7875 1628 6 		 
201212191959 전라남도 구례군 11673 8973 78 1071 7768 4 7 27 18 8895 1030 7 		 
201212192004 전라남도 구례군 12090 9306 84 1108 8047 5 7 33 22 9222 333 8 		 
201212192005 전라남도 구례군 12481 9605 87 1162 8284 5 7 35 25 9518 299 9 		 
201212192009 전라남도 구례군 13408 10324 94 1236 8917 5 9 36 27 10230 719 10 		 
201212192010 전라남도 구례군 13782 10620 96 1265 9179 6 9 36 29 10524 296 11 		 
201212192012 전라남도 구례군 14478 11159 103 1352 9617 6 9 39 33 11056 539 12 		 
201212192014 전라남도 구례군 14892 11469 104 1387 9890 6 9 40 33 11365 310 13 		 
201212192018 전라남도 구례군 16443 12675 109 1545 10925 8 9 43 36 12566 1206 14 		 
201212192023 전라남도 구례군 16518 12724 109 1558 10959 8 9 45 36 12615 49 15 		 
201212192024 전라남도 구례군 18361 14103 117 1747 12132 8 9 50 40 13986 1379 16 		 
201212192026 전라남도 구례군 19393 15059 129 1869 12946 12 11 52 40 14930 956 17 		 
201212192027 전라남도 구례군 20488 15947 132 1987 13713 12 11 52 40 15815 888 18 		 
201212192028 전라남도 구례군 20821 16201 133 2031 13917 13 11 55 41 16068 254 19 		 
201212192034 전라남도 구례군 22047 17155 143 2146 14737 13 11 58 47 17012 954 20 		 
201212192037 전라남도 구례군 22950 17833 145 2230 15328 13 11 59 47 17688 678 21 		 
