Time AreaA AreaB Total TotalA Invalid VoteA VoteB VoteC VoteD VoteE VoteF TotalB Diff Count
제주특별자치도 제주시 3809 2835 9 1492 1323 0 1 6 4 2826 1428 201212191914 2 삼도1동제2투표구 		 
제주특별자치도 제주시 6337 4522 17 2387 2097 0 1 12 8 4505 1687 201212191915 3 용담1동제1투표구 		 
제주특별자치도 제주시 9054 6548 22 3404 3094 0 2 16 10 6526 2026 201212191919 4 오라동제1투표구 		 
제주특별자치도 제주시 10154 7328 25 3866 3404 0 2 18 13 7303 780 201212191921 5 이호동제1투표구 		 
제주특별자치도 제주시 12478 9009 31 4631 4307 0 3 22 15 8978 1681 201212191922 6 오라동제2투표구 		 
제주특별자치도 제주시 14368 10439 36 5343 5012 1 4 27 16 10403 1430 201212191928 7 이호동제2투표구 		 
제주특별자치도 제주시 17819 12941 39 6475 6373 2 6 29 17 12902 2502 201212191932 8 연동제6투표구 		 
제주특별자치도 제주시 21456 15826 45 7774 7944 3 7 33 20 15781 2885 201212191938 9   		 
제주특별자치도 제주시 24508 17950 50 8941 8884 3 7 38 27 17900 2124 201212191939 10   		 
제주특별자치도 제주시 25166 18455 50 9180 9148 3 7 38 29 18405 505 201212191942 11   		 
제주특별자치도 제주시 26586 19486 58 9724 9623 3 7 40 31 19428 1031 201212191943 12   		 
제주특별자치도 제주시 28776 21124 61 10535 10437 4 8 42 37 21063 1638 201212191947 13   		 
제주특별자치도 제주시 31335 23078 64 11445 11469 4 9 45 42 23014 1954 201212191948 14   		 
제주특별자치도 제주시 35239 25630 68 12744 12713 5 9 47 44 25562 2552 201212191952 15   		 
제주특별자치도 제주시 37732 27441 74 13717 13540 5 10 50 45 27367 1811 201212191955 16   		 
제주특별자치도 제주시 40886 29706 84 14846 14661 5 11 53 46 29622 2265 201212191958 17   		 
제주특별자치도 제주시 41879 30441 91 15211 15020 5 12 54 48 30350 735 201212192003 18   		 
제주특별자치도 제주시 49274 36271 97 17826 18211 6 15 65 51 36174 5830 201212192006 19   		 
제주특별자치도 제주시 52506 38539 108 19069 19216 7 15 68 56 38431 2268 201212192008 20   		 
제주특별자치도 제주시 55311 40685 111 20180 20245 7 15 71 56 40574 2146 201212192009 21   		 
제주특별자치도 제주시 58424 42711 120 21305 21129 7 16 73 61 42591 2026 201212192011 22   		 
제주특별자치도 제주시 59347 43405 125 21594 21525 9 16 75 61 43280 694 201212192012 23   		 
제주특별자치도 제주시 60931 44554 132 22112 22132 11 17 85 65 44422 1149 201212192015 24   		 
제주특별자치도 제주시 62513 45719 142 22770 22620 12 18 87 70 45577 1165 201212192016 25   		 
제주특별자치도 제주시 65575 48054 150 23886 23819 16 20 93 70 47904 2335 201212192021 26   		 
제주특별자치도 제주시 66127 48465 153 24120 23988 17 20 94 73 48312 411 201212192023 27   		 
제주특별자치도 제주시 68310 49941 160 24919 24652 17 21 97 75 49781 1476 201212192024 28   		 
제주특별자치도 제주시 69792 50973 164 25462 25124 17 23 102 81 50809 1032 201212192025 29   		 
제주특별자치도 제주시 72660 53063 172 26539 26116 18 25 107 86 52891 2090 201212192026 30   		 
제주특별자치도 제주시 73517 53696 174 26841 26434 18 25 112 92 53522 633 201212192027 31   		 
제주특별자치도 제주시 76398 55719 175 27733 27552 19 27 117 96 55544 2023 201212192028 32   		 
제주특별자치도 제주시 79906 58476 180 28729 29297 19 31 121 99 58296 2757 201212192029 33   		 
제주특별자치도 제주시 84118 61516 185 30040 31013 19 35 124 100 61331 3040 201212192030 34   		 
제주특별자치도 제주시 85436 62412 188 30454 31483 20 35 126 106 62224 896 201212192031 35   		 
제주특별자치도 제주시 88675 64870 197 31645 32733 20 36 130 109 64673 2458 201212192034 36   		 
제주특별자치도 제주시 90334 66039 208 32361 33161 20 36 131 122 65831 1169 201212192035 37   		 
제주특별자치도 제주시 95468 69936 221 34085 35308 21 39 139 123 69715 3897 201212192036 38   		 
제주특별자치도 제주시 99589 73210 227 35564 37086 22 40 147 124 72983 3274 201212192040 39   		 
제주특별자치도 제주시 104121 76441 233 37086 38780 25 40 152 125 76208 3231 201212192043 40   		 
제주특별자치도 제주시 105453 77374 239 37674 39112 25 41 152 131 77135 933 201212192046 41   		 
제주특별자치도 제주시 107888 78998 249 38612 39782 25 42 152 136 78749 1624 201212192047 42   		 
제주특별자치도 제주시 112650 82472 258 40310 41534 27 42 160 141 82214 3474 201212192048 43   		 
제주특별자치도 제주시 115052 84256 266 41213 42398 27 44 166 142 83990 1784 201212192049 44   		 
제주특별자치도 제주시 116386 85219 273 41759 42800 28 45 168 146 84946 963 201212192050 45   		 
제주특별자치도 제주시 118840 87050 282 42712 43662 29 46 169 150 86768 1831 201212192051 46   		 
제주특별자치도 제주시 120957 88492 289 43569 44224 29 49 171 161 88203 1442 201212192052 47   		 
제주특별자치도 제주시 122559 89639 294 44168 44753 29 50 173 172 89345 1147 201212192053 48   		 
제주특별자치도 제주시 126397 92248 302 45408 46101 29 52 180 176 91946 2609 201212192054 49   		 
제주특별자치도 제주시 130165 94923 329 46921 47215 36 55 185 182 94594 2675 201212192059 50   		 
제주특별자치도 제주시 132048 96134 338 47652 47672 38 57 188 189 95796 1211 201212192100 51   		 
제주특별자치도 제주시 135018 98531 344 48802 48906 38 59 193 189 98187 2397 201212192101 52   		 
제주특별자치도 제주시 138967 101604 355 50093 50671 38 59 198 190 101249 3073 201212192102 53   		 
제주특별자치도 제주시 142184 104179 360 51215 52112 38 60 200 194 103819 2575 201212192103 54   		 
제주특별자치도 제주시 143049 104831 362 51475 52493 38 60 203 200 104469 652 201212192104 55   		 
제주특별자치도 제주시 143633 105252 366 51680 52700 38 60 204 204 104886 421 201212192109 56   		 
제주특별자치도 제주시 144102 105596 370 51907 52810 38 60 204 207 105226 344 201212192110 57   		 
제주특별자치도 제주시 150271 109922 382 54068 54948 40 60 208 216 109540 4326 201212192112 58   		 
제주특별자치도 제주시 153180 112073 391 55095 56045 43 64 212 223 111682 2151 201212192113 59   		 
제주특별자치도 제주시 154389 112919 395 55604 56374 43 65 213 225 112524 846 201212192118 60   		 
제주특별자치도 제주시 158583 115673 404 56893 57824 43 69 215 225 115269 2754 201212192122 61   		 
제주특별자치도 제주시 166681 121059 415 59516 60565 44 71 219 229 120644 5386 201212192123 62   		 
제주특별자치도 제주시 169269 123023 424 60533 61481 48 73 226 238 122599 1964 201212192124 63   		 
제주특별자치도 제주시 174499 126580 445 62312 63221 50 73 236 243 126135 3557 201212192125 64   		 
제주특별자치도 제주시 175406 127260 448 62657 63545 50 73 237 250 126812 680 201212192126 65   		 
제주특별자치도 제주시 176697 128207 454 63147 63989 51 73 239 254 127753 947 201212192127 66   		 
제주특별자치도 제주시 178849 129784 467 63940 64743 52 79 242 261 129317 1577 201212192131 67   		 
제주특별자치도 제주시 182817 132720 471 65258 66348 52 81 246 264 132249 2936 201212192132 68   		 
제주특별자치도 제주시 184760 134009 485 65894 66980 53 82 247 268 133524 1289 201212192133 69   		 
제주특별자치도 제주시 187618 136049 490 66912 67990 54 82 251 270 135559 2040 201212192134 70   		 
제주특별자치도 제주시 189591 137536 495 67726 68645 56 82 253 279 137041 1487 201212192135 71   		 
제주특별자치도 제주시 191615 139065 501 68481 69404 56 83 255 285 138564 1529 201212192137 72   		 
제주특별자치도 제주시 193609 140530 504 69182 70160 56 83 258 287 140026 1465 201212192138 73   		 
제주특별자치도 제주시 194487 141234 510 69534 70499 57 84 258 292 140724 704 201212192139 74   		 
제주특별자치도 제주시 197395 143410 523 70750 71433 57 87 259 301 142887 2176 201212192140 75   		 
제주특별자치도 제주시 199684 145295 529 71555 72500 57 89 262 303 144766 1885 201212192141 76   		 
제주특별자치도 제주시 200225 145695 533 71773 72676 57 90 262 304 145162 400 201212192142 77   		 
제주특별자치도 제주시 202530 147224 536 72607 73365 57 90 263 306 146688 1529 201212192143 78   		 
제주특별자치도 제주시 204928 148991 549 73520 74195 57 91 266 313 148442 1767 201212192144 79   		 
제주특별자치도 제주시 210928 153318 562 75713 76292 59 98 273 321 152756 4327 201212192145 80   		 
제주특별자치도 제주시 212971 154796 566 76487 76980 60 100 278 325 154230 1478 201212192146 81   		 
제주특별자치도 제주시 218314 158926 589 78697 78862 61 101 286 330 158337 4130 201212192147 82   		 
제주특별자치도 제주시 220349 160434 605 79390 79640 64 104 292 339 159829 1508 201212192148 83   		 
제주특별자치도 제주시 222680 162131 621 80311 80389 64 104 295 347 161510 1697 201212192149 84   		 
제주특별자치도 제주시 225053 163896 629 81168 81280 64 105 297 353 163267 1765 201212192151 85   		 
제주특별자치도 제주시 232518 169368 651 83847 84020 64 107 309 370 168717 5472 201212192153 86   		 
제주특별자치도 제주시 239212 174295 671 86481 86269 64 112 315 383 173624 4927 201212192155 87   		 
제주특별자치도 제주시 243175 177225 690 88107 87533 64 115 321 395 176535 2930 201212192157 88   		 
제주특별자치도 제주시 244162 177942 700 88456 87880 66 117 322 401 177242 717 201212192159 89   		 
제주특별자치도 제주시 244807 178440 706 88676 88146 67 117 322 406 177734 498 201212192200 90   		 
제주특별자치도 제주시 250637 182635 722 90769 90216 68 119 331 410 181913 4195 201212192201 91   		 
제주특별자치도 제주시 255812 186416 737 92657 92073 69 120 337 423 185679 3781 201212192202 92   		 
제주특별자치도 제주시 258757 188545 747 93786 93047 70 121 344 430 187798 2129 201212192204 93   		 
제주특별자치도 제주시 262727 191513 765 95253 94514 71 122 354 434 190748 2968 201212192205 94   		 
제주특별자치도 제주시 267441 194925 784 97041 96105 72 123 361 439 194141 3412 201212192206 95   		 
제주특별자치도 제주시 269245 196247 793 97765 96682 73 124 366 444 195454 1322 201212192207 96   		 
제주특별자치도 제주시 273350 199195 805 99386 97980 74 125 373 452 198390 2948 201212192208 97   		 
제주특별자치도 제주시 274037 199581 810 99604 98132 74 126 378 457 198771 386 201212192210 98   		 
제주특별자치도 제주시 276879 201571 816 100642 99069 75 126 380 463 200755 1990 201212192211 99   		 
제주특별자치도 제주시 279856 203735 820 101802 100065 75 126 381 466 202915 2164 201212192213 100   		 
제주특별자치도 제주시 282305 205496 832 102830 100767 76 129 385 477 204664 1761 201212192214 101   		 
제주특별자치도 제주시 285171 207589 839 103828 101849 76 130 387 480 206750 2093 201212192215 102   		 
제주특별자치도 제주시 288400 210090 843 105086 103081 78 131 390 481 209247 2501 201212192216 103   		 
제주특별자치도 제주시 289652 210717 846 105433 103349 78 131 392 488 209871 627 201212192217 104   		 
제주특별자치도 제주시 293892 213833 863 106965 104886 79 133 403 504 212970 3116 201212192218 105   		 
제주특별자치도 제주시 295948 215402 868 107777 105633 79 133 405 507 214534 1569 201212192219 106   		 
제주특별자치도 제주시 302246 219988 874 110007 107964 80 135 415 513 219114 4586 201212192220 107   		 
제주특별자치도 제주시 309143 225234 888 112507 110675 80 139 424 521 224346 5246 201212192222 108   		 
제주특별자치도 제주시 313632 228702 893 113975 112656 81 139 434 524 227809 3468 201212192223 109   		 
제주특별자치도 제주시 317679 231502 898 115366 114044 81 143 443 527 230604 2800 201212192224 110   		 
제주특별자치도 제주시 328450 241552 1066 119563 119622 94 164 473 570 240486 10050 201212192253 111   		 
