Time AreaA AreaB Total TotalA Invalid VoteA VoteB VoteC VoteD VoteE VoteF TotalB Diff Count
201212191904 제주특별자치도 서귀포시 402 300 1 138 157 1 0 2 1 299 300 1 		 
201212191906 제주특별자치도 서귀포시 1174 865 3 436 420 1 0 4 1 862 565 2 		 
201212191913 제주특별자치도 서귀포시 2196 1601 5 848 738 2 0 7 1 1596 736 3 		 
201212191916 제주특별자치도 서귀포시 2720 1997 7 1014 962 2 0 9 3 1990 396 4 		 
201212191919 제주특별자치도 서귀포시 4221 3070 10 1557 1481 2 1 13 6 3060 1073 5 		 
201212191932 제주특별자치도 서귀포시 5525 3979 19 2081 1847 5 5 14 8 3960 909 6 		 
201212191941 제주특별자치도 서귀포시 8109 5938 24 3050 2827 6 6 16 9 5914 1959 7 		 
201212191943 제주특별자치도 서귀포시 8738 6418 26 3306 3045 6 6 17 12 6392 480 8 		 
201212191944 제주특별자치도 서귀포시 9266 6816 26 3511 3234 6 6 18 15 6790 398 9 		 
201212191946 제주특별자치도 서귀포시 13065 9523 38 4784 4645 6 6 22 22 9485 2707 10 		 
201212191947 제주특별자치도 서귀포시 14399 10509 42 5242 5162 6 6 23 28 10467 986 11 		 
201212191948 제주특별자치도 서귀포시 16249 11903 43 5900 5893 8 6 23 30 11860 1394 12 		 
201212191951 제주특별자치도 서귀포시 17928 13146 49 6598 6422 8 8 27 34 13097 1243 13 		 
201212191956 제주특별자치도 서귀포시 18251 13393 51 6692 6568 8 9 29 36 13342 247 14 		 
201212191957 제주특별자치도 서귀포시 19009 13949 54 7007 6804 8 9 31 36 13895 556 15 		 
201212191958 제주특별자치도 서귀포시 19584 14378 57 7251 6984 8 9 32 37 14321 429 16 		 
201212192000 제주특별자치도 서귀포시 23329 17027 64 8444 8424 9 11 35 40 16963 2649 17 		 
201212192002 제주특별자치도 서귀포시 26697 19457 92 9739 9508 11 14 40 53 19365 2430 18 		 
201212192008 제주특별자치도 서귀포시 27354 19949 93 9977 9755 11 16 41 56 19856 492 19 		 
201212192012 제주특별자치도 서귀포시 27783 20255 96 10146 9886 11 16 41 59 20159 306 20 		 
201212192013 제주특별자치도 서귀포시 30206 21836 108 11064 10528 12 16 45 63 21728 1581 21 		 
201212192015 제주특별자치도 서귀포시 32446 23498 125 11922 11305 13 17 50 66 23373 1662 22 		 
201212192021 제주특별자치도 서귀포시 33607 24389 127 12257 11851 15 18 52 69 24262 891 23 		 
201212192022 제주특별자치도 서귀포시 36354 26287 136 13195 12792 17 18 54 75 26151 1898 24 		 
201212192025 제주특별자치도 서귀포시 38819 27971 146 14119 13531 17 21 58 79 27825 1684 25 		 
201212192026 제주특별자치도 서귀포시 42355 30312 154 15460 14517 18 21 59 83 30158 2341 26 		 
201212192027 제주특별자치도 서귀포시 43733 31323 160 16029 14945 19 22 60 88 31163 1011 27 		 
201212192042 제주특별자치도 서귀포시 44429 31870 174 16299 15203 19 22 61 92 31696 547 28 		 
201212192045 제주특별자치도 서귀포시 46576 33431 179 17071 15975 19 22 66 99 33252 1561 29 		 
201212192046 제주특별자치도 서귀포시 49022 35142 184 17962 16785 19 27 66 99 34958 1711 30 		 
201212192056 제주특별자치도 서귀포시 56637 40640 223 20562 19608 20 30 82 115 40417 5498 31 		 
201212192057 제주특별자치도 서귀포시 59140 42534 235 21624 20417 22 30 87 119 42299 1894 32 		 
201212192059 제주특별자치도 서귀포시 60997 43878 242 22352 21011 24 32 92 125 43636 1344 33 		 
201212192101 제주특별자치도 서귀포시 61351 44139 246 22471 21147 24 32 92 127 43893 261 34 		 
201212192102 제주특별자치도 서귀포시 65216 46811 259 23930 22332 25 34 99 132 46552 2672 35 		 
201212192103 제주특별자치도 서귀포시 65430 46952 260 24020 22381 25 34 100 132 46692 141 36 		 
201212192105 제주특별자치도 서귀포시 68333 49053 273 25079 23397 25 38 104 137 48780 2101 37 		 
201212192106 제주특별자치도 서귀포시 69428 49841 279 25559 23690 29 38 108 138 49562 788 38 		 
201212192111 제주특별자치도 서귀포시 70290 50495 283 25924 23972 30 38 109 139 50212 654 39 		 
201212192119 제주특별자치도 서귀포시 74369 53322 292 27488 25205 32 39 115 151 53030 2827 40 		 
201212192125 제주특별자치도 서귀포시 76332 54729 297 28323 25763 33 39 118 156 54432 1407 41 		 
201212192126 제주특별자치도 서귀포시 76849 55117 299 28502 25967 33 40 118 158 54818 388 42 		 
201212192128 제주특별자치도 서귀포시 77214 55397 302 28682 26060 33 40 118 162 55095 280 43 		 
201212192129 제주특별자치도 서귀포시 77809 55833 303 28916 26256 34 40 119 165 55530 436 44 		 
201212192131 제주특별자치도 서귀포시 79231 56804 307 29516 26622 34 40 120 165 56497 971 45 		 
201212192132 제주특별자치도 서귀포시 79573 57055 309 29636 26749 34 40 121 166 56746 251 46 		 
201212192135 제주특별자치도 서귀포시 80211 57538 317 29891 26964 34 40 122 170 57221 483 47 		 
201212192137 제주특별자치도 서귀포시 81883 58768 326 30604 27461 34 42 124 177 58442 1230 48 		 
201212192138 제주특별자치도 서귀포시 82182 58997 329 30723 27565 34 42 125 179 58668 229 49 		 
201212192139 제주특별자치도 서귀포시 83659 60071 339 31371 27973 35 42 129 182 59732 1074 50 		 
201212192143 제주특별자치도 서귀포시 85726 61579 354 32161 28667 35 43 131 188 61225 1508 51 		 
201212192148 제주특별자치도 서귀포시 85948 61733 355 32237 28742 35 43 132 189 61378 154 52 		 
201212192150 제주특별자치도 서귀포시 88269 63430 365 33223 29431 37 44 135 195 63065 1697 53 		 
201212192151 제주특별자치도 서귀포시 93563 67344 380 35161 31372 38 47 144 202 66964 3914 54 		 
201212192152 제주특별자치도 서귀포시 94713 68240 383 35590 31827 38 48 148 206 67857 896 55 		 
201212192153 제주특별자치도 서귀포시 96083 69224 391 36108 32283 38 48 149 207 68833 984 56 		 
201212192154 제주특별자치도 서귀포시 97271 70108 399 36628 32633 39 48 150 211 69709 884 57 		 
201212192155 제주특별자치도 서귀포시 98214 70780 402 36965 32959 39 50 150 215 70378 672 58 		 
201212192156 제주특별자치도 서귀포시 99010 71364 407 37377 33121 39 53 152 215 70957 584 59 		 
201212192157 제주특별자치도 서귀포시 99752 71932 409 37679 33379 39 54 154 218 71523 568 60 		 
201212192159 제주특별자치도 서귀포시 100200 72264 412 37845 33533 39 54 158 223 71852 332 61 		 
201212192200 제주특별자치도 서귀포시 100455 72467 412 37955 33626 39 54 158 223 72055 203 62 		 
201212192201 제주특별자치도 서귀포시 103673 74559 425 39121 34523 39 56 164 231 74134 2092 63 		 
201212192203 제주특별자치도 서귀포시 108504 78822 506 40983 36790 49 66 175 253 78316 4263 64 		 
201212192204 제주특별자치도 서귀포시 109045 79218 508 41238 36921 50 67 176 258 78710 396 65 		 
201212192206 제주특별자치도 서귀포시 109630 79657 509 41469 37120 50 70 178 261 79148 439 66 		 
201212192207 제주특별자치도 서귀포시 111043 80737 515 42008 37650 51 70 179 264 80222 1080 67 		 
201212192208 제주특별자치도 서귀포시 113767 82750 530 43130 38519 51 70 180 270 82220 2013 68 		 
201212192209 제주특별자치도 서귀포시 114187 83042 533 43277 38657 51 70 181 273 82509 292 69 		 
201212192210 제주특별자치도 서귀포시 115499 84023 540 43828 39073 51 72 181 278 83483 981 70 		 
201212192211 제주특별자치도 서귀포시 116832 84992 550 44369 39483 52 73 184 281 84442 969 71 		 
201212192212 제주특별자치도 서귀포시 120604 87525 557 45663 40701 53 76 190 285 86968 2533 72 		 
201212192213 제주특별자치도 서귀포시 123281 89415 566 46621 41613 54 76 194 291 88849 1890 73 		 
