Time AreaA AreaB Total TotalA Invalid VoteA VoteB VoteC VoteD VoteE VoteF TotalB Diff Count
201212191925 충청북도 충주시 1146 819 1 524 293 0 0 0 1 818 819 1 		 
201212191926 충청북도 충주시 2997 2210 5 1334 867 0 0 2 2 2205 1391 2 		 
201212191927 충청북도 충주시 6104 4507 11 2553 1936 1 0 2 4 4496 2297 3 		 
201212191928 충청북도 충주시 6953 5151 11 3019 2114 1 0 2 4 5140 644 4 		 
201212191931 충청북도 충주시 11174 8187 17 4970 3181 2 0 6 11 8170 3036 5 		 
201212191939 충청북도 충주시 14522 10470 22 6449 3967 2 1 14 15 10448 2283 6 		 
201212191942 충청북도 충주시 17224 12352 27 7456 4834 2 1 15 17 12325 1882 7 		 
201212191945 충청북도 충주시 22302 16105 45 9617 6386 2 2 25 28 16060 3753 8 		 
201212191947 충청북도 충주시 23765 17215 54 10310 6784 2 3 26 36 17161 1110 9 		 
201212191951 충청북도 충주시 27087 19649 57 11920 7589 3 3 35 42 19592 2434 10 		 
201212191952 충청북도 충주시 27578 20011 63 12174 7687 4 3 37 43 19948 362 11 		 
201212191953 충청북도 충주시 29906 21769 71 13306 8296 5 4 41 46 21698 1758 12 		 
201212191954 충청북도 충주시 32272 23561 83 14513 8840 7 7 48 63 23478 1792 13 		 
201212191958 충청북도 충주시 36593 27033 87 16475 10333 7 11 52 68 26946 3472 14 		 
201212192003 충청북도 충주시 42037 30935 99 18994 11677 7 14 60 84 30836 3902 15 		 
201212192008 충청북도 충주시 43871 32219 103 19806 12140 7 15 62 86 32116 1284 16 		 
201212192009 충청북도 충주시 46988 34519 113 21399 12819 8 15 69 96 34406 2300 17 		 
201212192010 충청북도 충주시 48683 35677 118 22160 13199 10 17 70 103 35559 1158 18 		 
201212192011 충청북도 충주시 51146 37569 120 23231 14013 10 19 72 104 37449 1892 19 		 
201212192013 충청북도 충주시 54356 39976 123 24626 15006 13 21 78 109 39853 2407 20 		 
201212192014 충청북도 충주시 56543 41569 135 25653 15545 13 22 82 119 41434 1593 21 		 
201212192015 충청북도 충주시 59200 43496 136 26767 16344 13 22 86 128 43360 1927 22 		 
201212192028 충청북도 충주시 61823 45351 142 28062 16877 17 22 91 140 45209 1855 23 		 
201212192029 충청북도 충주시 65039 47669 148 29485 17751 18 24 97 146 47521 2318 24 		 
201212192030 충청북도 충주시 69747 50924 163 31556 18905 19 25 102 154 50761 3255 25 		 
201212192031 충청북도 충주시 73142 53421 169 33115 19819 20 26 110 162 53252 2497 26 		 
201212192032 충청북도 충주시 78321 57221 187 35518 21176 21 30 120 169 57034 3800 27 		 
201212192044 충청북도 충주시 83112 60812 199 37521 22735 23 30 126 178 60613 3591 28 		 
201212192045 충청북도 충주시 89307 65438 219 40390 24449 25 34 136 185 65219 4626 29 		 
201212192106 충청북도 충주시 92032 67265 222 41536 25121 25 35 140 186 67043 1827 30 		 
201212192107 충청북도 충주시 97124 70896 232 43938 26328 25 39 142 192 70664 3631 31 		 
201212192108 충청북도 충주시 103140 75313 240 46601 28063 26 39 149 195 75073 4417 32 		 
201212192124 충청북도 충주시 109170 79852 253 49124 30053 28 41 152 201 79599 4539 33 		 
201212192125 충청북도 충주시 112854 82510 260 50869 30941 30 41 159 210 82250 2658 34 		 
201212192126 충청북도 충주시 115077 84096 263 51848 31536 31 42 165 211 83833 1586 35 		 
201212192127 충청북도 충주시 119972 88597 328 53925 33856 36 52 172 228 88269 4501 36 		 
201212192130 충청북도 충주시 120452 88928 329 54048 34058 37 52 175 229 88599 331 37 		 
201212192134 충청북도 충주시 123015 90684 334 55178 34673 38 53 175 233 90350 1756 38 		 
201212192135 충청북도 충주시 126701 93224 344 56670 35699 38 55 179 239 92880 2540 39 		 
201212192136 충청북도 충주시 133892 98568 351 59633 38054 42 60 186 242 98217 5344 40 		 
201212192143 충청북도 충주시 140581 103567 361 62666 40000 42 64 191 243 103206 4999 41 		 
201212192153 충청북도 충주시 146694 108174 368 65279 41970 43 65 197 252 107806 4607 42 		 
201212192154 충청북도 충주시 151949 112166 380 67527 43691 44 69 202 253 111786 3992 43 		 
201212192155 충청북도 충주시 157711 116282 386 69948 45373 44 69 205 257 115896 4116 44 		 
201212192208 충청북도 충주시 164078 120921 397 72625 47304 45 70 208 272 120524 4639 45 		 
201212192209 충청북도 충주시 166618 122824 399 73561 48264 45 70 212 273 122425 1903 46 		 
