Time AreaA AreaB Total TotalA Invalid VoteA VoteB VoteC VoteD VoteE VoteF TotalB Diff Count
201212191925 충청남도 아산시 1991 1260 2 772 484 0 1 0 1 1258 1260 1 		 
201212191933 충청남도 아산시 3573 2390 13 1484 885 1 1 2 4 2377 1130 2 		 
201212191939 충청남도 아산시 6682 4618 16 2857 1732 1 3 3 6 4602 2228 3 		 
201212191942 충청남도 아산시 7176 4993 18 3125 1836 1 3 3 7 4975 375 4 		 
201212191945 충청남도 아산시 8873 6164 24 3906 2213 2 4 5 10 6140 1171 5 		 
201212191947 충청남도 아산시 10093 6915 24 4429 2439 2 4 5 12 6891 751 6 		 
201212191949 충청남도 아산시 12153 8578 27 5142 3383 2 5 6 13 8551 1663 7 		 
201212191956 충청남도 아산시 13678 9618 37 5845 3703 2 5 6 20 9581 1040 8 		 
201212192000 충청남도 아산시 14293 10035 39 6010 3951 2 5 8 20 9996 417 9 		 
201212192001 충청남도 아산시 16010 11231 51 6822 4311 3 7 11 26 11180 1196 10 		 
201212192003 충청남도 아산시 17175 12015 54 7376 4532 5 8 11 29 11961 784 11 		 
201212192005 충청남도 아산시 20726 14473 60 8619 5732 5 8 18 31 14413 2458 12 		 
201212192010 충청남도 아산시 22995 16051 64 9631 6287 5 9 21 34 15987 1578 13 		 
201212192012 충청남도 아산시 25619 17902 67 10802 6960 6 9 24 34 17835 1851 14 		 
201212192014 충청남도 아산시 29765 21003 73 12414 8423 8 13 32 40 20930 3101 15 		 
201212192016 충청남도 아산시 32771 23317 82 13605 9526 8 15 37 44 23235 2314 16 		 
201212192017 충청남도 아산시 33837 24102 89 14094 9809 9 16 38 47 24013 785 17 		 
201212192018 충청남도 아산시 35318 25210 94 14808 10192 9 16 40 51 25116 1108 18 		 
201212192019 충청남도 아산시 36911 26548 97 15367 10966 9 16 41 52 26451 1338 19 		 
201212192020 충청남도 아산시 38098 27427 101 15961 11244 10 16 43 52 27326 879 20 		 
201212192021 충청남도 아산시 40026 28750 104 16717 11802 10 17 45 55 28646 1323 21 		 
201212192028 충청남도 아산시 42990 30577 110 17652 12678 11 21 46 59 30467 1827 22 		 
201212192029 충청남도 아산시 46853 33487 117 19231 13994 12 21 52 60 33370 2910 23 		 
201212192030 충청남도 아산시 48673 34741 121 20007 14466 12 21 52 62 34620 1254 24 		 
201212192031 충청남도 아산시 54363 38774 133 22300 16172 14 26 61 68 38641 4033 25 		 
201212192032 충청남도 아산시 56007 39994 142 23105 16565 16 28 63 75 39852 1220 26 		 
201212192033 충청남도 아산시 58955 42002 147 24199 17464 16 32 64 80 41855 2008 27 		 
201212192034 충청남도 아산시 61061 43526 149 25057 18123 16 32 66 83 43377 1524 28 		 
201212192035 충청남도 아산시 62129 44303 152 25601 18351 16 32 67 84 44151 777 29 		 
201212192036 충청남도 아산시 68184 48618 162 27953 20283 17 36 77 90 48456 4315 30 		 
201212192038 충청남도 아산시 70498 50231 167 28964 20878 17 36 78 91 50064 1613 31 		 
201212192039 충청남도 아산시 72517 51625 169 29894 21335 17 37 78 95 51456 1394 32 		 
201212192040 충청남도 아산시 74193 52570 171 30287 21881 18 37 81 95 52399 945 33 		 
201212192041 충청남도 아산시 74753 52987 173 30566 22014 18 37 82 97 52814 417 34 		 
201212192043 충청남도 아산시 76044 53902 173 31160 22332 19 37 83 98 53729 915 35 		 
201212192046 충청남도 아산시 77114 54713 178 31801 22490 19 37 84 104 54535 811 36 		 
201212192054 충청남도 아산시 78734 55858 183 32233 23191 19 37 89 106 55675 1145 37 		 
201212192056 충청남도 아산시 80318 56974 190 32978 23552 19 37 90 108 56784 1116 38 		 
201212192058 충청남도 아산시 84625 60206 196 34841 24906 20 42 91 110 60010 3232 39 		 
201212192102 충청남도 아산시 89082 63597 200 36593 26527 21 43 99 114 63397 3391 40 		 
201212192103 충청남도 아산시 92476 65908 202 37676 27747 22 44 100 117 65706 2311 41 		 
201212192104 충청남도 아산시 94699 67467 205 38449 28526 23 44 101 119 67262 1559 42 		 
201212192109 충청남도 아산시 96988 69295 207 39179 29617 24 44 105 119 69088 1828 43 		 
201212192134 충청남도 아산시 98257 70235 211 39872 29856 24 44 107 121 70024 940 44 		 
201212192136 충청남도 아산시 101890 72661 217 41011 31131 24 48 107 123 72444 2426 45 		 
201212192138 충청남도 아산시 104388 74661 217 41849 32289 24 49 109 124 74444 2000 46 		 
201212192140 충청남도 아산시 107447 77245 224 42859 33852 26 50 110 124 77021 2584 47 		 
201212192146 충청남도 아산시 108706 78127 226 43406 34178 26 50 113 128 77901 882 48 		 
201212192201 충청남도 아산시 111825 80419 236 44976 34881 27 51 114 134 80183 2292 49 		 
201212192202 충청남도 아산시 116039 83607 239 46642 36391 27 52 120 136 83368 3188 50 		 
201212192210 충청남도 아산시 122178 88466 249 48785 39088 28 53 125 138 88217 4859 51 		 
201212192211 충청남도 아산시 126218 91638 258 50139 40894 29 53 126 139 91380 3172 52 		 
201212192212 충청남도 아산시 130037 94542 261 51599 42319 29 57 131 146 94281 2904 53 		 
201212192213 충청남도 아산시 132617 96281 265 52639 42998 30 58 139 152 96016 1739 54 		 
201212192214 충청남도 아산시 134325 97489 269 53430 43404 31 59 140 156 97220 1208 55 		 
201212192215 충청남도 아산시 137467 99479 271 54347 44461 32 64 141 163 99208 1990 56 		 
201212192216 충청남도 아산시 140047 101273 279 55420 45157 32 68 150 167 100994 1794 57 		 
201212192217 충청남도 아산시 140878 101889 284 55799 45386 32 68 150 170 101605 616 58 		 
201212192219 충청남도 아산시 143577 103764 289 56702 46346 32 73 152 170 103475 1875 59 		 
201212192220 충청남도 아산시 146211 105584 292 57859 46999 33 73 154 174 105292 1820 60 		 
201212192223 충청남도 아산시 148235 106928 301 58703 47488 33 73 154 176 106627 1344 61 		 
201212192224 충청남도 아산시 153293 110334 309 59851 49730 34 74 159 177 110025 3406 62 		 
201212192225 충청남도 아산시 154579 111338 312 60495 50082 34 74 159 182 111026 1004 63 		 
201212192226 충청남도 아산시 158677 114089 324 62007 51303 36 74 160 185 113765 2751 64 		 
201212192228 충청남도 아산시 160486 115341 329 62798 51748 39 74 163 190 115012 1252 65 		 
201212192229 충청남도 아산시 162513 116826 334 63526 52492 39 75 165 195 116492 1485 66 		 
201212192230 충청남도 아산시 163533 117619 334 64095 52706 39 76 169 200 117285 793 67 		 
201212192231 충청남도 아산시 167752 120462 337 65842 53788 40 77 174 204 120125 2843 68 		 
201212192232 충청남도 아산시 168676 121142 338 66303 54003 40 77 174 207 120804 680 69 		 
201212192235 충청남도 아산시 169779 121915 343 66857 54211 40 78 175 211 121572 773 70 		 
201212192247 충청남도 아산시 174351 125142 350 68576 55704 40 79 180 213 124792 3227 71 		 
201212192248 충청남도 아산시 178283 128019 360 69997 57139 40 81 185 217 127659 2877 72 		 
201212192250 충청남도 아산시 179891 129194 367 70770 57532 40 82 186 217 128827 1175 73 		 
201212192251 충청남도 아산시 182699 131548 369 71811 58839 40 82 190 217 131179 2354 74 		 
201212192252 충청남도 아산시 190139 136614 380 73782 61909 41 85 197 220 136234 5066 75 		 
201212192258 충청남도 아산시 193914 139713 383 75028 63753 41 86 200 222 139330 3099 76 		 
201212192302 충청남도 아산시 198518 143965 473 77113 65783 47 98 219 232 143492 4252 77 		 
201212192303 충청남도 아산시 206590 150532 488 79680 69753 49 100 227 235 150044 6567 78 		 
201212192304 충청남도 아산시 208622 151962 492 80334 70520 50 101 229 236 151470 1430 79 		 
201212192314 충청남도 아산시 212382 154698 500 81388 72189 51 101 232 237 154198 2736 80 		 
