Time AreaA AreaB Total TotalA Invalid VoteA VoteB VoteC VoteD VoteE VoteF TotalB Diff Count
201212191912 충청남도 홍성군 172 112 0 52 60 0 0 0 0 112 112 1 		 
201212191944 충청남도 홍성군 881 655 3 428 213 0 0 1 10 652 543 2 		 
201212192007 충청남도 홍성군 2473 1737 10 1100 607 1 0 4 15 1727 1082 3 		 
201212192011 충청남도 홍성군 3109 2217 22 1431 740 1 0 6 17 2195 480 4 		 
201212192014 충청남도 홍성군 5245 3777 30 2389 1326 2 1 7 22 3747 1560 5 		 
201212192018 충청남도 홍성군 6323 4572 33 2922 1580 3 1 8 25 4539 795 6 		 
201212192021 충청남도 홍성군 7853 5709 36 3715 1914 3 1 11 29 5673 1137 7 		 
201212192023 충청남도 홍성군 8706 6354 37 4208 2056 3 1 13 36 6317 645 8 		 
201212192025 충청남도 홍성군 10423 7581 49 5004 2456 4 2 18 48 7532 1227 9 		 
201212192026 충청남도 홍성군 14077 10098 52 6626 3341 4 3 20 52 10046 2517 10 		 
201212192028 충청남도 홍성군 14823 10655 55 7050 3465 4 3 22 56 10600 557 11 		 
201212192030 충청남도 홍성군 15825 11395 60 7528 3713 4 3 22 65 11335 740 12 		 
201212192031 충청남도 홍성군 17504 12590 68 8356 4052 5 4 26 79 12522 1195 13 		 
201212192034 충청남도 홍성군 21478 15379 76 10204 4971 6 6 29 87 15303 2789 14 		 
201212192035 충청남도 홍성군 23479 16869 82 11266 5376 7 6 31 101 16787 1490 15 		 
201212192039 충청남도 홍성군 24449 17587 83 11728 5622 7 6 31 110 17504 718 16 		 
201212192040 충청남도 홍성군 25452 18329 89 12234 5837 8 7 31 123 18240 742 17 		 
201212192045 충청남도 홍성군 26904 19356 94 12926 6154 8 8 35 131 19262 1027 18 		 
201212192049 충청남도 홍성군 28113 20254 99 13387 6573 8 9 38 140 20155 898 19 		 
201212192050 충청남도 홍성군 28684 20686 105 13659 6722 8 9 39 144 20581 432 20 		 
201212192052 충청남도 홍성군 29986 21637 106 14231 7095 8 9 39 149 21531 951 21 		 
201212192054 충청남도 홍성군 32825 23588 116 15447 7806 12 11 41 155 23472 1951 22 		 
201212192059 충청남도 홍성군 37173 26745 123 17117 9277 12 13 44 159 26622 3157 23 		 
201212192100 충청남도 홍성군 39847 28696 136 18493 9834 12 13 45 163 28560 1951 24 		 
201212192105 충청남도 홍성군 44434 32000 144 20159 11454 12 14 51 166 31856 3304 25 		 
201212192109 충청남도 홍성군 47864 34522 151 21606 12509 12 15 58 171 34371 2522 26 		 
201212192110 충청남도 홍성군 52399 37766 161 23556 13786 12 15 64 172 37605 3244 27 		 
201212192119 충청남도 홍성군 53475 38586 164 24071 14083 12 15 66 175 38422 820 28 		 
201212192123 충청남도 홍성군 55146 39825 169 24793 14585 14 15 67 182 39656 1239 29 		 
201212192127 충청남도 홍성군 58400 42138 183 26385 15274 15 16 75 190 41955 2313 30 		 
201212192131 충청남도 홍성군 59538 42978 194 26900 15576 15 16 77 200 42784 840 31 		 
201212192132 충청남도 홍성군 60639 43795 200 27460 15822 15 16 78 204 43595 817 32 		 
201212192133 충청남도 홍성군 61506 44462 201 27794 16148 15 17 79 208 44261 667 33 		 
201212192134 충청남도 홍성군 61971 44815 201 28043 16247 16 17 79 212 44614 353 34 		 
201212192140 충청남도 홍성군 66914 48287 208 29881 17862 18 19 85 214 48079 3472 35 		 
201212192149 충청남도 홍성군 69967 50438 214 31378 18500 18 21 87 220 50224 2151 36 		 
201212192155 충청남도 홍성군 71995 52297 249 32170 19514 20 24 92 228 52048 1859 37 		 
