Time AreaA AreaB Total TotalA Invalid VoteA VoteB VoteC VoteD VoteE VoteF TotalB Diff Count
201212191852 충청남도 서산시 342 214 1 81 131 0 0 1 0 213 214 1 		 
201212191913 충청남도 서산시 1811 1175 5 692 473 0 1 2 2 1170 961 2 		 
201212191934 충청남도 서산시 2881 1929 8 1170 743 0 1 3 4 1921 754 3 		 
201212191938 충청남도 서산시 3764 2591 10 1651 922 0 1 3 4 2581 662 4 		 
201212191939 충청남도 서산시 5339 3699 17 2390 1275 0 1 6 10 3682 1108 5 		 
201212191940 충청남도 서산시 6278 4393 20 2888 1460 0 1 10 14 4373 694 6 		 
201212191941 충청남도 서산시 7820 5429 21 3527 1853 0 1 12 15 5408 1036 7 		 
201212191943 충청남도 서산시 11136 7775 25 5090 2611 0 4 17 28 7750 2346 8 		 
201212191944 충청남도 서산시 14596 10205 33 6517 3597 1 5 22 30 10172 2430 9 		 
201212191945 충청남도 서산시 16429 11601 36 7174 4323 1 8 27 32 11565 1396 10 		 
201212191946 충청남도 서산시 18686 13293 51 8241 4917 2 8 28 46 13242 1692 11 		 
201212191950 충청남도 서산시 20586 14725 68 9142 5417 4 8 29 57 14657 1432 12 		 
201212191956 충청남도 서산시 22949 16381 73 10234 5968 5 9 31 61 16308 1656 13 		 
201212191957 충청남도 서산시 26315 18674 81 11784 6694 5 11 34 65 18593 2293 14 		 
201212191958 충청남도 서산시 29395 20970 85 12800 7964 6 15 34 66 20885 2296 15 		 
201212192009 충청남도 서산시 33173 23728 97 14484 9014 6 20 38 69 23631 2758 16 		 
201212192010 충청남도 서산시 43174 31114 117 18634 12188 9 28 49 89 30997 7386 17 		 
201212192019 충청남도 서산시 46854 33894 126 20138 13446 9 31 53 91 33768 2780 18 		 
201212192020 충청남도 서산시 50835 36742 137 21841 14566 10 32 57 99 36605 2848 19 		 
201212192021 충청남도 서산시 54829 39732 142 23534 15855 10 32 58 101 39590 2990 20 		 
201212192023 충청남도 서산시 59195 42829 151 25163 17308 10 35 60 102 42678 3097 21 		 
201212192026 충청남도 서산시 64927 46958 165 27233 19333 12 42 64 109 46793 4129 22 		 
201212192037 충청남도 서산시 66937 48447 181 28241 19784 14 44 64 119 48266 1489 23 		 
201212192038 충청남도 서산시 68515 49615 191 28983 20183 17 44 67 130 49424 1168 24 		 
201212192042 충청남도 서산시 72090 52409 199 30361 21585 17 45 70 132 52210 2794 25 		 
201212192043 충청남도 서산시 78715 57354 212 33221 23627 19 46 85 144 57142 4945 26 		 
201212192044 충청남도 서산시 81053 59078 218 34110 24446 20 47 88 149 58860 1724 27 		 
201212192045 충청남도 서산시 82496 60114 227 34767 24804 21 48 90 157 59887 1036 28 		 
201212192046 충청남도 서산시 86694 63251 236 36575 26113 22 48 97 160 63015 3137 29 		 
201212192049 충청남도 서산시 87775 64028 243 37040 26411 23 49 98 164 63785 777 30 		 
201212192057 충청남도 서산시 89178 65074 253 37645 26830 23 50 99 174 64821 1046 31 		 
201212192058 충청남도 서산시 92077 67020 261 38749 27650 24 52 104 180 66759 1946 32 		 
201212192059 충청남도 서산시 96602 70447 266 40568 29247 24 52 106 184 70181 3427 33 		 
201212192102 충청남도 서산시 99900 72755 274 41600 30501 25 56 111 188 72481 2308 34 		 
201212192103 충청남도 서산시 101088 73640 281 42167 30807 25 56 112 192 73359 885 35 		 
201212192104 충청남도 서산시 103990 75743 295 43604 31442 25 57 116 204 75448 2103 36 		 
201212192109 충청남도 서산시 105973 77154 301 44540 31900 27 58 118 210 76853 1411 37 		 
201212192110 충청남도 서산시 107698 78370 306 45362 32271 29 58 123 221 78064 1216 38 		 
201212192111 충청남도 서산시 110457 80241 313 46552 32932 29 59 130 226 79928 1871 39 		 
201212192116 충청남도 서산시 112921 82022 324 47731 33512 29 61 133 232 81698 1781 40 		 
201212192118 충청남도 서산시 116855 85058 334 49112 35145 29 62 140 236 84724 3036 41 		 
201212192119 충청남도 서산시 122296 88945 351 51432 36663 29 65 154 251 88594 3887 42 		 
201212192132 충청남도 서산시 126399 92671 449 53072 38595 40 74 160 281 92222 3726 43 		 
