Time AreaA AreaB Total TotalA Invalid VoteA VoteB VoteC VoteD VoteE VoteF TotalB Diff Count
201212191908 충청남도 예산군 2361 1734 4 1342 384 0 0 1 3 1730 1734 1 		 
201212191912 충청남도 예산군 4584 3141 9 2400 723 0 0 5 4 3132 1407 2 		 
201212191914 충청남도 예산군 9272 6683 18 4825 1818 1 0 11 10 6665 3542 3 		 
201212191916 충청남도 예산군 11026 7977 23 5781 2147 1 0 14 11 7954 1294 4 		 
201212191918 충청남도 예산군 13507 9788 33 7165 2558 2 1 15 14 9755 1811 5 		 
201212191922 충청남도 예산군 16688 12246 39 8674 3492 3 1 22 15 12207 2458 6 		 
201212191923 충청남도 예산군 19130 14069 47 9880 4096 3 1 23 19 14022 1823 7 		 
201212191931 충청남도 예산군 21832 15996 59 11245 4634 4 3 25 26 15937 1927 8 		 
201212191933 충청남도 예산군 24207 17737 62 12446 5166 5 3 28 27 17675 1741 9 		 
201212191934 충청남도 예산군 26790 19614 70 13778 5696 5 4 29 32 19544 1877 10 		 
201212191935 충청남도 예산군 27554 20200 74 14235 5818 5 4 29 35 20126 586 11 		 
201212191937 충청남도 예산군 29627 21780 85 15381 6235 5 4 31 39 21695 1580 12 		 
201212191942 충청남도 예산군 31927 23444 91 16605 6654 6 5 37 46 23353 1664 13 		 
201212191944 충청남도 예산군 34451 25239 94 17981 7056 8 6 39 55 25145 1795 14 		 
201212191946 충청남도 예산군 37767 27768 104 19557 7990 9 7 44 57 27664 2529 15 		 
201212191947 충청남도 예산군 39337 28873 106 20348 8299 9 7 45 59 28767 1105 16 		 
201212191950 충청남도 예산군 40297 29618 111 20844 8539 9 7 46 62 29507 745 17 		 
201212191953 충청남도 예산군 43375 31883 128 22508 9103 9 7 51 77 31755 2265 18 		 
201212191957 충청남도 예산군 44228 32517 133 22991 9242 9 7 53 82 32384 634 19 		 
201212192003 충청남도 예산군 45229 33262 140 23512 9454 9 7 54 86 33122 745 20 		 
201212192004 충청남도 예산군 46062 33895 144 23947 9642 9 7 58 88 33751 633 21 		 
201212192006 충청남도 예산군 46919 34553 148 24456 9783 9 7 59 91 34405 658 22 		 
201212192010 충청남도 예산군 48222 35504 151 25134 10047 10 7 59 96 35353 951 23 		 
201212192011 충청남도 예산군 49608 36488 156 25891 10263 10 9 59 100 36332 984 24 		 
201212192012 충청남도 예산군 50302 36997 157 26249 10407 11 9 60 104 36840 509 25 		 
201212192014 충청남도 예산군 53933 39640 163 28148 11138 11 9 63 108 39477 2643 26 		 
201212192015 충청남도 예산군 55034 40422 167 28693 11362 14 9 66 111 40255 782 27 		 
201212192017 충청남도 예산군 56785 41730 172 29597 11746 16 9 68 122 41558 1308 28 		 
201212192019 충청남도 예산군 60039 44024 185 31202 12411 16 9 72 129 43839 2294 29 		 
201212192021 충청남도 예산군 60959 44691 189 31718 12552 16 9 72 135 44502 667 30 		 
201212192028 충청남도 예산군 63080 46647 216 32656 13530 17 14 76 138 46431 1956 31 		 
201212192030 충청남도 예산군 65834 48688 230 34057 14141 18 14 80 148 48458 2041 32 		 
201212192034 충청남도 예산군 67812 50120 238 35099 14516 18 15 81 153 49882 1432 33 		 
201212192035 충청남도 예산군 68030 50276 239 35187 14582 18 15 81 154 50037 156 34 		 
201212192036 충청남도 예산군 69665 51475 246 36021 14935 18 15 85 155 51229 1199 35 		 
201212192038 충청남도 예산군 71974 53169 262 37225 15394 19 15 88 166 52907 1694 36 		 
