Time AreaA AreaB Total TotalA Invalid VoteA VoteB VoteC VoteD VoteE VoteF TotalB Diff Count
201212191927 충청남도 청양군 1468 1093 4 750 334 0 0 3 2 1089 1093 1 		 
201212191932 충청남도 청양군 2520 1866 8 1262 580 1 1 5 9 1858 773 2 		 
201212191936 충청남도 청양군 4303 3199 12 2146 1013 3 2 8 15 3187 1333 3 		 
201212191947 충청남도 청양군 6094 4519 25 3014 1439 3 2 13 23 4494 1320 4 		 
201212191957 충청남도 청양군 7729 5739 28 3857 1806 4 3 14 27 5711 1220 5 		 
201212192014 충청남도 청양군 8360 6223 39 4176 1955 4 3 15 31 6184 484 6 		 
201212192027 충청남도 청양군 9772 7291 47 4938 2230 5 4 20 47 7244 1068 7 		 
201212192034 충청남도 청양군 12802 9632 51 6422 3071 6 4 26 52 9581 2341 8 		 
201212192039 충청남도 청양군 13659 10402 64 6782 3456 8 7 28 57 10338 770 9 		 
201212192041 충청남도 청양군 13724 10441 64 6804 3473 8 7 28 57 10377 39 10 		 
201212192043 충청남도 청양군 14362 10905 66 7075 3657 8 7 31 61 10839 464 11 		 
201212192044 충청남도 청양군 15484 11763 74 7667 3902 9 8 34 69 11689 858 12 		 
201212192047 충청남도 청양군 17023 12899 78 8394 4295 10 11 37 74 12821 1136 13 		 
201212192049 충청남도 청양군 17857 13505 83 8813 4470 10 11 38 80 13422 606 14 		 
201212192105 충청남도 청양군 18851 14230 92 9290 4700 11 13 41 83 14138 725 15 		 
201212192120 충청남도 청양군 19377 14620 95 9558 4814 12 13 42 86 14525 390 16 		 
201212192122 충청남도 청양군 20053 15150 99 9920 4971 13 14 43 90 15051 530 17 		 
201212192125 충청남도 청양군 21059 15924 104 10330 5327 13 14 45 91 15820 774 18 		 
201212192132 충청남도 청양군 21737 16432 108 10620 5533 14 14 47 96 16324 508 19 		 
201212192134 충청남도 청양군 22275 16826 113 10900 5637 14 14 47 101 16713 394 20 		 
201212192135 충청남도 청양군 23002 17388 121 11240 5844 14 14 49 106 17267 562 21 		 
201212192136 충청남도 청양군 24470 18499 128 11939 6241 15 14 49 113 18371 1111 22 		 
201212192138 충청남도 청양군 26221 19813 140 12835 6627 17 15 51 128 19673 1314 23 		 
201212192140 충청남도 청양군 27566 20849 147 13490 6989 17 15 54 137 20702 1036 24 		 
