Time AreaA AreaB Total TotalA Invalid VoteA VoteB VoteC VoteD VoteE VoteF TotalB Diff Count
201212191939 충청북도 청주시상당구 3212 2496 4 1403 1079 2 0 6 2 2492 2496 1 		 
201212191945 충청북도 청주시상당구 6259 4728 9 2803 1899 2 2 9 4 4719 2232 2 		 
201212191947 충청북도 청주시상당구 8520 6372 11 3809 2533 2 2 10 5 6361 1644 3 		 
201212191949 충청북도 청주시상당구 11623 8660 18 5326 3287 2 4 14 9 8642 2288 4 		 
201212191950 충청북도 청주시상당구 15651 11780 23 6767 4955 2 6 15 12 11757 3120 5 		 
201212191952 충청북도 청주시상당구 16232 12186 24 6932 5193 2 6 16 13 12162 406 6 		 
201212191954 충청북도 청주시상당구 24742 18935 37 10562 8284 6 8 22 16 18898 6749 7 		 
201212191956 충청북도 청주시상당구 27734 21227 43 11974 9143 10 10 25 22 21184 2292 8 		 
201212191957 충청북도 청주시상당구 30937 23413 47 13378 9912 11 10 30 25 23366 2186 9 		 
201212191959 충청북도 청주시상당구 35087 26483 54 14943 11400 11 11 36 28 26429 3070 10 		 
201212192001 충청북도 청주시상당구 38747 29101 59 16259 12687 12 14 39 31 29042 2618 11 		 
201212192005 충청북도 청주시상당구 41624 31155 64 17570 13419 13 15 41 33 31091 2054 12 		 
201212192006 충청북도 청주시상당구 44396 33254 74 18737 14337 13 15 41 37 33180 2099 13 		 
201212192022 충청북도 청주시상당구 47598 35663 79 20263 15210 13 15 43 40 35584 2409 14 		 
201212192024 충청북도 청주시상당구 53617 40511 86 22543 17758 13 18 47 46 40425 4848 15 		 
201212192026 충청북도 청주시상당구 59728 45043 99 25309 19501 14 18 55 47 44944 4532 16 		 
201212192033 충청북도 청주시상당구 63237 47627 119 26825 20541 16 19 59 48 47508 2584 17 		 
201212192045 충청북도 청주시상당구 66755 50186 124 28188 21720 17 20 61 56 50062 2559 18 		 
201212192052 충청북도 청주시상당구 70156 52668 132 29661 22717 17 20 63 58 52536 2482 19 		 
201212192054 충청북도 청주시상당구 72667 54561 137 30753 23509 17 21 63 61 54424 1893 20 		 
201212192057 충청북도 청주시상당구 75744 56981 144 32101 24569 18 21 66 62 56837 2420 21 		 
201212192102 충청북도 청주시상당구 79998 60459 154 33814 26313 20 21 71 66 60305 3478 22 		 
201212192105 충청북도 청주시상당구 83412 62902 162 35270 27288 20 22 72 68 62740 2443 23 		 
201212192108 충청북도 청주시상당구 87698 66246 172 36799 29083 20 25 77 70 66074 3344 24 		 
201212192109 충청북도 청주시상당구 90344 68144 180 37924 29840 20 28 81 71 67964 1898 25 		 
201212192119 충청북도 청주시상당구 93595 70534 191 39361 30769 21 28 85 79 70343 2390 26 		 
201212192123 충청북도 청주시상당구 97530 73756 197 40875 32462 21 29 90 82 73559 3222 27 		 
201212192132 충청북도 청주시상당구 103585 78499 211 43469 34582 23 30 94 90 78288 4743 28 		 
201212192136 충청북도 청주시상당구 106693 80768 249 44804 35459 31 35 95 95 80519 2269 29 		 
201212192142 충청북도 청주시상당구 110647 83871 253 46445 36912 31 37 97 96 83618 3103 30 		 
201212192150 충청북도 청주시상당구 114857 87052 257 48235 38292 32 39 101 96 86795 3181 31 		 
201212192206 충청북도 청주시상당구 117921 89398 264 49590 39271 32 39 103 99 89134 2346 32 		 
201212192209 충청북도 청주시상당구 121105 91687 273 50850 40281 32 41 109 101 91414 2289 33 		 
201212192211 충청북도 청주시상당구 126276 95201 282 52577 42050 32 41 114 105 94919 3514 34 		 
201212192213 충청북도 청주시상당구 130961 98916 287 54521 43807 33 41 120 107 98629 3715 35 		 
201212192215 충청북도 청주시상당구 134571 101638 293 55911 45127 34 41 124 108 101345 2722 36 		 
201212192216 충청북도 청주시상당구 138618 104611 301 57439 46552 36 46 127 110 104310 2973 37 		 
201212192217 충청북도 청주시상당구 143905 108757 311 59649 48462 36 49 137 113 108446 4146 38 		 
201212192218 충청북도 청주시상당구 149266 113735 387 61987 50982 43 56 143 137 113348 4978 39 		 
201212192220 충청북도 청주시상당구 153892 117470 394 63787 52894 43 60 150 142 117076 3735 40 		 
201212192221 충청북도 청주시상당구 157914 120764 404 65381 54572 44 63 154 146 120360 3294 41 		 
201212192223 충청북도 청주시상당구 160753 123173 409 66538 55817 44 63 156 146 122764 2409 42 		 
201212192230 충청북도 청주시상당구 164465 126052 415 68188 57035 44 63 157 150 125637 2879 43 		 
201212192231 충청북도 청주시상당구 168151 128856 423 69660 58351 45 64 159 154 128433 2804 44 		 
201212192232 충청북도 청주시상당구 170882 130884 427 70921 59108 45 67 161 155 130457 2028 45 		 
201212192233 충청북도 청주시상당구 174315 133416 435 72470 60072 48 69 164 158 132981 2532 46 		 
201212192234 충청북도 청주시상당구 178432 136589 440 73870 61831 48 70 167 163 136149 3173 47 		 
201212192235 충청북도 청주시상당구 185497 141798 448 76695 64194 49 71 173 168 141350 5209 48 		 
