Time AreaA AreaB Total TotalA Invalid VoteA VoteB VoteC VoteD VoteE VoteF TotalB Diff Count
201212191955 충청북도 제천시 964 717 1 464 247 0 2 1 2 716 717 1 		 
201212191959 충청북도 제천시 3503 2684 6 1466 1199 0 3 5 5 2678 1967 2 		 
201212192004 충청북도 제천시 7606 5586 17 3291 2249 0 6 11 12 5569 2902 3 		 
201212192006 충청북도 제천시 11236 8366 28 4840 3457 2 8 16 15 8338 2780 4 		 
201212192008 충청북도 제천시 14357 10941 31 6152 4710 2 9 21 16 10910 2575 5 		 
201212192012 충청북도 제천시 21228 15837 50 9357 6366 3 11 24 26 15787 4896 6 		 
201212192015 충청북도 제천시 25493 18975 65 11380 7449 6 11 30 34 18910 3138 7 		 
201212192017 충청북도 제천시 26927 20065 69 12126 7780 6 12 32 40 19996 1090 8 		 
201212192018 충청북도 제천시 28275 21051 87 12755 8101 9 13 38 48 20964 986 9 		 
201212192020 충청북도 제천시 31084 23118 97 14041 8863 9 14 41 53 23021 2067 10 		 
201212192022 충청북도 제천시 31567 23478 99 14270 8988 9 14 41 57 23379 360 11 		 
201212192031 충청북도 제천시 33405 24807 108 15210 9365 9 14 42 59 24699 1329 12 		 
201212192033 충청북도 제천시 35952 26678 115 16408 10021 9 15 47 63 26563 1871 13 		 
201212192037 충청북도 제천시 42899 31922 122 19386 12263 10 15 53 73 31800 5244 14 		 
201212192041 충청북도 제천시 44418 33099 126 20091 12727 10 15 55 75 32973 1177 15 		 
201212192042 충청북도 제천시 45275 33732 139 20484 12948 11 15 56 79 33593 633 16 		 
201212192043 충청북도 제천시 47046 35000 141 21333 13359 11 16 59 81 34859 1268 17 		 
201212192047 충청북도 제천시 50442 37465 157 23012 14117 11 18 63 87 37308 2465 18 		 
201212192056 충청북도 제천시 51934 38560 159 23647 14572 12 18 64 88 38401 1095 19 		 
201212192059 충청북도 제천시 55327 41014 164 25290 15364 12 21 67 96 40850 2454 20 		 
201212192102 충청북도 제천시 58359 43010 173 26320 16314 13 22 70 98 42837 1996 21 		 
201212192107 충청북도 제천시 59290 43695 176 26834 16475 13 22 73 102 43519 685 22 		 
201212192111 충청북도 제천시 59478 43838 178 26940 16509 13 22 74 102 43660 143 23 		 
201212192112 충청북도 제천시 63337 46674 207 28690 17544 14 25 78 116 46467 2836 24 		 
201212192113 충청북도 제천시 65363 48105 211 29676 17979 14 25 83 117 47894 1431 25 		 
201212192115 충청북도 제천시 66795 49150 214 30305 18387 17 26 84 117 48936 1045 26 		 
201212192119 충청북도 제천시 68956 50796 222 31339 18984 17 26 88 120 50574 1646 27 		 
201212192124 충청북도 제천시 71378 52659 224 32500 19680 17 26 91 121 52435 1863 28 		 
201212192125 충청북도 제천시 73914 54489 235 33711 20274 18 28 95 128 54254 1830 29 		 
201212192127 충청북도 제천시 76922 56874 238 35215 21147 19 28 96 131 56636 2385 30 		 
201212192128 충청북도 제천시 78498 58000 244 36027 21445 19 31 99 135 57756 1126 31 		 
201212192133 충청북도 제천시 83273 61533 250 37849 23140 20 32 103 139 61283 3533 32 		 
201212192141 충청북도 제천시 84871 62706 256 38596 23538 21 33 110 152 62450 1173 33 		 
201212192207 충청북도 제천시 88419 65481 263 40226 24668 21 35 112 156 65218 2775 34 		 
201212192208 충청북도 제천시 91431 67803 271 41695 25507 21 35 115 159 67532 2322 35 		 
201212192212 충청북도 제천시 91744 68044 271 41861 25579 22 35 115 161 67773 241 36 		 
201212192216 충청북도 제천시 95454 70895 280 43473 26800 22 36 120 164 70615 2851 37 		 
201212192219 충청북도 제천시 97856 72742 283 44685 27416 23 36 128 171 72459 1847 38 		 
201212192220 충청북도 제천시 100311 74382 286 45707 28024 24 36 133 172 74096 1640 39 		 
201212192221 충청북도 제천시 100762 74715 291 45927 28127 24 37 133 176 74424 333 40 		 
201212192222 충청북도 제천시 102703 76136 298 46822 28636 25 37 136 182 75838 1421 41 		 
201212192224 충청북도 제천시 105479 78247 303 47859 29698 25 37 140 185 77944 2111 42 		 
201212192226 충청북도 제천시 107609 79782 306 48940 30145 25 37 143 186 79476 1535 43 		 
201212192236 충청북도 제천시 110855 82747 361 50284 31682 32 42 151 195 82386 2965 44 		 
