Time AreaA AreaB Total TotalA Invalid VoteA VoteB VoteC VoteD VoteE VoteF TotalB Diff Count
201212191849 충청북도 증평군 62 45 0 22 23 0 0 0 0 45 45 1 		 
201212191947 충청북도 증평군 2671 2085 5 1077 995 0 2 3 3 2080 2040 2 		 
201212191951 충청북도 증평군 6056 4403 21 2444 1917 0 2 6 13 4382 2318 3 		 
201212192000 충청북도 증평군 8627 6232 30 3534 2635 2 3 8 20 6202 1829 4 		 
201212192005 충청북도 증평군 10074 7272 39 4233 2961 2 3 10 24 7233 1040 5 		 
201212192012 충청북도 증평군 12392 8991 47 5057 3843 2 5 11 26 8944 1719 6 		 
201212192016 충청북도 증평군 15267 11076 50 6330 4647 2 6 14 27 11026 2085 7 		 
201212192022 충청북도 증평군 18947 13690 57 7720 5857 2 6 17 31 13633 2614 8 		 
201212192030 충청북도 증평군 19721 14420 69 8095 6192 6 6 18 34 14351 730 9 		 
201212192032 충청북도 증평군 22656 16565 71 9320 7101 6 8 21 38 16494 2145 10 		 
201212192035 충청북도 증평군 24649 18079 79 10265 7651 7 8 21 48 18000 1514 11 		 
201212192038 충청북도 증평군 26716 19576 86 11175 8223 7 9 22 54 19490 1497 12 		 
