Time AreaA AreaB Total TotalA Invalid VoteA VoteB VoteC VoteD VoteE VoteF TotalB Diff Count
201212191841 충청북도 단양군 83 60 0 29 31 0 0 0 0 60 60 1 		 
201212191914 충청북도 단양군 1244 865 5 602 255 0 0 0 3 860 805 2 		 
201212191919 충청북도 단양군 2646 1879 10 1224 629 3 0 2 11 1869 1014 3 		 
201212191923 충청북도 단양군 3323 2381 22 1570 762 5 1 4 17 2359 502 4 		 
201212191926 충청북도 단양군 6129 4471 27 2843 1567 5 1 8 20 4444 2090 5 		 
201212191930 충청북도 단양군 7090 5361 38 3259 2024 5 3 10 22 5323 890 6 		 
201212191933 충청북도 단양군 8005 6071 40 3747 2234 6 3 12 29 6031 710 7 		 
201212191937 충청북도 단양군 9859 7429 57 4586 2717 7 3 17 42 7372 1358 8 		 
201212191944 충청북도 단양군 11982 9008 60 5647 3230 7 3 18 43 8948 1579 9 		 
201212191946 충청북도 단양군 12898 9704 66 6090 3465 7 3 23 50 9638 696 10 		 
201212191949 충청북도 단양군 13064 9837 66 6171 3514 7 3 25 51 9771 133 11 		 
201212192003 충청북도 단양군 14977 11303 73 7291 3833 8 3 32 63 11230 1466 12 		 
201212192006 충청북도 단양군 16609 12467 82 8006 4253 8 4 38 76 12385 1164 13 		 
201212192008 충청북도 단양군 19540 14620 91 9464 4927 8 5 42 83 14529 2153 14 		 
201212192011 충청북도 단양군 20046 15001 94 9745 5021 8 5 42 86 14907 381 15 		 
201212192012 충청북도 단양군 20750 15520 99 10128 5145 8 6 46 88 15421 519 16 		 
201212192013 충청북도 단양군 24380 18216 106 11831 6113 11 7 49 99 18110 2696 17 		 
201212192016 충청북도 단양군 26107 19473 116 12764 6419 12 8 50 104 19357 1257 18 		 
201212192018 충청북도 단양군 26486 19763 120 12957 6510 12 8 51 105 19643 290 19 		 
