Time AreaA AreaB Total TotalA Invalid VoteA VoteB VoteC VoteD VoteE VoteF TotalB Diff Count
201212191928 충청남도 금산군 1925 1441 2 874 563 0 0 1 1 1439 1441 1 		 
201212191938 충청남도 금산군 3916 2930 13 1771 1128 0 2 5 11 2917 1489 2 		 
201212191944 충청남도 금산군 5531 4142 17 2572 1531 0 3 6 13 4125 1212 3 		 
201212191947 충청남도 금산군 6388 4777 19 2952 1776 2 3 6 19 4758 635 4 		 
201212191950 충청남도 금산군 8590 6424 24 3988 2375 2 4 7 24 6400 1647 5 		 
201212191952 충청남도 금산군 10595 7896 37 4922 2893 2 5 7 30 7859 1472 6 		 
201212191959 충청남도 금산군 12985 9661 42 5994 3577 2 7 7 32 9619 1765 7 		 
201212192009 충청남도 금산군 14392 10669 46 6605 3955 3 7 11 42 10623 1008 8 		 
201212192012 충청남도 금산군 14847 11007 46 6823 4066 3 7 15 47 10961 338 9 		 
201212192014 충청남도 금산군 17120 12493 50 7789 4582 3 7 15 47 12443 1486 10 		 
201212192019 충청남도 금산군 19753 14262 63 8817 5303 3 9 17 50 14199 1769 11 		 
201212192026 충청남도 금산군 24502 17730 70 10597 6972 3 9 21 58 17660 3468 12 		 
201212192031 충청남도 금산군 25963 18734 92 11208 7330 5 10 27 62 18642 1004 13 		 
201212192039 충청남도 금산군 26708 19275 96 11538 7535 5 10 27 64 19179 541 14 		 
201212192042 충청남도 금산군 27589 19932 97 11928 7789 5 11 32 70 19835 657 15 		 
201212192044 충청남도 금산군 28319 20475 103 12271 7976 5 11 33 76 20372 543 16 		 
201212192048 충청남도 금산군 30030 21667 113 13089 8321 7 11 37 89 21554 1192 17 		 
201212192051 충청남도 금산군 30157 21754 113 13135 8362 7 11 37 89 21641 87 18 		 
201212192053 충청남도 금산군 31247 22544 116 13667 8615 7 12 38 89 22428 790 19 		 
201212192059 충청남도 금산군 32196 23236 122 14033 8928 7 12 40 94 23114 692 20 		 
201212192105 충청남도 금산군 33801 24341 128 14729 9319 8 12 46 99 24213 1105 21 		 
201212192109 충청남도 금산군 35356 25454 132 15371 9779 8 12 50 102 25322 1113 22 		 
201212192114 충청남도 금산군 37453 26938 139 16360 10252 10 12 56 109 26799 1484 23 		 
201212192117 충청남도 금산군 39081 28082 145 17055 10683 10 14 57 118 27937 1144 24 		 
201212192120 충청남도 금산군 40184 29094 163 17501 11217 13 17 60 123 28931 1012 25 		 
201212192123 충청남도 금산군 42277 30557 172 18453 11699 13 18 62 140 30385 1463 26 		 
201212192127 충청남도 금산군 42950 31039 174 18747 11881 13 18 62 144 30865 482 27 		 
201212192131 충청남도 금산군 44722 32367 188 19610 12305 15 21 71 157 32179 1328 28 		 
201212192136 충청남도 금산군 45950 33239 194 20139 12625 15 21 74 171 33045 872 29 		 
201212192147 충청남도 금산군 46588 33723 198 20470 12762 15 21 75 182 33525 484 30 		 
