Time AreaA AreaB Total TotalA Invalid VoteA VoteB VoteC VoteD VoteE VoteF TotalB Diff Count
201212191947 충청남도 부여군 1913 1458 13 938 499 1 1 1 5 1445 1458 1 		 
201212191950 충청남도 부여군 4148 3243 23 1920 1289 1 1 2 7 3220 1785 2 		 
201212191952 충청남도 부여군 5919 4534 36 2761 1711 3 1 8 14 4498 1291 3 		 
201212191955 충청남도 부여군 9191 7005 47 4228 2697 3 3 12 15 6958 2471 4 		 
201212192001 충청남도 부여군 10464 7956 57 4867 2993 3 3 14 19 7899 951 5 		 
201212192002 충청남도 부여군 13389 10116 67 6229 3773 3 4 17 23 10049 2160 6 		 
201212192007 충청남도 부여군 15721 11720 74 7240 4357 3 4 18 24 11646 1604 7 		 
201212192008 충청남도 부여군 17387 12945 80 8079 4732 3 4 19 28 12865 1225 8 		 
201212192014 충청남도 부여군 19196 14277 93 8946 5178 3 4 19 34 14184 1332 9 		 
201212192016 충청남도 부여군 21116 15685 97 9862 5659 4 5 21 37 15588 1408 10 		 
201212192037 충청남도 부여군 21921 16277 108 10241 5852 4 5 24 43 16169 592 11 		 
201212192039 충청남도 부여군 23315 17266 122 10934 6126 4 5 26 49 17144 989 12 		 
201212192041 충청남도 부여군 25361 18750 138 11920 6604 4 6 27 51 18612 1484 13 		 
201212192045 충청남도 부여군 26309 19468 151 12412 6808 4 6 29 58 19317 718 14 		 
201212192047 충청남도 부여군 27082 20040 159 12762 7016 4 6 30 63 19881 572 15 		 
201212192055 충청남도 부여군 28522 21093 168 13380 7435 4 6 31 69 20925 1053 16 		 
201212192104 충청남도 부여군 29579 21894 175 13865 7737 5 6 34 72 21719 801 17 		 
201212192105 충청남도 부여군 31498 23268 180 14700 8264 5 6 36 77 23088 1374 18 		 
201212192106 충청남도 부여군 32266 23819 187 15074 8423 9 7 39 80 23632 551 19 		 
201212192115 충청남도 부여군 33193 24490 203 15512 8630 10 8 44 83 24287 671 20 		 
201212192116 충청남도 부여군 35173 25903 216 16533 8995 13 8 48 90 25687 1413 21 		 
201212192136 충청남도 부여군 37060 27317 237 17379 9527 14 9 53 98 27080 1414 22 		 
201212192149 충청남도 부여군 38813 28622 246 18161 10019 23 12 60 101 28376 1305 23 		 
201212192156 충청남도 부여군 39841 29368 255 18628 10274 25 13 68 105 29113 746 24 		 
201212192207 충청남도 부여군 40890 30165 267 19112 10545 36 17 74 114 29898 797 25 		 
201212192214 충청남도 부여군 40890 30166 268 19112 10545 36 17 74 114 29898 1 26 		 
201212192216 충청남도 부여군 41650 30703 275 19466 10706 38 20 78 120 30428 537 27 		 
201212192218 충청남도 부여군 42747 31513 289 20016 10934 41 22 86 125 31224 810 28 		 
201212192221 충청남도 부여군 44504 32777 313 20749 11409 43 38 96 129 32464 1264 29 		 
201212192222 충청남도 부여군 46367 34168 324 21650 11877 43 38 102 134 33844 1391 30 		 
201212192225 충청남도 부여군 47093 34730 331 21973 12105 43 38 105 135 34399 562 31 		 
201212192226 충청남도 부여군 49110 36263 337 23009 12584 45 39 107 142 35926 1533 32 		 
201212192229 충청남도 부여군 49896 36887 344 23414 12789 45 39 108 148 36543 624 33 		 
201212192235 충청남도 부여군 51459 38035 359 24003 13317 46 46 113 151 37676 1148 34 		 
201212192239 충청남도 부여군 51648 38170 362 24061 13390 46 46 114 151 37808 135 35 		 
201212192241 충청남도 부여군 53023 39218 370 24708 13773 46 46 117 158 38848 1048 36 		 
201212192242 충청남도 부여군 55051 41042 418 25518 14721 47 50 122 166 40624 1824 37 		 
201212192243 충청남도 부여군 56223 41909 421 26106 14983 49 50 123 177 41488 867 38 		 
201212192248 충청남도 부여군 57802 43090 432 26863 15385 52 50 124 184 42658 1181 39 		 
201212192256 충청남도 부여군 59406 44287 437 27672 15754 54 50 126 194 43850 1197 40 		 
201212192301 충청남도 부여군 61804 46078 448 28723 16461 55 52 130 209 45630 1791 41 		 
201212192319 충청남도 부여군 61804 46080 448 28725 16461 55 52 130 209 45632 2 42 		 
