Time AreaA AreaB Total TotalA Invalid VoteA VoteB VoteC VoteD VoteE VoteF TotalB Diff Count
201212191853 충청북도 괴산군 101 72 2 32 38 0 0 0 0 70 72 1 		 
201212191916 충청북도 괴산군 1799 1270 14 701 547 0 0 5 3 1256 1198 2 		 
201212191921 충청북도 괴산군 3586 2568 21 1488 1043 0 1 9 6 2547 1298 3 		 
201212191927 충청북도 괴산군 4192 3033 25 1803 1181 0 1 12 11 3008 465 4 		 
201212191943 충청북도 괴산군 7340 5416 39 3269 2073 1 1 14 19 5377 2383 5 		 
201212191946 충청북도 괴산군 9068 6720 40 4143 2488 2 1 16 30 6680 1304 6 		 
201212191948 충청북도 괴산군 9883 7320 41 4540 2682 3 1 18 35 7279 600 7 		 
201212191951 충청북도 괴산군 10812 7978 44 4979 2886 4 2 21 42 7934 658 8 		 
201212191958 충청북도 괴산군 12581 9230 53 5748 3350 5 2 22 50 9177 1252 9 		 
201212192000 충청북도 괴산군 13817 10106 59 6314 3641 6 3 23 60 10047 876 10 		 
201212192002 충청북도 괴산군 14745 10833 65 6774 3893 6 5 24 66 10768 727 11 		 
201212192005 충청북도 괴산군 16488 12116 79 7603 4314 10 7 27 76 12037 1283 12 		 
201212192008 충청북도 괴산군 18071 13248 92 8367 4660 11 9 29 80 13156 1132 13 		 
201212192009 충청북도 괴산군 18537 13593 96 8593 4770 11 9 30 84 13497 345 14 		 
201212192017 충청북도 괴산군 21157 15498 108 9849 5392 11 11 33 94 15390 1905 15 		 
201212192020 충청북도 괴산군 23316 17099 117 10978 5837 12 11 34 110 16982 1601 16 		 
201212192022 충청북도 괴산군 25161 18451 128 11781 6355 12 13 41 121 18323 1352 17 		 
201212192025 충청북도 괴산군 26866 19734 138 12633 6765 12 13 44 129 19596 1283 18 		 
201212192039 충청북도 괴산군 29394 21632 147 13779 7499 13 16 47 131 21485 1898 19 		 
201212192043 충청북도 괴산군 31972 23566 155 15010 8173 15 18 53 142 23411 1934 20 		 
201212192046 충청북도 괴산군 32990 24502 172 15442 8646 16 18 61 147 24330 936 21 		 
