Time AreaA AreaB Total TotalA Invalid VoteA VoteB VoteC VoteD VoteE VoteF TotalB Diff Count
201212191954 충청북도 청주시흥덕구 1420 1056 4 656 386 1 1 4 4 1052 1056 1 		 
201212191957 충청북도 청주시흥덕구 3414 2504 9 1541 941 1 1 5 6 2495 1448 2 		 
201212192002 충청북도 청주시흥덕구 5142 4001 11 2172 1797 2 1 9 9 3990 1497 3 		 
201212192005 충청북도 청주시흥덕구 7270 5547 13 2958 2548 3 2 11 12 5534 1546 4 		 
201212192013 충청북도 청주시흥덕구 10777 8144 16 4350 3742 4 2 16 14 8128 2597 5 		 
201212192022 충청북도 청주시흥덕구 11952 9000 17 4931 4007 4 3 19 19 8983 856 6 		 
201212192024 충청북도 청주시흥덕구 14902 11093 23 6130 4890 4 3 21 22 11070 2093 7 		 
201212192026 충청북도 청주시흥덕구 17776 13159 31 7266 5802 5 4 24 27 13128 2066 8 		 
201212192027 충청북도 청주시흥덕구 21443 15871 38 8776 6987 7 4 28 31 15833 2712 9 		 
201212192032 충청북도 청주시흥덕구 25058 18422 45 10025 8274 7 6 31 34 18377 2551 10 		 
201212192033 충청북도 청주시흥덕구 27427 20163 52 11006 9022 7 6 36 34 20111 1741 11 		 
201212192035 충청북도 청주시흥덕구 28509 20985 55 11551 9291 8 6 36 38 20930 822 12 		 
201212192036 충청북도 청주시흥덕구 32320 23555 69 12918 10475 8 6 40 39 23486 2570 13 		 
201212192038 충청북도 청주시흥덕구 33363 24290 72 13164 10955 8 9 43 39 24218 735 14 		 
201212192045 충청북도 청주시흥덕구 36048 26196 75 14258 11760 9 9 45 40 26121 1906 15 		 
201212192046 충청북도 청주시흥덕구 39457 28791 80 15690 12910 10 9 49 43 28711 2595 16 		 
201212192047 충청북도 청주시흥덕구 43371 32148 84 17312 14630 12 14 51 45 32064 3357 17 		 
201212192049 충청북도 청주시흥덕구 47104 35107 120 18832 16004 16 19 58 58 34987 2959 18 		 
201212192054 충청북도 청주시흥덕구 50619 37484 125 20157 17047 16 19 60 60 37359 2377 19 		 
201212192056 충청북도 청주시흥덕구 53837 39534 131 21250 17993 16 19 60 65 39403 2050 20 		 
201212192058 충청북도 청주시흥덕구 57742 42472 139 22764 19403 16 19 62 69 42333 2938 21 		 
201212192100 충청북도 청주시흥덕구 61678 45573 144 24142 21107 18 22 68 72 45429 3101 22 		 
201212192101 충청북도 청주시흥덕구 64792 47730 148 25382 22015 19 23 69 74 47582 2157 23 		 
201212192102 충청북도 청주시흥덕구 67761 49830 153 26560 22924 20 23 70 80 49677 2100 24 		 
201212192104 충청북도 청주시흥덕구 71517 53031 161 28199 24468 20 25 77 81 52870 3201 25 		 
201212192105 충청북도 청주시흥덕구 73525 54433 164 28944 25116 21 27 80 81 54269 1402 26 		 
201212192107 충청북도 청주시흥덕구 76326 56563 178 30197 25962 21 32 85 88 56385 2130 27 		 
201212192108 충청북도 청주시흥덕구 79395 58707 187 31326 26954 23 36 91 90 58520 2144 28 		 
201212192109 충청북도 청주시흥덕구 83057 61391 193 32301 28653 23 36 94 91 61198 2684 29 		 
201212192110 충청북도 청주시흥덕구 86773 64269 198 33839 29976 23 38 98 97 64071 2878 30 		 
201212192111 충청북도 청주시흥덕구 94403 69657 217 36595 32573 25 43 104 100 69440 5388 31 		 
201212192112 충청북도 청주시흥덕구 98023 72512 221 38184 33830 25 43 107 102 72291 2855 32 		 
201212192113 충청북도 청주시흥덕구 100734 74381 228 39370 34497 26 47 109 104 74153 1869 33 		 
201212192114 충청북도 청주시흥덕구 103937 76999 231 40609 35864 27 48 114 106 76768 2618 34 		 
201212192115 충청북도 청주시흥덕구 107282 79543 239 41844 37155 28 48 117 112 79304 2544 35 		 
201212192116 충청북도 청주시흥덕구 109652 81412 243 42558 38304 29 48 117 113 81169 1869 36 		 
201212192117 충청북도 청주시흥덕구 116048 86552 254 45289 40687 29 53 124 116 86298 5140 37 		 
201212192118 충청북도 청주시흥덕구 119741 89593 259 46711 42295 29 53 128 118 89334 3041 38 		 
201212192119 충청북도 청주시흥덕구 124363 93042 265 48587 43853 31 56 131 119 92777 3449 39 		 
201212192120 충청북도 청주시흥덕구 127865 95454 271 49906 44935 32 58 131 121 95183 2412 40 		 
201212192121 충청북도 청주시흥덕구 131591 98443 279 51182 46618 34 61 144 125 98164 2989 41 		 
201212192122 충청북도 청주시흥덕구 135530 101222 286 52799 47762 35 64 145 131 100936 2779 42 		 
201212192123 충청북도 청주시흥덕구 137695 102773 292 53635 48461 37 66 149 133 102481 1551 43 		 
201212192124 충청북도 청주시흥덕구 141840 106020 302 55202 50119 37 67 158 135 105718 3247 44 		 
201212192125 충청북도 청주시흥덕구 146068 109535 305 56910 51915 40 67 162 136 109230 3515 45 		 
201212192126 충청북도 청주시흥덕구 150346 113107 310 58513 53869 42 70 165 138 112797 3572 46 		 
201212192127 충청북도 청주시흥덕구 157949 118751 318 61244 56758 42 74 173 142 118433 5644 47 		 
201212192130 충청북도 청주시흥덕구 161600 121450 327 62814 57868 42 75 177 147 121123 2699 48 		 
201212192131 충청북도 청주시흥덕구 165681 124590 332 64301 59504 43 77 183 150 124258 3140 49 		 
201212192134 충청북도 청주시흥덕구 169250 127228 338 65672 60754 43 78 189 154 126890 2638 50 		 
201212192135 충청북도 청주시흥덕구 173697 130345 344 67392 62134 43 81 191 160 130001 3117 51 		 
201212192136 충청북도 청주시흥덕구 177208 132992 349 68785 63375 44 83 195 161 132643 2647 52 		 
201212192142 충청북도 청주시흥덕구 180843 135558 361 69966 64737 44 83 201 166 135197 2566 53 		 
201212192144 충청북도 청주시흥덕구 184509 138193 367 71540 65785 45 83 205 168 137826 2635 54 		 
201212192147 충청북도 청주시흥덕구 188693 141459 367 73054 67526 45 84 213 170 141092 3266 55 		 
201212192159 충청북도 청주시흥덕구 189743 142253 368 73529 67837 46 84 215 174 141885 794 56 		 
201212192200 충청북도 청주시흥덕구 193272 144817 370 74825 69096 46 84 220 176 144447 2564 57 		 
201212192201 충청북도 청주시흥덕구 197379 147987 373 76458 70618 47 85 222 184 147614 3170 58 		 
201212192202 충청북도 청주시흥덕구 205103 153678 382 79025 73717 47 88 227 192 153296 5691 59 		 
201212192203 충청북도 청주시흥덕구 209873 157496 387 80802 75744 49 90 230 194 157109 3818 60 		 
201212192204 충청북도 청주시흥덕구 214509 161033 396 82619 77448 51 90 232 197 160637 3537 61 		 
201212192205 충청북도 청주시흥덕구 218563 164290 403 84102 79205 53 91 237 199 163887 3257 62 		 
201212192206 충청북도 청주시흥덕구 225996 170181 410 86804 82369 54 93 249 202 169771 5891 63 		 
201212192207 충청북도 청주시흥덕구 229463 172970 415 87891 84060 56 93 250 205 172555 2789 64 		 
201212192208 충청북도 청주시흥덕구 231896 174714 421 88874 84810 57 94 251 207 174293 1744 65 		 
201212192211 충청북도 청주시흥덕구 235644 177514 424 90305 86170 58 94 253 210 177090 2800 66 		 
201212192213 충청북도 청주시흥덕구 239004 180198 429 91852 87294 60 94 256 213 179769 2684 67 		 
201212192214 충청북도 청주시흥덕구 242213 182824 430 93204 88562 60 97 258 213 182394 2626 68 		 
201212192230 충청북도 청주시흥덕구 245465 185566 437 94463 90032 60 97 263 214 185129 2742 69 		 
201212192231 충청북도 청주시흥덕구 253526 191572 445 97765 92711 62 98 271 220 191127 6006 70 		 
201212192232 충청북도 청주시흥덕구 258380 195210 451 99449 94649 64 99 276 222 194759 3638 71 		 
201212192234 충청북도 청주시흥덕구 260911 197094 455 100615 95356 65 99 277 227 196639 1884 72 		 
201212192235 충청북도 청주시흥덕구 264962 200466 461 102360 96968 67 101 278 231 200005 3372 73 		 
201212192236 충청북도 청주시흥덕구 272911 205913 470 105124 99630 67 104 286 232 205443 5447 74 		 
201212192237 충청북도 청주시흥덕구 277369 209174 476 106594 101405 69 106 287 237 208698 3261 75 		 
201212192239 충청북도 청주시흥덕구 280585 211623 480 108023 102414 70 107 289 240 211143 2449 76 		 
201212192241 충청북도 청주시흥덕구 283832 214155 492 109516 103431 70 110 293 243 213663 2532 77 		 
201212192243 충청북도 청주시흥덕구 286163 215719 494 110426 104075 71 112 296 245 215225 1564 78 		 
201212192245 충청북도 청주시흥덕구 294394 221931 510 113527 107157 71 114 302 250 221421 6212 79 		 
201212192246 충청북도 청주시흥덕구 298099 224803 514 114768 108776 71 115 306 253 224289 2872 80 		 
201212192248 충청북도 청주시흥덕구 300881 226835 523 115914 109642 72 116 310 258 226312 2032 81 		 
201212192251 충청북도 청주시흥덕구 305042 230177 528 117493 111394 73 118 312 259 229649 3342 82 		 
201212192254 충청북도 청주시흥덕구 309499 233821 531 118981 113531 76 118 322 262 233290 3644 83 		 
201212192255 충청북도 청주시흥덕구 318466 242166 632 122791 117887 90 129 343 294 241534 8345 84 		 
201212192317 충청북도 청주시흥덕구 322399 245334 639 124308 119523 90 129 348 297 244695 3168 85 		 
