Time AreaA AreaB Total TotalA Invalid VoteA VoteB VoteC VoteD VoteE VoteF TotalB Diff Count
201212191945 충청남도 천안시서북구 3664 2409 10 1504 888 0 2 4 1 2399 2409 1 		 
201212191949 충청남도 천안시서북구 5884 4051 13 2134 1890 0 4 8 2 4038 1642 2 		 
201212191951 충청남도 천안시서북구 8845 6051 17 3339 2675 0 6 9 5 6034 2000 3 		 
201212191953 충청남도 천안시서북구 12257 8693 24 4638 4003 0 9 12 7 8669 2642 4 		 
201212191954 충청남도 천안시서북구 14676 10415 27 5620 4733 0 9 13 13 10388 1722 5 		 
201212191959 충청남도 천안시서북구 17568 12431 29 6411 5949 1 11 15 15 12402 2016 6 		 
201212192001 충청남도 천안시서북구 21678 15772 35 7775 7918 1 11 15 17 15737 3341 7 		 
201212192005 충청남도 천안시서북구 22553 16441 37 8209 8146 1 11 18 19 16404 669 8 		 
201212192006 충청남도 천안시서북구 27089 19751 45 9872 9779 1 12 22 20 19706 3310 9 		 
201212192007 충청남도 천안시서북구 29451 21457 56 10967 10371 2 12 26 23 21401 1706 10 		 
201212192012 충청남도 천안시서북구 33044 24263 59 12290 11842 4 12 30 26 24204 2806 11 		 
201212192014 충청남도 천안시서북구 36496 26733 61 13717 12874 6 13 35 27 26672 2470 12 		 
201212192015 충청남도 천안시서북구 44236 32140 78 16241 15731 8 13 38 31 32062 5407 13 		 
201212192020 충청남도 천안시서북구 46951 34119 81 17209 16730 10 16 41 32 34038 1979 14 		 
201212192021 충청남도 천안시서북구 49757 36306 83 18082 18039 10 16 43 33 36223 2187 15 		 
201212192039 충청남도 천안시서북구 57580 41631 95 20615 20801 12 18 50 40 41536 5325 16 		 
201212192102 충청남도 천안시서북구 62359 45428 105 22283 22908 13 22 55 42 45323 3797 17 		 
201212192103 충청남도 천안시서북구 67522 49616 115 24218 25139 13 24 63 44 49501 4188 18 		 
201212192105 충청남도 천안시서북구 69804 51379 118 25226 25886 14 24 67 44 51261 1763 19 		 
201212192106 충청남도 천안시서북구 71781 52817 126 26180 26346 14 26 73 52 52691 1438 20 		 
201212192120 충청남도 천안시서북구 74385 54801 134 27102 27396 14 27 75 53 54667 1984 21 		 
201212192121 충청남도 천안시서북구 77180 56898 138 27906 28680 14 28 76 56 56760 2097 22 		 
201212192122 충청남도 천안시서북구 79494 58706 142 28697 29686 14 30 79 58 58564 1808 23 		 
201212192123 충청남도 천안시서북구 81600 60414 146 29682 30399 14 31 83 59 60268 1708 24 		 
201212192124 충청남도 천안시서북구 83695 62007 149 30489 31177 16 31 83 62 61858 1593 25 		 
201212192125 충청남도 천안시서북구 87368 64549 154 31887 32309 17 33 87 62 64395 2542 26 		 
201212192126 충청남도 천안시서북구 90627 67134 157 33031 33740 17 34 91 64 66977 2585 27 		 
201212192127 충청남도 천안시서북구 94681 70078 163 34234 35469 17 36 93 66 69915 2944 28 		 
201212192132 충청남도 천안시서북구 97544 71873 169 35075 36412 17 37 97 66 71704 1795 29 		 
201212192135 충청남도 천안시서북구 99955 73786 171 36086 37308 17 37 101 66 73615 1913 30 		 
201212192140 충청남도 천안시서북구 102442 75535 177 37138 37992 17 38 105 68 75358 1749 31 		 
201212192142 충청남도 천안시서북구 105494 77510 181 38145 38950 18 38 107 71 77329 1975 32 		 
201212192143 충청남도 천안시서북구 108657 79890 186 39482 39982 19 39 109 73 79704 2380 33 		 
201212192144 충청남도 천안시서북구 113683 83717 192 41249 42024 19 42 115 76 83525 3827 34 		 
201212192147 충청남도 천안시서북구 118505 87458 209 43395 43589 20 45 120 80 87249 3741 35 		 
201212192152 충청남도 천안시서북구 120199 88632 216 44146 43999 20 46 122 83 88416 1174 36 		 
201212192153 충청남도 천안시서북구 123376 91203 221 45376 45330 21 46 123 86 90982 2571 37 		 
201212192158 충청남도 천안시서북구 125140 92585 224 45966 46117 21 46 124 87 92361 1382 38 		 
201212192159 충청남도 천안시서북구 127399 94490 226 46854 47127 21 48 127 87 94264 1905 39 		 
201212192202 충청남도 천안시서북구 130810 96934 229 47830 48590 21 48 128 88 96705 2444 40 		 
201212192204 충청남도 천안시서북구 133936 99212 235 49065 49619 23 49 131 90 98977 2278 41 		 
201212192205 충청남도 천안시서북구 136730 101165 248 50130 50473 25 51 139 99 100917 1953 42 		 
201212192209 충청남도 천안시서북구 137777 101953 254 50668 50712 25 51 142 101 101699 788 43 		 
201212192210 충청남도 천안시서북구 142787 105316 263 52016 52709 26 54 146 102 105053 3363 44 		 
201212192215 충청남도 천안시서북구 147206 107788 268 53226 53963 27 55 147 102 107520 2472 45 		 
201212192217 충청남도 천안시서북구 150535 109806 271 54316 54880 29 56 151 103 109535 2018 46 		 
201212192218 충청남도 천안시서북구 152845 111245 273 55254 55373 29 57 156 103 110972 1439 47 		 
201212192219 충청남도 천안시서북구 160685 117092 293 58451 57985 29 60 163 111 116799 5847 48 		 
201212192223 충청남도 천안시서북구 164211 119528 302 59791 59062 31 63 165 114 119226 2436 49 		 
201212192224 충청남도 천안시서북구 166668 121153 309 60812 59649 32 64 169 118 120844 1625 50 		 
201212192225 충청남도 천안시서북구 175296 126985 323 63487 62776 34 65 177 123 126662 5832 51 		 
201212192233 충청남도 천안시서북구 176044 127482 323 63686 63072 34 65 177 125 127159 497 52 		 
201212192239 충청남도 천안시서북구 181750 132749 395 66210 65682 44 76 194 148 132354 5267 53 		 
201212192240 충청남도 천안시서북구 183492 134098 399 66954 66280 44 78 194 149 133699 1349 54 		 
201212192241 충청남도 천안시서북구 185725 135499 400 67806 66825 44 78 197 149 135099 1401 55 		 
201212192243 충청남도 천안시서북구 192010 140234 409 70102 69243 45 79 205 151 139825 4735 56 		 
201212192247 충청남도 천안시서북구 195105 142322 422 71324 70085 47 79 208 157 141900 2088 57 		 
201212192248 충청남도 천안시서북구 196428 143307 428 71933 70448 47 79 210 162 142879 985 58 		 
201212192300 충청남도 천안시서북구 206009 150002 440 74680 74371 47 82 217 165 149562 6695 59 		 
201212192301 충청남도 천안시서북구 209413 152422 445 75893 75565 48 83 221 167 151977 2420 60 		 
201212192302 충청남도 천안시서북구 213776 155896 449 77401 77519 48 84 226 169 155447 3474 61 		 
201212192303 충청남도 천안시서북구 214763 156631 456 77893 77747 48 86 227 174 156175 735 62 		 
201212192304 충청남도 천안시서북구 217269 158629 460 78936 78693 48 88 228 176 158169 1998 63 		 
201212192305 충청남도 천안시서북구 220886 161505 463 80143 80355 49 90 229 176 161042 2876 64 		 
201212192306 충청남도 천안시서북구 224523 163885 471 81328 81532 49 92 233 180 163414 2380 65 		 
201212192307 충청남도 천안시서북구 227438 166259 475 82434 82787 50 92 239 182 165784 2374 66 		 
201212192308 충청남도 천안시서북구 230173 168147 481 83406 83690 50 93 242 185 167666 1888 67 		 
201212192311 충청남도 천안시서북구 233132 170190 486 84589 84535 51 93 244 192 169704 2043 68 		 
201212192315 충청남도 천안시서북구 238024 173094 491 86054 85958 52 96 248 195 172603 2904 69 		 
201212192317 충청남도 천안시서북구 242354 176358 494 87555 87706 53 97 255 198 175864 3264 70 		 
