Time AreaA AreaB Total TotalA Invalid VoteA VoteB VoteC VoteD VoteE VoteF TotalB Diff Count
201212191906 충청북도 진천군 109 71 1 23 47 0 0 0 0 70 71 1 		 
201212192006 충청북도 진천군 3251 2327 6 1155 1163 0 1 1 1 2321 2256 2 		 
201212192014 충청북도 진천군 6667 4838 19 2495 2309 2 3 3 7 4819 2511 3 		 
201212192018 충청북도 진천군 8761 6371 25 3304 3023 2 3 5 9 6346 1533 4 		 
201212192022 충청북도 진천군 9789 7133 33 3775 3304 2 3 5 11 7100 762 5 		 
201212192028 충청북도 진천군 13033 9386 39 5117 4203 3 6 7 11 9347 2253 6 		 
201212192032 충청북도 진천군 14239 10296 45 5677 4539 3 7 9 16 10251 910 7 		 
201212192038 충청북도 진천군 16141 11745 53 6615 5029 3 8 11 26 11692 1449 8 		 
201212192052 충청북도 진천군 18628 13591 57 7671 5807 3 8 14 31 13534 1846 9 		 
201212192101 충청북도 진천군 20653 15132 62 8543 6457 5 8 17 40 15070 1541 10 		 
201212192113 충청북도 진천군 21942 16309 84 9103 7034 12 12 21 43 16225 1177 11 		 
201212192130 충청북도 진천군 25182 18581 90 10371 8021 12 12 26 49 18491 2272 12 		 
201212192132 충청북도 진천군 26493 19546 102 10931 8400 12 14 30 57 19444 965 13 		 
201212192145 충청북도 진천군 29504 21730 115 12124 9361 14 17 35 64 21615 2184 14 		 
201212192146 충청북도 진천군 30652 22590 118 12643 9692 14 19 36 68 22472 860 15 		 
201212192151 충청북도 진천군 33359 24569 126 13831 10465 15 19 39 74 24443 1979 16 		 
201212192159 충청북도 진천군 36838 27068 130 15324 11450 15 20 45 84 26938 2499 17 		 
201212192206 충청북도 진천군 40371 29445 145 16749 12372 17 21 48 93 29300 2377 18 		 
201212192214 충청북도 진천군 44825 32565 155 18371 13850 17 23 52 97 32410 3120 19 		 
201212192220 충청북도 진천군 46996 34161 159 19389 14415 18 24 55 101 34002 1596 20 		 
201212192226 충청북도 진천군 50295 36543 161 20614 15560 18 25 59 106 36382 2382 21 		 
