Time AreaA AreaB Total TotalA Invalid VoteA VoteB VoteC VoteD VoteE VoteF TotalB Diff Count
201212191900 충청북도 보은군 94 63 0 37 26 0 0 0 0 63 63 1 		 
201212191931 충청북도 보은군 1743 1318 7 893 404 0 1 1 12 1311 1255 2 		 
201212191936 충청북도 보은군 4715 3581 15 2205 1337 0 3 2 19 3566 2263 3 		 
201212191942 충청북도 보은군 5294 4040 20 2518 1471 0 4 2 25 4020 459 4 		 
201212191950 충청북도 보은군 6929 5223 21 3254 1910 0 5 3 30 5202 1183 5 		 
201212192002 충청북도 보은군 7945 6009 28 3764 2174 0 6 4 33 5981 786 6 		 
201212192005 충청북도 보은군 9722 7365 36 4592 2679 2 6 10 40 7329 1356 7 		 
201212192008 충청북도 보은군 11048 8354 45 5247 2997 3 6 13 43 8309 989 8 		 
201212192011 충청북도 보은군 14383 10907 54 6725 4046 4 7 20 51 10853 2553 9 		 
201212192013 충청북도 보은군 15073 11445 57 7061 4237 5 7 21 57 11388 538 10 		 
201212192018 충청북도 보은군 17459 13193 71 8153 4871 8 7 23 60 13122 1748 11 		 
201212192020 충청북도 보은군 19039 14388 82 8944 5247 8 8 29 70 14306 1195 12 		 
201212192022 충청북도 보은군 19981 15077 87 9319 5546 8 8 33 76 14990 689 13 		 
201212192031 충청북도 보은군 21040 16032 115 9775 6001 13 9 38 81 15917 955 14 		 
201212192037 충청북도 보은군 22722 17316 127 10603 6427 13 10 40 96 17189 1284 15 		 
201212192039 충청북도 보은군 23415 17839 133 10937 6603 14 10 44 98 17706 523 16 		 
201212192041 충청북도 보은군 24112 18348 138 11251 6785 15 11 47 101 18210 509 17 		 
201212192045 충청북도 보은군 26328 20019 154 12266 7414 15 11 49 110 19865 1671 18 		 
201212192051 충청북도 보은군 26592 20215 156 12384 7487 15 11 50 112 20059 196 19 		 
201212192103 충청북도 보은군 27740 21079 160 12916 7803 16 12 53 119 20919 864 20 		 
201212192109 충청북도 보은군 29519 22431 172 13783 8261 17 13 56 129 22259 1352 21 		 
