Time AreaA AreaB Total TotalA Invalid VoteA VoteB VoteC VoteD VoteE VoteF TotalB Diff Count
201212191919 충청북도 음성군 1046 784 4 437 338 0 0 2 3 780 784 1 		 
201212191932 충청북도 음성군 2810 2078 10 1262 790 0 0 3 13 2068 1294 2 		 
201212191935 충청북도 음성군 5605 4077 15 2532 1499 0 0 8 23 4062 1999 3 		 
201212191946 충청북도 음성군 8598 6348 22 3941 2341 1 0 12 31 6326 2271 4 		 
201212191951 충청북도 음성군 11436 8483 33 5235 3154 4 1 17 39 8450 2135 5 		 
201212191955 충청북도 음성군 12375 9179 40 5645 3429 4 2 18 41 9139 696 6 		 
201212192007 충청북도 음성군 17055 12514 55 7509 4871 6 3 24 46 12459 3335 7 		 
201212192008 충청북도 음성군 19885 14524 66 8751 5616 8 4 27 52 14458 2010 8 		 
201212192009 충청북도 음성군 23756 17097 78 10258 6658 9 4 30 60 17019 2573 9 		 
201212192011 충청북도 음성군 25197 18119 90 10837 7085 9 4 31 63 18029 1022 10 		 
201212192017 충청북도 음성군 25392 18260 92 10901 7160 9 4 31 63 18168 141 11 		 
201212192019 충청북도 음성군 27463 19726 94 11820 7696 9 4 32 71 19632 1466 12 		 
201212192032 충청북도 음성군 29995 22054 187 12974 8719 22 16 45 91 21867 2328 13 		 
201212192033 충청북도 음성군 33448 24583 194 14247 9961 22 17 49 93 24389 2529 14 		 
201212192036 충청북도 음성군 37515 27350 203 15853 11100 23 19 56 96 27147 2767 15 		 
201212192048 충청북도 음성군 39085 28415 208 16437 11573 24 19 57 97 28207 1065 16 		 
201212192050 충청북도 음성군 43398 31411 217 17954 13035 24 21 62 98 31194 2996 17 		 
201212192055 충청북도 음성군 44943 32531 222 18721 13376 26 21 63 102 32309 1120 18 		 
201212192056 충청북도 음성군 48075 34364 257 19773 14070 36 27 78 123 34107 1833 19 		 
201212192100 충청북도 음성군 49339 35278 259 20377 14373 36 27 81 125 35019 914 20 		 
201212192109 충청북도 음성군 53531 38191 270 21817 15827 36 30 84 127 37921 2913 21 		 
201212192111 충청북도 음성군 56285 40116 278 23073 16476 36 30 87 136 39838 1925 22 		 
201212192114 충청북도 음성군 60106 42674 284 24413 17680 36 32 90 139 42390 2558 23 		 
201212192116 충청북도 음성군 63057 44782 294 25592 18590 37 32 93 144 44488 2108 24 		 
201212192123 충청북도 음성군 66028 46924 298 26808 19504 37 34 96 147 46626 2142 25 		 
201212192138 충청북도 음성군 70592 50114 309 28597 20886 39 34 98 151 49805 3190 26 		 
201212192140 충청북도 음성군 71471 50648 310 28944 21063 39 34 102 156 50338 534 27 		 
201212192141 충청북도 음성군 74727 52943 317 30459 21825 40 34 108 160 52626 2295 28 		 
