Time AreaA AreaB Total TotalA Invalid VoteA VoteB VoteC VoteD VoteE VoteF TotalB Diff Count
201212191913 충청북도 청원군 430 296 2 118 175 0 0 1 0 294 296 1 		 
201212191925 충청북도 청원군 1410 1058 5 593 453 0 0 2 5 1053 762 2 		 
201212191931 충청북도 청원군 2404 1816 6 1062 736 0 0 4 8 1810 758 3 		 
201212191936 충청북도 청원군 3438 2603 10 1510 1061 0 0 7 15 2593 787 4 		 
201212191938 충청북도 청원군 4357 3280 14 1912 1322 0 3 8 21 3266 677 5 		 
201212191941 충청북도 청원군 5625 4241 27 2509 1658 4 4 10 29 4214 961 6 		 
201212191947 충청북도 청원군 7895 5948 31 3596 2264 4 6 13 34 5917 1707 7 		 
201212191950 충청북도 청원군 9856 7328 41 4502 2720 4 7 17 37 7287 1380 8 		 
201212191953 충청북도 청원군 11134 8280 45 5087 3074 5 7 17 45 8235 952 9 		 
201212191956 충청북도 청원군 14119 10504 53 6231 4135 5 7 23 50 10451 2224 10 		 
201212191958 충청북도 청원군 17031 12729 60 7512 5061 5 7 27 57 12669 2225 11 		 
201212192003 충청북도 청원군 17810 13338 61 7929 5248 6 7 27 60 13277 609 12 		 
201212192005 충청북도 청원군 19084 14264 68 8502 5587 6 8 28 65 14196 926 13 		 
201212192021 충청북도 청원군 21405 16046 78 9480 6370 7 8 32 71 15968 1782 14 		 
201212192028 충청북도 청원군 24119 18012 86 10548 7246 7 10 38 77 17926 1966 15 		 
201212192032 충청북도 청원군 25405 18966 90 11098 7638 9 10 39 82 18876 954 16 		 
201212192039 충청북도 청원군 27093 20134 93 11743 8156 9 10 40 83 20041 1168 17 		 
201212192047 충청북도 청원군 30429 22770 100 12919 9600 9 12 41 89 22670 2636 18 		 
201212192049 충청북도 청원군 33826 25131 109 14276 10584 9 13 45 95 25022 2361 19 		 
201212192051 충청북도 청원군 36118 26812 115 15205 11325 9 14 46 98 26697 1681 20 		 
201212192058 충청북도 청원군 38570 28845 116 15951 12607 9 16 48 98 28729 2033 21 		 
201212192105 충청북도 청원군 43494 32035 123 17187 14547 10 18 50 100 31912 3190 22 		 
201212192108 충청북도 청원군 46728 34409 143 18622 15449 10 21 57 107 34266 2374 23 		 
201212192110 충청북도 청원군 48388 35564 150 19278 15932 10 22 59 113 35414 1155 24 		 
201212192113 충청북도 청원군 50158 36798 153 20040 16391 11 22 61 120 36645 1234 25 		 
201212192116 충청북도 청원군 53364 39718 253 21451 17745 26 30 81 132 39465 2920 26 		 
201212192120 충청북도 청원군 55489 41329 261 22538 18247 26 30 84 143 41068 1611 27 		 
201212192125 충청북도 청원군 59171 44050 269 23889 19598 27 32 89 146 43781 2721 28 		 
201212192126 충청북도 청원군 61304 45635 277 24767 20285 27 35 92 152 45358 1585 29 		 
201212192129 충청북도 청원군 64497 48260 279 25732 21937 28 35 96 153 47981 2625 30 		 
201212192132 충청북도 청원군 66089 49473 286 26458 22411 28 35 97 158 49187 1213 31 		 
201212192135 충청북도 청원군 69235 51898 295 27690 23589 28 35 98 163 51603 2425 32 		 
201212192137 충청북도 청원군 72217 54072 304 28942 24490 29 35 100 172 53768 2174 33 		 
201212192145 충청북도 청원군 74193 55684 306 29505 25534 29 35 101 174 55378 1612 34 		 
201212192147 충청북도 청원군 77788 58394 315 30769 26958 32 38 103 179 58079 2710 35 		 
201212192149 충청북도 청원군 79894 59905 325 31538 27681 32 39 106 184 59580 1511 36 		 
201212192151 충청북도 청원군 82777 62257 329 32400 29162 32 41 109 184 61928 2352 37 		 
201212192152 충청북도 청원군 85626 64401 334 33236 30462 33 41 111 184 64067 2144 38 		 
201212192154 충청북도 청원군 86784 65316 337 33791 30807 33 43 114 191 64979 915 39 		 
201212192156 충청북도 청원군 89580 67659 340 34667 32268 33 43 115 193 67319 2343 40 		 
201212192158 충청북도 청원군 92655 69845 348 36013 33086 33 43 119 203 69497 2186 41 		 
201212192159 충청북도 청원군 93683 70601 352 36454 33391 34 43 120 207 70249 756 42 		 
201212192202 충청북도 청원군 96641 72707 355 37439 34503 34 44 121 211 72352 2106 43 		 
201212192203 충청북도 청원군 98933 74381 360 38370 35235 35 44 124 213 74021 1674 44 		 
201212192205 충청북도 청원군 101539 76577 361 39300 36492 36 44 128 216 76216 2196 45 		 
201212192207 충청북도 청원군 104302 78552 363 40434 37325 36 46 130 218 78189 1975 46 		 
201212192219 충청북도 청원군 107026 80359 370 41110 38447 36 46 130 220 79989 1807 47 		 
201212192221 충청북도 청원군 110354 82612 379 42283 39507 37 46 134 226 82233 2253 48 		 
201212192224 충청북도 청원군 112183 83990 383 43159 39996 38 47 135 232 83607 1378 49 		 
201212192225 충청북도 청원군 113555 84974 388 43761 40365 40 48 139 233 84586 984 50 		 
201212192227 충청북도 청원군 116574 87487 392 44689 41943 40 48 141 234 87095 2513 51 		 
201212192230 충청북도 청원군 118590 89008 402 45661 42461 40 49 145 250 88606 1521 52 		 
201212192232 충청북도 청원군 119613 89765 408 46141 42724 40 51 147 254 89357 757 53 		 
201212192233 충청북도 청원군 121564 91243 410 46968 43359 43 52 149 262 90833 1478 54 		 
