Time AreaA AreaB Total TotalA Invalid VoteA VoteB VoteC VoteD VoteE VoteF TotalB Diff Count
201212191945 충청남도 논산시 1759 1228 13 661 545 0 2 5 2 1215 1228 1 		 
201212191951 충청남도 논산시 4879 3522 19 1741 1748 0 2 6 6 3503 2294 2 		 
201212191955 충청남도 논산시 5186 3725 20 1833 1858 0 2 6 6 3705 203 3 		 
201212192001 충청남도 논산시 8368 5855 24 3068 2744 0 4 6 9 5831 2130 4 		 
201212192003 충청남도 논산시 9379 6582 25 3518 3016 1 4 7 11 6557 727 5 		 
201212192004 충청남도 논산시 10203 7207 26 3884 3266 1 4 9 17 7181 625 6 		 
201212192006 충청남도 논산시 11205 7968 27 4319 3583 2 4 10 23 7941 761 7 		 
201212192010 충청남도 논산시 12988 9179 34 4774 4327 2 5 12 25 9145 1211 8 		 
201212192014 충청남도 논산시 14319 10117 40 5322 4700 4 5 17 29 10077 938 9 		 
201212192016 충청남도 논산시 16061 11370 42 6018 5249 4 6 22 29 11328 1253 10 		 
201212192019 충청남도 논산시 17671 12378 47 6512 5753 4 6 24 32 12331 1008 11 		 
201212192024 충청남도 논산시 22286 15572 59 7934 7504 4 7 29 35 15513 3194 12 		 
201212192026 충청남도 논산시 24446 17124 61 8759 8224 4 7 32 37 17063 1552 13 		 
201212192029 충청남도 논산시 27048 18850 67 9558 9134 7 8 33 43 18783 1726 14 		 
201212192033 충청남도 논산시 28052 19590 72 10010 9412 7 8 34 47 19518 740 15 		 
201212192037 충청남도 논산시 29447 20601 81 10547 9866 9 8 35 55 20520 1011 16 		 
201212192040 충청남도 논산시 31378 22051 96 11412 10423 10 9 40 61 21955 1450 17 		 
201212192053 충청남도 논산시 35016 24666 100 12792 11640 11 12 45 66 24566 2615 18 		 
201212192057 충청남도 논산시 36515 25776 107 13461 12068 14 12 47 67 25669 1110 19 		 
201212192100 충청남도 논산시 37958 26801 114 14079 12458 14 12 53 71 26687 1025 20 		 
201212192108 충청남도 논산시 42386 29900 122 15685 13925 14 13 59 82 29778 3099 21 		 
201212192111 충청남도 논산시 44415 31392 133 16670 14411 15 13 62 88 31259 1492 22 		 
201212192123 충청남도 논산시 45855 32452 145 17380 14743 16 14 63 91 32307 1060 23 		 
201212192124 충청남도 논산시 47323 33490 151 17976 15171 17 15 64 96 33339 1038 24 		 
201212192125 충청남도 논산시 49720 35145 156 18968 15823 17 15 64 102 34989 1655 25 		 
201212192128 충청남도 논산시 50801 35936 159 19352 16223 17 15 65 105 35777 791 26 		 
201212192134 충청남도 논산시 52021 36785 164 19817 16592 17 15 68 112 36621 849 27 		 
201212192153 충청남도 논산시 53534 37879 173 20423 17062 17 15 71 118 37706 1094 28 		 
201212192156 충청남도 논산시 55294 39109 178 21186 17518 18 17 72 120 38931 1230 29 		 
201212192158 충청남도 논산시 56523 39968 181 21689 17863 20 17 74 124 39787 859 30 		 
201212192202 충청남도 논산시 59849 42313 191 22722 19161 20 17 76 126 42122 2345 31 		 
201212192206 충청남도 논산시 62458 44094 203 23631 20013 20 18 79 130 43891 1781 32 		 
201212192213 충청남도 논산시 64241 45310 218 24289 20550 20 18 81 134 45092 1216 33 		 
201212192215 충청남도 논산시 67869 47797 228 25667 21640 21 19 83 139 47569 2487 34 		 
201212192219 충청남도 논산시 69990 49266 245 26529 22214 23 22 89 144 49021 1469 35 		 
201212192221 충청남도 논산시 72142 50842 260 27250 23038 23 24 92 155 50582 1576 36 		 
201212192224 충청남도 논산시 74024 52223 281 28054 23572 27 28 96 165 51942 1381 37 		 
201212192226 충청남도 논산시 77670 54716 289 29388 24707 28 29 101 174 54427 2493 38 		 
201212192236 충청남도 논산시 79324 55894 300 30057 25191 29 29 105 183 55594 1178 39 		 
201212192237 충청남도 논산시 81899 57875 307 30961 26257 29 29 108 184 57568 1981 40 		 
201212192238 충청남도 논산시 82791 58537 310 31377 26494 31 29 110 186 58227 662 41 		 
201212192239 충청남도 논산시 83849 59338 313 31808 26855 31 30 111 190 59025 801 42 		 
201212192241 충청남도 논산시 85551 60593 320 32526 27376 33 30 111 197 60273 1255 43 		 
201212192242 충청남도 논산시 86603 61352 326 32984 27662 35 30 114 201 61026 759 44 		 
201212192245 충청남도 논산시 88251 62473 330 33600 28155 35 32 116 205 62143 1121 45 		 
201212192252 충청남도 논산시 91814 65180 337 34732 29717 35 32 120 207 64843 2707 46 		 
201212192253 충청남도 논산시 93755 66545 367 35434 30318 44 35 130 217 66178 1365 47 		 
201212192254 충청남도 논산시 96110 68273 373 36441 31019 45 35 136 224 67900 1728 48 		 
201212192256 충청남도 논산시 99323 71154 412 37687 32593 50 38 143 231 70742 2881 49 		 
201212192300 충청남도 논산시 103822 74521 419 39225 34402 51 41 147 236 74102 3367 50 		 
