Time AreaA AreaB Total TotalA Invalid VoteA VoteB VoteC VoteD VoteE VoteF TotalB Diff Count
201212191909 충청남도 보령시 198 146 0 60 85 0 0 0 1 146 146 1 		 
201212191935 충청남도 보령시 1270 922 2 577 335 2 1 2 3 920 776 2 		 
201212191941 충청남도 보령시 3117 2309 11 1566 709 5 3 5 10 2298 1387 3 		 
201212191944 충청남도 보령시 4026 2990 14 2026 923 5 3 7 12 2976 681 4 		 
201212191946 충청남도 보령시 5376 3986 19 2717 1214 6 5 8 17 3967 996 5 		 
201212191952 충청남도 보령시 6709 4956 24 3390 1497 8 7 10 20 4932 970 6 		 
201212192005 충청남도 보령시 9032 6599 31 4445 2073 9 7 13 21 6568 1643 7 		 
201212192009 충청남도 보령시 13001 9732 33 6151 3492 9 7 16 24 9699 3133 8 		 
201212192024 충청남도 보령시 17900 13259 47 8244 4903 9 8 18 30 13212 3527 9 		 
201212192026 충청남도 보령시 20132 14836 50 9321 5396 10 8 20 31 14786 1577 10 		 
201212192029 충청남도 보령시 23799 17609 54 10743 6733 11 10 25 33 17555 2773 11 		 
201212192045 충청남도 보령시 25093 18499 62 11295 7058 11 10 27 36 18437 890 12 		 
201212192047 충청남도 보령시 27351 20274 68 12212 7899 13 10 33 39 20206 1775 13 		 
201212192050 충청남도 보령시 30048 22143 74 13399 8568 13 12 34 43 22069 1869 14 		 
201212192054 충청남도 보령시 32283 23879 81 14414 9280 13 13 35 43 23798 1736 15 		 
201212192056 충청남도 보령시 34028 25115 87 15256 9664 13 13 35 47 25028 1236 16 		 
201212192101 충청남도 보령시 35148 25920 87 15855 9866 13 13 37 49 25833 805 17 		 
201212192103 충청남도 보령시 37290 27331 91 16779 10343 13 14 41 50 27240 1411 18 		 
201212192107 충청남도 보령시 39845 29163 100 17877 11055 14 14 44 59 29063 1832 19 		 
201212192109 충청남도 보령시 42137 30791 104 18954 11591 15 15 46 66 30687 1628 20 		 
201212192111 충청남도 보령시 44076 32194 109 19864 12076 16 16 46 67 32085 1403 21 		 
201212192114 충청남도 보령시 45766 33325 114 20587 12471 17 17 48 71 33211 1131 22 		 
201212192116 충청남도 보령시 46449 33810 115 20875 12664 17 17 49 73 33695 485 23 		 
201212192119 충청남도 보령시 47035 34262 120 21191 12790 17 17 49 78 34142 452 24 		 
201212192124 충청남도 보령시 51566 37676 126 22958 14420 17 19 55 81 37550 3414 25 		 
201212192125 충청남도 보령시 52172 38132 131 23274 14551 17 19 56 84 38001 456 26 		 
201212192126 충청남도 보령시 52707 38540 135 23568 14659 17 19 56 86 38405 408 27 		 
201212192128 충청남도 보령시 55324 40477 140 24725 15426 17 20 61 88 40337 1937 28 		 
201212192129 충청남도 보령시 55959 40946 146 24981 15625 17 21 63 93 40800 469 29 		 
201212192134 충청남도 보령시 57541 42092 156 25745 15987 17 21 65 101 41936 1146 30 		 
201212192136 충청남도 보령시 59062 43182 160 26418 16388 18 21 69 108 43022 1090 31 		 
201212192141 충청남도 보령시 60236 44025 167 26950 16680 18 23 71 116 43858 843 32 		 
201212192143 충청남도 보령시 62117 45488 177 27929 17142 19 23 72 126 45311 1463 33 		 
201212192145 충청남도 보령시 64075 46872 185 28795 17639 20 23 75 135 46687 1384 34 		 
201212192146 충청남도 보령시 66357 48488 189 29874 18167 20 23 76 139 48299 1616 35 		 
201212192147 충청남도 보령시 68176 49792 198 30736 18584 20 24 76 154 49594 1304 36 		 
201212192148 충청남도 보령시 69296 50604 206 31221 18891 20 24 78 164 50398 812 37 		 
201212192149 충청남도 보령시 71107 51911 217 32064 19334 20 24 80 172 51694 1307 38 		 
201212192150 충청남도 보령시 71764 52383 219 32385 19480 20 25 80 174 52164 472 39 		 
201212192151 충청남도 보령시 71932 52500 220 32479 19501 20 25 80 175 52280 117 40 		 
201212192152 충청남도 보령시 73210 53424 224 33102 19791 21 26 81 179 53200 924 41 		 
201212192157 충청남도 보령시 73363 53517 224 33170 19815 21 26 82 179 53293 93 42 		 
201212192159 충청남도 보령시 76163 55430 262 34297 20533 23 30 91 194 55168 1913 43 		 
201212192200 충청남도 보령시 76327 55533 262 34377 20555 23 30 91 195 55271 103 44 		 
201212192201 충청남도 보령시 76620 55721 264 34499 20619 23 30 91 195 55457 188 45 		 
201212192202 충청남도 보령시 77000 55941 265 34654 20681 23 30 92 196 55676 220 46 		 
201212192203 충청남도 보령시 77920 56533 274 35095 20815 24 31 92 202 56259 592 47 		 
201212192204 충청남도 보령시 78111 56686 276 35181 20878 26 31 92 202 56410 153 48 		 
201212192205 충청남도 보령시 78466 56872 277 35291 20952 27 31 92 202 56595 186 49 		 
201212192206 충청남도 보령시 80830 58571 287 36290 21626 29 31 94 214 58284 1699 50 		 
201212192207 충청남도 보령시 83134 60204 300 37421 22100 29 31 98 225 59904 1633 51 		 
201212192209 충청남도 보령시 86140 62879 342 38636 23493 33 34 108 233 62537 2675 52 		 
