Time AreaA AreaB Total TotalA Invalid VoteA VoteB VoteC VoteD VoteE VoteF TotalB Diff Count
201212191856 충청남도 계룡시 146 94 1 38 55 0 0 0 0 93 94 1 		 
201212191920 충청남도 계룡시 1079 791 2 442 342 0 0 3 2 789 697 2 		 
201212191945 충청남도 계룡시 4557 3423 5 1777 1630 0 2 6 3 3418 2632 3 		 
201212191948 충청남도 계룡시 7587 5720 14 3020 2667 0 2 13 4 5706 2297 4 		 
201212191958 충청남도 계룡시 10582 7967 18 4292 3629 0 5 16 7 7949 2247 5 		 
201212192000 충청남도 계룡시 13155 9998 22 5491 4453 0 5 17 10 9976 2031 6 		 
201212192004 충청남도 계룡시 15834 12110 24 6642 5402 0 10 21 11 12086 2112 7 		 
201212192006 충청남도 계룡시 16582 12682 24 7037 5577 0 10 22 12 12658 572 8 		 
201212192014 충청남도 계룡시 20307 15698 31 8672 6940 0 10 30 15 15667 3016 9 		 
201212192019 충청남도 계룡시 23168 17942 34 9878 7962 1 12 34 21 17908 2244 10 		 
201212192025 충청남도 계룡시 25526 19842 39 11016 8711 1 13 39 23 19803 1900 11 		 
201212192027 충청남도 계룡시 28173 22067 40 12580 9360 3 13 46 25 22027 2225 12 		 
201212192055 충청남도 계룡시 29932 23661 60 13572 9934 4 15 48 28 23601 1594 13 		 
