Time AreaA AreaB Total TotalA Invalid VoteA VoteB VoteC VoteD VoteE VoteF TotalB Diff Count
201212191843 충청남도 서천군 139 110 1 56 53 0 0 0 0 109 110 1 		 
201212191917 충청남도 서천군 1145 814 11 462 333 0 1 3 4 803 704 2 		 
201212191924 충청남도 서천군 2357 1691 22 1008 639 0 3 8 11 1669 877 3 		 
201212191928 충청남도 서천군 4105 2901 25 1642 1203 0 4 11 16 2876 1210 4 		 
201212191933 충청남도 서천군 4734 3371 34 1908 1392 3 4 12 18 3337 470 5 		 
201212191936 충청남도 서천군 5783 4119 41 2380 1650 3 4 14 27 4078 748 6 		 
201212191939 충청남도 서천군 7069 5056 48 2971 1978 3 5 16 35 5008 937 7 		 
201212191952 충청남도 서천군 9090 6531 60 3841 2556 3 6 17 48 6471 1475 8 		 
201212191954 충청남도 서천군 10010 7233 65 4224 2860 3 6 21 54 7168 702 9 		 
201212191957 충청남도 서천군 11814 8534 74 4925 3441 4 6 23 61 8460 1301 10 		 
201212192003 충청남도 서천군 13246 9582 77 5543 3864 4 6 24 64 9505 1048 11 		 
201212192005 충청남도 서천군 14881 10736 83 6230 4311 4 6 28 74 10653 1154 12 		 
201212192009 충청남도 서천군 15776 11405 88 6642 4554 4 7 30 80 11317 669 13 		 
201212192013 충청남도 서천군 18105 13053 97 7642 5183 5 9 33 84 12956 1648 14 		 
201212192015 충청남도 서천군 18678 13493 103 7932 5324 5 9 33 87 13390 440 15 		 
201212192023 충청남도 서천군 19726 14191 110 8312 5627 6 9 34 93 14081 698 16 		 
201212192025 충청남도 서천군 21226 15238 116 8911 6063 6 9 36 97 15122 1047 17 		 
201212192028 충청남도 서천군 23125 16596 121 9714 6606 7 10 38 100 16475 1358 18 		 
201212192031 충청남도 서천군 25079 17906 123 10511 7112 8 11 39 102 17783 1310 19 		 
201212192034 충청남도 서천군 26809 19183 133 11296 7582 8 12 43 109 19050 1277 20 		 
201212192037 충청남도 서천군 27317 19561 138 11499 7734 9 13 46 122 19423 378 21 		 
201212192041 충청남도 서천군 28900 20606 155 12107 8140 9 14 52 129 20451 1045 22 		 
201212192043 충청남도 서천군 30944 22098 165 12947 8767 10 14 56 139 21933 1492 23 		 
201212192046 충청남도 서천군 33047 23671 185 13964 9273 10 15 64 160 23486 1573 24 		 
201212192048 충청남도 서천군 35503 25344 194 14859 10033 11 18 66 163 25150 1673 25 		 
201212192050 충청남도 서천군 37100 26777 213 15464 10828 14 19 73 166 26564 1433 26 		 
201212192051 충청남도 서천군 39735 28642 227 16555 11576 17 19 74 174 28415 1865 27 		 
201212192057 충청남도 서천군 42521 30592 229 17678 12395 17 21 76 176 30363 1950 28 		 
201212192100 충청남도 서천군 45592 32769 246 18858 13361 17 24 80 183 32523 2177 29 		 
201212192102 충청남도 서천군 50228 36354 263 20671 15102 20 25 83 190 36091 3585 30 		 
