Time AreaA AreaB Total TotalA Invalid VoteA VoteB VoteC VoteD VoteE VoteF TotalB Diff Count
201212191926 충청남도 공주시 288 203 2 86 113 0 0 2 0 201 203 1 		 
201212192002 충청남도 공주시 1574 1083 5 603 468 0 1 3 3 1078 880 2 		 
201212192007 충청남도 공주시 2978 2120 7 1179 924 0 1 5 4 2113 1037 3 		 
201212192012 충청남도 공주시 4251 2967 8 1675 1273 0 1 6 4 2959 847 4 		 
201212192014 충청남도 공주시 5563 3919 9 2231 1663 1 2 8 5 3910 952 5 		 
201212192016 충청남도 공주시 6973 4975 10 2826 2119 2 2 9 7 4965 1056 6 		 
201212192018 충청남도 공주시 8658 6180 16 3539 2600 3 2 13 7 6164 1205 7 		 
201212192020 충청남도 공주시 10576 7593 23 4291 3251 3 3 13 9 7570 1413 8 		 
201212192033 충청남도 공주시 13617 9873 23 5481 4338 3 4 15 9 9850 2280 9 		 
201212192034 충청남도 공주시 16805 12277 29 6679 5530 3 4 18 14 12248 2404 10 		 
201212192037 충청남도 공주시 18844 13723 36 7420 6222 4 4 20 17 13687 1446 11 		 
201212192039 충청남도 공주시 22624 16728 42 8759 7873 6 4 24 20 16686 3005 12 		 
201212192046 충청남도 공주시 23839 17600 48 9270 8220 8 6 26 22 17552 872 13 		 
201212192050 충청남도 공주시 26263 19286 55 10188 8976 8 6 29 24 19231 1686 14 		 
201212192052 충청남도 공주시 29493 21815 63 11407 10269 9 7 32 28 21752 2529 15 		 
201212192100 충청남도 공주시 30392 22489 66 11816 10527 9 8 33 30 22423 674 16 		 
201212192105 충청남도 공주시 31888 23518 82 12483 10870 10 8 35 30 23436 1029 17 		 
201212192108 충청남도 공주시 34604 25536 89 13430 11927 10 8 37 35 25447 2018 18 		 
201212192111 충청남도 공주시 37654 27995 92 14675 13131 10 8 41 38 27903 2459 19 		 
201212192121 충청남도 공주시 40757 30102 96 15674 14232 10 8 43 39 30006 2107 20 		 
201212192131 충청남도 공주시 42513 31434 99 16426 14809 10 8 43 39 31335 1332 21 		 
201212192138 충청남도 공주시 45355 33585 104 17629 15749 10 8 45 40 33481 2151 22 		 
201212192144 충청남도 공주시 46499 34446 112 18131 16087 12 9 46 49 34334 861 23 		 
201212192146 충청남도 공주시 48718 36048 124 19249 16548 12 9 48 58 35924 1602 24 		 
201212192147 충청남도 공주시 50740 37441 144 20090 17063 14 10 51 69 37297 1393 25 		 
201212192149 충청남도 공주시 51789 38187 149 20520 17365 15 12 54 72 38038 746 26 		 
201212192204 충청남도 공주시 53882 39672 154 21509 17846 15 12 54 82 39518 1485 27 		 
201212192208 충청남도 공주시 54807 40348 157 21916 18106 15 12 54 88 40191 676 28 		 
201212192210 충청남도 공주시 56500 41624 164 22576 18707 17 12 57 91 41460 1276 29 		 
201212192212 충청남도 공주시 58034 42685 173 23251 19074 17 12 60 98 42512 1061 30 		 
201212192213 충청남도 공주시 59340 43646 174 23803 19475 18 12 60 104 43472 961 31 		 
201212192220 충청남도 공주시 60490 44474 181 24325 19770 18 12 60 108 44293 828 32 		 
201212192223 충청남도 공주시 62531 45922 193 25136 20385 18 13 62 115 45729 1448 33 		 
201212192226 충청남도 공주시 63617 46696 199 25640 20644 18 13 62 120 46497 774 34 		 
201212192228 충청남도 공주시 65417 48032 207 26480 21114 19 14 66 132 47825 1336 35 		 
201212192230 충청남도 공주시 67029 49222 213 27295 21477 20 14 68 135 49009 1190 36 		 
201212192232 충청남도 공주시 67914 49910 217 27666 21785 20 14 71 137 49693 688 37 		 
201212192235 충청남도 공주시 69020 50717 218 28197 22053 23 14 73 139 50499 807 38 		 
201212192237 충청남도 공주시 70519 51833 229 28850 22492 23 15 74 150 51604 1116 39 		 
201212192241 충청남도 공주시 71695 52632 236 29306 22824 23 16 75 152 52396 799 40 		 
201212192244 충청남도 공주시 73316 53816 242 30086 23219 23 16 75 155 53574 1184 41 		 
201212192246 충청남도 공주시 75211 55203 244 30994 23687 24 16 77 161 54959 1387 42 		 
201212192247 충청남도 공주시 75797 55620 246 31256 23837 24 16 78 163 55374 417 43 		 
201212192249 충청남도 공주시 78321 57357 253 32166 24650 24 17 80 167 57104 1737 44 		 
201212192254 충청남도 공주시 79532 58230 256 32691 24988 26 17 80 172 57974 873 45 		 
201212192255 충청남도 공주시 81388 59542 262 33473 25507 26 18 82 174 59280 1312 46 		 
201212192300 충청남도 공주시 82477 60319 269 33941 25801 27 19 83 179 60050 777 47 		 
201212192302 충청남도 공주시 84454 61705 271 34759 26351 28 19 86 191 61434 1386 48 		 
201212192304 충청남도 공주시 86149 62936 278 35514 26809 28 19 91 197 62658 1231 49 		 
201212192307 충청남도 공주시 88607 64710 304 36533 27517 32 21 97 206 64406 1774 50 		 
201212192308 충청남도 공주시 91300 66786 310 37740 28370 32 23 101 210 66476 2076 51 		 
201212192310 충청남도 공주시 94093 69361 353 38918 29699 38 30 106 217 69008 2575 52 		 
201212192319 충청남도 공주시 94093 69356 353 38916 29696 38 30 106 217 69003 -5 53 		 
201212192320 충청남도 공주시 96127 70778 358 39883 30141 39 30 109 218 70420 1422 54 		 
