Time AreaA AreaB Total TotalA Invalid VoteA VoteB VoteC VoteD VoteE VoteF TotalB Diff Count
201212191930 충청남도 태안군 2249 1580 3 1053 519 1 2 0 2 1577 1580 1 		 
201212191933 충청남도 태안군 3177 2258 6 1494 746 1 3 0 8 2252 678 2 		 
201212191941 충청남도 태안군 5049 3623 12 2399 1194 1 4 0 13 3611 1365 3 		 
201212191943 충청남도 태안군 8800 6279 21 3993 2232 3 7 2 21 6258 2656 4 		 
201212191949 충청남도 태안군 10126 7253 31 4600 2578 3 7 3 31 7222 974 5 		 
201212191950 충청남도 태안군 12998 9211 33 5902 3224 3 9 3 37 9178 1958 6 		 
201212191953 충청남도 태안군 15200 10698 41 6923 3671 4 10 5 44 10657 1487 7 		 
201212191955 충청남도 태안군 18183 12779 45 8145 4517 4 13 8 47 12734 2081 8 		 
201212192002 충청남도 태안군 19667 13858 56 8822 4898 5 13 9 55 13802 1079 9 		 
201212192021 충청남도 태안군 21345 15354 87 9479 5687 8 16 15 62 15267 1496 10 		 
201212192023 충청남도 태안군 21471 15434 88 9505 5740 8 16 15 62 15346 80 11 		 
201212192043 충청남도 태안군 24417 17547 104 10948 6372 11 16 20 76 17443 2113 12 		 
201212192045 충청남도 태안군 25465 18343 110 11517 6585 11 18 21 81 18233 796 13 		 
201212192053 충청남도 태안군 27004 19466 116 12217 6989 11 18 25 90 19350 1123 14 		 
201212192056 충청남도 태안군 29036 20984 126 13040 7659 11 20 31 97 20858 1518 15 		 
201212192059 충청남도 태안군 30196 21865 132 13647 7912 12 21 32 109 21733 881 16 		 
201212192101 충청남도 태안군 31204 22597 135 14075 8203 12 22 33 117 22462 732 17 		 
201212192106 충청남도 태안군 32030 23205 137 14443 8433 12 23 36 121 23068 608 18 		 
201212192109 충청남도 태안군 32894 23842 141 14857 8641 12 23 36 132 23701 637 19 		 
201212192112 충청남도 태안군 34981 25346 155 15881 9098 13 24 36 139 25191 1504 20 		 
201212192114 충청남도 태안군 35048 25404 156 15935 9101 13 24 36 139 25248 58 21 		 
201212192124 충청남도 태안군 36166 26214 162 16495 9336 14 24 37 146 26052 810 22 		 
201212192127 충청남도 태안군 40777 29597 169 18507 10685 15 27 44 150 29428 3383 23 		 
201212192130 충청남도 태안군 44171 31959 180 20077 11452 15 28 45 162 31779 2362 24 		 
201212192132 충청남도 태안군 45278 32741 184 20569 11735 16 29 46 162 32557 782 25 		 
201212192134 충청남도 태안군 47277 34074 191 21463 12158 18 29 46 169 33883 1333 26 		 
201212192135 충청남도 태안군 48811 35196 195 22158 12570 18 31 46 178 35001 1122 27 		 
201212192138 충청남도 태안군 50680 36527 206 23110 12928 19 31 48 185 36321 1331 28 		 
201212192155 충청남도 태안군 52880 38078 216 24128 13435 19 31 52 197 37862 1551 29 		 
