Time AreaA AreaB Total TotalA Invalid VoteA VoteB VoteC VoteD VoteE VoteF TotalB Diff Count
201212191925 충청남도 천안시동남구 1831 1086 1 686 397 0 0 1 1 1085 1086 1 		 
201212191937 충청남도 천안시동남구 4027 2635 4 1670 956 0 0 4 1 2631 1549 2 		 
201212191938 충청남도 천안시동남구 5704 3759 5 2422 1324 1 1 5 1 3754 1124 3 		 
201212191942 충청남도 천안시동남구 7869 5189 9 3297 1861 3 2 13 4 5180 1430 4 		 
201212191943 충청남도 천안시동남구 10119 6737 12 4214 2484 3 3 17 4 6725 1548 5 		 
201212191944 충청남도 천안시동남구 12714 8486 17 5265 3172 3 3 19 7 8469 1749 6 		 
201212191950 충청남도 천안시동남구 18146 12224 29 7394 4762 3 5 19 12 12195 3738 7 		 
201212191953 충청남도 천안시동남구 18983 12840 31 7813 4949 4 6 20 17 12809 616 8 		 
201212191954 충청남도 천안시동남구 21068 14333 37 8767 5475 4 6 24 20 14296 1493 9 		 
201212191955 충청남도 천안시동남구 22588 15418 44 9445 5868 4 7 25 25 15374 1085 10 		 
201212191956 충청남도 천안시동남구 25105 17217 47 10252 6854 4 7 25 28 17170 1799 11 		 
201212191957 충청남도 천안시동남구 25870 17768 50 10611 7034 5 7 25 36 17718 551 12 		 
201212191959 충청남도 천안시동남구 30828 21305 65 12820 8337 8 9 27 39 21240 3537 13 		 
201212192001 충청남도 천안시동남구 31837 22042 67 13292 8595 8 9 28 43 21975 737 14 		 
201212192002 충청남도 천안시동남구 34854 24383 70 14650 9564 9 9 33 48 24313 2341 15 		 
201212192003 충청남도 천안시동남구 41882 29949 78 17250 12503 11 15 41 51 29871 5566 16 		 
201212192004 충청남도 천안시동남구 44640 32126 81 18566 13355 11 16 45 52 32045 2177 17 		 
201212192005 충청남도 천안시동남구 48446 34951 87 20098 14630 12 16 54 54 34864 2825 18 		 
201212192008 충청남도 천안시동남구 51376 36659 88 20993 15431 12 18 59 58 36571 1708 19 		 
201212192012 충청남도 천안시동남구 56426 40659 95 22905 17506 12 18 63 60 40564 4000 20 		 
201212192013 충청남도 천안시동남구 62375 45151 103 25072 19808 12 19 73 64 45048 4492 21 		 
201212192017 충청남도 천안시동남구 65912 47714 109 26431 20999 12 20 77 66 47605 2563 22 		 
201212192019 충청남도 천안시동남구 68749 49825 115 27791 21733 12 21 78 75 49710 2111 23 		 
201212192025 충청남도 천안시동남구 72866 53204 119 29454 23441 12 21 82 75 53085 3379 24 		 
201212192040 충청남도 천안시동남구 77081 56581 128 31017 25235 15 23 87 76 56453 3377 25 		 
201212192041 충청남도 천안시동남구 80605 58870 135 32306 26224 15 23 87 80 58735 2289 26 		 
201212192042 충청남도 천안시동남구 88347 64603 144 35100 29140 16 26 93 84 64459 5733 27 		 
201212192044 충청남도 천안시동남구 94863 69496 154 37781 31329 20 27 95 90 69342 4893 28 		 
201212192045 충청남도 천안시동남구 96015 70371 156 38366 31612 20 27 96 94 70215 875 29 		 
201212192048 충청남도 천안시동남구 99819 72840 156 39642 32796 20 27 99 100 72684 2469 30 		 
201212192052 충청남도 천안시동남구 102041 74337 160 40585 33341 21 29 101 100 74177 1497 31 		 
201212192054 충청남도 천안시동남구 104215 75939 180 41671 33811 23 30 107 117 75759 1602 32 		 
201212192056 충청남도 천안시동남구 107729 78640 186 43137 35028 24 31 113 121 78454 2701 33 		 
201212192058 충청남도 천안시동남구 112535 81971 193 44581 36898 24 32 118 125 81778 3331 34 		 
201212192101 충청남도 천안시동남구 114554 83232 196 45349 37384 24 32 121 126 83036 1261 35 		 
201212192107 충청남도 천안시동남구 118400 86324 203 46685 39126 26 33 122 129 86121 3092 36 		 
201212192108 충청남도 천안시동남구 122475 89372 212 48239 40604 26 33 127 131 89160 3048 37 		 
201212192109 충청남도 천안시동남구 125435 91768 214 49300 41933 26 33 129 133 91554 2396 38 		 
201212192117 충청남도 천안시동남구 126935 92770 220 50000 42225 26 33 130 136 92550 1002 39 		 
201212192118 충청남도 천안시동남구 128510 93885 223 50585 42746 26 34 134 137 93662 1115 40 		 
201212192120 충청남도 천안시동남구 131694 95818 226 51493 43761 26 35 138 139 95592 1933 41 		 
201212192121 충청남도 천안시동남구 133352 97015 229 52050 44395 26 35 139 141 96786 1197 42 		 
201212192123 충청남도 천안시동남구 136334 99236 236 53253 45405 26 35 139 142 99000 2221 43 		 
201212192124 충청남도 천안시동남구 140332 101905 250 54782 46521 27 35 143 147 101655 2669 44 		 
201212192126 충청남도 천안시동남구 142430 103395 260 55734 47029 28 36 148 160 103135 1490 45 		 
201212192129 충청남도 천안시동남구 148834 108010 265 58424 48932 32 37 155 165 107745 4615 46 		 
201212192131 충청남도 천안시동남구 152011 110612 269 59619 50328 33 37 160 166 110343 2602 47 		 
201212192132 충청남도 천안시동남구 155683 113179 277 61182 51312 33 38 165 172 112902 2567 48 		 
201212192134 충청남도 천안시동남구 157119 114264 285 61875 51685 33 38 169 179 113979 1085 49 		 
201212192140 충청남도 천안시동남구 158669 115181 290 62406 52062 34 39 170 180 114891 917 50 		 
201212192141 충청남도 천안시동남구 161692 117179 294 63438 53019 34 39 172 183 116885 1998 51 		 
201212192144 충청남도 천안시동남구 165092 119661 300 64627 54303 34 39 175 183 119361 2482 52 		 
201212192149 충청남도 천안시동남구 170021 123266 310 66421 56084 36 40 184 191 122956 3605 53 		 
201212192154 충청남도 천안시동남구 174454 126459 316 68312 57368 37 41 190 195 126143 3193 54 		 
201212192155 충청남도 천안시동남구 177089 128194 322 69309 58091 38 42 192 200 127872 1735 55 		 
201212192157 충청남도 천안시동남구 180480 130427 328 70485 59138 38 42 195 201 130099 2233 56 		 
201212192158 충청남도 천안시동남구 182651 131877 336 71443 59608 38 43 200 209 131541 1450 57 		 
201212192200 충청남도 천안시동남구 185294 133801 341 72599 60361 38 43 202 217 133460 1924 58 		 
201212192201 충청남도 천안시동남구 189170 136479 350 74246 61368 39 44 204 228 136129 2678 59 		 
201212192209 충청남도 천안시동남구 189857 136947 351 74412 61669 39 44 204 228 136596 468 60 		 
201212192210 충청남도 천안시동남구 194643 140736 357 76309 63546 39 45 206 234 140379 3789 61 		 
201212192211 충청남도 천안시동남구 199108 144876 427 78289 65604 47 49 213 247 144449 4140 62 		 
