Time AreaA AreaB Total TotalA Invalid VoteA VoteB VoteC VoteD VoteE VoteF TotalB Diff Count
201212191906 충청북도 옥천군 141 88 1 43 44 0 0 0 0 87 88 1 		 
201212191958 충청북도 옥천군 1810 1358 5 834 510 0 1 2 6 1353 1270 2 		 
201212192009 충청북도 옥천군 3917 2962 15 1944 980 0 2 5 16 2947 1604 3 		 
201212192014 충청북도 옥천군 7396 5698 25 3519 2113 1 5 9 26 5673 2736 4 		 
201212192022 충청북도 옥천군 9021 6909 34 4292 2530 2 7 10 34 6875 1211 5 		 
201212192026 충청북도 옥천군 9383 7180 34 4467 2621 2 7 12 37 7146 271 6 		 
201212192029 충청북도 옥천군 10268 7859 37 4935 2824 2 7 12 42 7822 679 7 		 
201212192032 충청북도 옥천군 13301 10217 41 6371 3737 2 7 15 44 10176 2358 8 		 
201212192044 충청북도 옥천군 17260 13260 47 8292 4837 4 9 17 54 13213 3043 9 		 
201212192050 충청북도 옥천군 18255 13980 64 8737 5079 4 12 19 65 13916 720 10 		 
201212192052 충청북도 옥천군 19720 15067 69 9498 5396 5 13 20 66 14998 1087 11 		 
201212192056 충청북도 옥천군 21025 16073 83 10149 5719 5 16 24 77 15990 1006 12 		 
201212192100 충청북도 옥천군 21620 16527 89 10448 5856 5 17 25 87 16438 454 13 		 
201212192103 충청북도 옥천군 22112 16884 91 10712 5939 5 17 25 95 16793 357 14 		 
201212192107 충청북도 옥천군 24667 18874 98 11998 6630 5 18 25 100 18776 1990 15 		 
201212192110 충청북도 옥천군 26603 20355 110 13017 7063 6 18 30 111 20245 1481 16 		 
201212192113 충청북도 옥천군 27403 20988 114 13455 7245 6 18 31 119 20874 633 17 		 
201212192115 충청북도 옥천군 28715 21960 120 14127 7532 7 19 32 123 21840 972 18 		 
201212192120 충청북도 옥천군 32783 24948 127 15838 8794 7 20 35 127 24821 2988 19 		 
201212192125 충청북도 옥천군 35462 27017 131 17191 9497 8 21 39 130 26886 2069 20 		 
201212192130 충청북도 옥천군 37189 28554 194 17991 10120 14 32 52 151 28360 1537 21 		 
201212192134 충청북도 옥천군 38191 29314 201 18553 10301 14 32 55 158 29113 760 22 		 
201212192135 충청북도 옥천군 38746 29771 206 18875 10425 14 32 55 164 29565 457 23 		 
201212192137 충청북도 옥천군 39144 30077 207 19094 10505 16 32 56 167 29870 306 24 		 
201212192139 충청북도 옥천군 39764 30546 209 19420 10636 17 33 60 171 30337 469 25 		 
201212192141 충청북도 옥천군 40951 31421 214 20013 10907 18 34 61 174 31207 875 26 		 
201212192143 충청북도 옥천군 42857 32865 225 21046 11290 19 35 64 186 32640 1444 27 		 
201212192144 충청북도 옥천군 44412 34030 230 21799 11691 21 36 64 189 33800 1165 28 		 
